19 0.24367996718749999 1 0.22742384375000002 0.9116329406249999 0.1921313421875 0.7894585328125 0.1562696328125 0.768340296875 0.0446198703125 0.7403528046875001 0.10935718593749999 1 0.24367996718749999 1
21 1 0.44506641875 0.96901575 0.3207953796875 0.9689838078124999 0.32066876875 0.9194610140625 0.328721965625 0.9073160171874999 0.3575153953125 0.71123270625 0.4106986765625 0.6404887687499999 0.4176015640625 0.6202878578125001 0.4011670984375 0.49445263125 0.4325413453125 0.106330265625 0.5357524546875 0.08863715 0.548752290625 0.1027655609375 0.5795834703125 0.1295388984375 0.590085021875 0.3038563109375 0.598153490625 0.359506296875 1 0.406346625 1 0.37357593906250003 0.6129771109375 0.374592096875 0.60413530625 0.3927851421875 0.5995992703125 0.9233178109375 0.6219146640625001 0.931889953125 0.649836953125 0.92933325625 0.6977108671875001 0.950493271875 0.7954964453125 0.9570575484375 0.802448234375 0.9626219687500001 0.792472421875 0.9505666265625001 0.6795341234375 0.9556514937499999 0.6288827546875 0.978896803125 0.6252341593749999 0.9895012624999999 0.635472840625 1 0.6764872359375 1 0.44506641875
5 0.2971563171875 1 0.30462423125 0.982295025 0.35163923124999996 0.944807528125 0.3385595796875 0.853595734375 0.320886840625 0.834383815625 0.3158468015625 0.8141693218749999 0.31636710625000003 0.790421365625 0.32899980625 0.789418790625 0.3300200390625 0.7741346359375 0.3053727484375 0.5977754 0.1563166625 0.5941441328125 0.18406133125 0.6666697453125 0.2153544046875 0.7211337437500001 0.256256153125 0.762466475 0.3108149109375 0.7810701234375 0.2880613796875 0.806067221875 0.273386053125 1 0.2971563171875 1
3 0 0.321504740625 0.0800235046875 0.6369185765625 0.148231121875 0.6456778484375 0.1664241671875 0.6411418125 0.167440325 0.632300009375 0.15584008437500002 0.598691375 0.11390995156249999 0.5855275015625 0.09068501718750001 0.556964340625 0.09170525 0.5416801859375 0.11899889374999999 0.52843378125 0.1159748703125 0.5163050859375 0.0301841671875 0.346602165625 0.031708404687500004 0.3333394609375 0.14186653124999998 0.3230508484375 0.1762325296875 0.3123353296875 0.20755820468750003 0.31526052187500003 0.235335475 0.336247321875 0.24542777968750001 0.35734925781250004 0.259568415625 0.3688533828125 0.2696566453125 0.39639766875000004 0.2742089828125 0.38882130937500003 0.262608740625 0.35521267343749996 0.2686771640625 0.3472583109375 0.36671882031249997 0.32066666875 0.3778191328125 0.34581150312500003 0.3838590296875 0.3829535984375 0.27723300625 0.4009500046875 0.2878211640625 0.43695809218750004 0.3155862078125 0.477271946875 0.4975166578125 0.43191159062500006 0.50055290625 0.42471323437499997 0.47536493437500005 0.304313709375 0.470345271875 0.2518874578125 0.43506907031250003 0.10394364687499999 0.41638017187500004 0.09357353125 0.33958003593749997 0.0891037265625 0.31683872968750004 0.0947737703125 0 0.2569801625 0 0.321504740625
5 0.0645998390625 0.40713153281250003 0.12424548124999998 0.53088310625 0.2073400671875 0.5101652984375 0.31365654374999996 0.4824498734375 0.2455263546875 0.3512859265625 0.217757234375 0.3174144234375 0.0242265453125 0.32916614375000003 0.02421839375 0.342050846875 0.0645998390625 0.40713153281250003
5 0.521189575 1 0.47048658125 0.8272781703125001 0.525082015625 0.7879006578125 0.6386499890625 0.9785903781249999 0.6603792109375 0.9753197859375 0.5447992984375001 0.7701019171875 0.5963788609375 0.7057110062499999 0.5999313390625 0.6812070453125 0.5610333796875 0.667287165625 0.4311905734375 0.643835709375 0.3993690453125 0.6260043671875 0.38372047187499997 0.601993540625 0.37411994531250004 0.602240109375 0.3971737203125 0.9013820234375001 0.407757803125 0.9438324609375 0.44058733906249997 0.965706703125 0.47483727656249997 1 0.521189575 1
11 0.6145366484375 0 0.42598477343749996 0.0868846109375 0.4703248953125 0.2840992140625 0.6128248546874999 0.2678939890625 0.666326703125 0.35976295625 0.85694856875 0.33531703749999997 0.8612891875 0.3342348 0.80114615625 0 0.6145366484375 0
5 0.627789940625 0.3988940359375 0.6692603015625 0.36507028125 0.6273749953125 0.2810405453125 0.6137424375 0.26511551718750004 0.4742705765625 0.28700708750000004 0.5322403546875 0.42271722343749996 0.627789940625 0.3988940359375
5 0.7413417859375 0.7898059453124999 0.7509423125 0.789559378125 0.7499424546875 0.7726317765624999 0.7565067328125 0.7795835640625 0.79632304375 0.9392780703125 0.8119879187500001 0.937519490625 0.7736958453125 0.7645622796875 0.79293765 0.6996456296875 0.8040624140625001 0.6861363578125 0.860129109375 0.71724670625 0.9272553640625001 0.8379254015625 0.9383638265625001 0.85018553125 0.9449362546875 0.84425261875 0.8228042890625 0.61275590625 0.7945067140625001 0.6155170609375 0.770745175 0.6364712609375001 0.7429679046875 0.615484459375 0.7015377 0.6107843875000001 0.6853484453124999 0.6427332734375 0.67422775625 0.649800196875 0.6560469375 0.635009178125 0.6510109734375 0.6083523343749999 0.63484209375 0.6080894640625 0.610946071875 0.8416412546875 0.616490115625 0.8638771984375 0.6240746265625 0.8555448328124999 0.640320934375 0.7334030281249999 0.6726790671875 0.701717009375 0.6923882 0.6968029718750001 0.7297537703125 0.7368702578125 0.7413417859375 0.7898059453124999
9 0.8410851171875 0.3696001953125 0.8997996734375 0.3584500671875 0.9133680671875 0.35506708593749997 0.9180238109375001 0.1550300578125 0.9149997875 0.1429013609375 0.9089354390625 0.144413371875 0.8983065281249999 0.17282879843750001 0.8926483796875001 0.3309786890625 0.8087595859375 0.34974740312499997 0.8087555109375 0.3561897546875 0.8410851171875 0.3696001953125
2 0.8239916078125 0.3333353515625 0.821963365625 0.34457660625000003 0.8083185828125 0.34797863281249997 0.8047864796875001 0.3402708390625 0.782553253125 0.34151998125 0.7047288078125 0.35877668281249997 0.6329605609375 0.387406075 0.6279001453124999 0.3994033359375 0.6319321765625 0.4155749328125 0.70166403125 0.4110714984375 0.8376078640625 0.3750297828125 0.8300355796875 0.3640350953125 0.8143747796874999 0.3593513234375 0.8310558125 0.3487509390625 0.8239916078125 0.3333353515625
3 0.9233252125 0.6606950234375 0.9107128890625 0.6294858421875 0.8834355468749999 0.6169628421875 0.840993259375 0.614662221875 0.8334046734375 0.6294369390625 0.883878421875 0.715619559375 0.9076277359375 0.7139924140625 0.9212765953125001 0.7041480359375 0.9268450906249999 0.6877298734374999 0.9233252125 0.6606950234375
3 0.4550273390625 0.6038071359375 0.4514870859375 0.60898404375 0.46459933906249995 0.6486570265625 0.5747370890625 0.6705801703125001 0.6125825171875 0.690935421875 0.6184952546875 0.6894612109375 0.628291915625 0.6786985703124999 0.6333808578125 0.62160485 0.628840746875 0.6098541562500001 0.6167161250000001 0.606435828125 0.49090534999999996 0.5991559671875 0.4550273390625 0.6038071359375