7 0.152780996875 0.49384548125 0.154175734375 0.46496820000000005 0.177524046875 0.4629254875 0.1966240578125 0.4795532546875 0.2277551421875 0.4768296375 0.230726128125 0.469890646875 0.19929859375 0.11067228437500001 0.09629534375 0.1171266671875 0.0844427296875 0.1273130359375 0.1130077796875 0.49863224375000004 0.1168156515625 0.4990179796875 0.13938569375 0.49704335625 0.152780996875 0.49384548125
4 0.48713334374999995 0 0.07708012812500001 0.0358750078125 0.08103560625 0.10349591875 0.08692119375 0.114744509375 0.2052030265625 0.110931475 0.21655143125 0.2406443265625 0.2219830828125 0.246704403125 0.343069971875 0.241338903125 0.3559649734375 0.377713140625 0.39109846406250004 0.37463935937500004 0.386701646875 0.280654509375 0.3790003140625 0.2486518609375 0.6642062984375 0.2367701421875 0.670448803125 0.2296887078125 0.65566295 0.10550482187500002 0.6631702421875 0.090470390625 0.9628069281249999 0.064255578125 0.9577843218750001 0 0.48713334374999995 0
10 0.3443273703125 0.2624339203125 0.34253020625 0.24189223124999998 0.2176680546875 0.2489254796875 0.2211058296875 0.2882194234375 0.22981014375000003 0.37986682968749996 0.345059953125 0.3750120078125 0.351172509375 0.38885485468750003 0.3443273703125 0.2624339203125
13 0.3457091796875 0.42501093125 0.3526706296875 0.4115808421875 0.34957283281249996 0.3761728546875 0.2280926703125 0.38040464531249996 0.233231496875 0.472756109375 0.271615109375 0.474495503125 0.272568484375 0.47441209375 0.26181742343750003 0.4297363953125 0.3457091796875 0.42501093125
5 0.18288760937499998 0.46820728906250003 0.1554209421875 0.467996196875 0.186823975 0.793320115625 0.203929784375 0.7983588359375 0.22401910625000002 0.7926800765625 0.21218383749999997 0.7022215328125 0.21507033125000002 0.6679855124999999 0.2071420296875 0.6333886078125001 0.36850458124999996 0.640184128125 0.375994528125 0.7257946109375 0.279974678125 0.7263529156249999 0.23061852656249998 0.7672686171875001 0.228137459375 0.79493388125 0.30257623125 0.805413075 0.3223086359375 0.8180643406250001 0.33046390625 0.855255503125 0.3875699 0.8581017187500001 0.3935039984375 0.8811095796874999 0.4170792796875 0.8816611234374999 0.4215060390625 0.8538256328125 0.44172530937500004 0.8272225921875 0.44517834062499995 0.8778957171874999 0.448629440625 0.8840637171875001 0.4672156703125 0.8824376328125 0.46304274375 0.758828353125 0.46118665 0.7376130953125 0.40843891093750007 0.726877265625 0.385742103125 0.4674515625 0.361080490625 0.465688003125 0.354659528125 0.48193444999999996 0.182303725 0.4839430578125 0.18288760937499998 0.46820728906250003
15 1 0.67225088125 0.9167556593749999 0.6415597765625 0.8975256999999999 0.6458562953125 0.8626487609375 0.6841981734375 0.820912503125 0.7898000749999999 0.734943340625 0.9724670515625 0.7359291109375 0.9765633906250001 1 0.95346018125 1 0.67225088125
5 0.806446021875 0.813808521875 0.8052141609374999 0.777318696875 0.823584759375 0.7744044203125 0.8296002953125001 0.7647287296874999 0.8642314140625 0.6832398265624999 0.8636368265625001 0.6764436609375 0.8616565984375001 0.671737228125 0.7900713921875 0.6714648359375001 0.7918212796875 0.7811045359375 0.7993992515625 0.8251429031249999 0.80099471875 0.8250033171875 0.806446021875 0.813808521875
5 1 0.47816953125 0.9957500593749999 0.42959248906249997 0.9661898984375 0.4334646421875 0.9550996265625 0.41875022968750003 0.9395340843750001 0.42011203906250005 0.922263634375 0.637287425 0.9339863015625 0.6480253390625 0.9830288953125 0.6632098203125001 0.9833699796875001 0.6631799796875 1 0.4797559953125 1 0.47816953125
21 0.349411259375 0.599440575 0.36117385 0.59841148125 0.35999200625 0.584902934375 0.3579621109375 0.57514689375 0.20053945468749998 0.5797701921875 0.20190126406250003 0.595335734375 0.21099733281250002 0.5984611015625 0.349411259375 0.599440575
21 0.20610391875 0.5391676734375 0.35632760625 0.5376652015625 0.35741935156250004 0.5375696859375 0.355589978125 0.516659853125 0.3489503421875 0.5135996578124999 0.239083675 0.512755290625 0.19370034687499998 0.5206469890625 0.19678088124999998 0.5334480484374999 0.20610391875 0.5391676734375
21 0.048500257812499996 0.7658180437500001 0.032125628125 0.6234743578125 0.16574072812500001 0.623487959375 0.1619328828125 0.579964090625 0.153586778125 0.49913391875 0.001348184375 0.5372402968750001 0.023372412500000002 0.7889783718750001 0.0361051203125 0.7899720343750001 0.040191081249999996 0.789614559375 0.0464246171875 0.7869125515625 0.048500257812499996 0.7658180437500001
21 0.6282764249999999 0.475968109375 0.6220339218750001 0.483049540625 0.6208661531249999 0.514521078125 0.6046682156250001 0.519859384375 0.5875624078125 0.5148206640625 0.5850657578125 0.4862838359375 0.5713973984375 0.47571614999999995 0.38845376875 0.4799581296875 0.4024772796875 0.6290427968750001 0.7463780359375 0.638167090625 0.7518096875 0.6442271671875 0.7543063375 0.6727639953125 0.76014165 0.8291003203124999 0.777208703125 0.8710014421875 0.7780850828125 0.8709247687499999 0.79389933125 0.8339892484375 0.7843684375 0.56818345 0.8033714281250001 0.561292675 0.7993830234375 0.5381145875 0.7695011453125 0.4766831171875 0.6282764249999999 0.475968109375
5 0.256751065625 0.7415859953124999 0.252211703125 0.6897008546875 0.2564139640625 0.655937896875 0.2561278234375 0.6526672812500001 0.208580028125 0.6503852484375 0.21271396406249998 0.70884114375 0.2360622765625 0.70679843125 0.2437399578125 0.7514162484375 0.2461842328125 0.751202403125 0.256751065625 0.7415859953124999
5 0.05837090625 0.79124265625 0.058355325 0.7350405656250001 0.1135156265625 0.73805700625 0.11547690156249998 0.794088871875 0.12846435625 0.7968737875 0.136652553125 0.789622128125 0.13623154531249998 0.7399907921875 0.146819371875 0.737757421875 0.1658708734375 0.742625915625 0.170410234375 0.79451105625 0.1855118234375 0.795689584375 0.17280624375 0.6504641578125 0.12937399375 0.6504038125 0.058161284375 0.6880034859374999 0.0486442078125 0.6352467828125 0.038867234375 0.6243386421875 0.0503611671875 0.7893293046875 0.05837090625 0.79124265625
5 0 0.47911938750000005 0.006120471875 0.52909264375 0.026368999999999997 0.5273211265625 0.1084353109375 0.5063143515624999 0.1022026140625 0.43507430312500006 0.09850909062499999 0.4309534515625 0.0829435484375 0.43231526093749995 0.079960034375 0.443032740625 0.05077464375 0.44558613124999996 0.0483750140625 0.44056784374999997 0.0628542265625 0.43799401875 0.036246921875 0.43640068593750003 0 0.44426200156249995 0 0.47911938750000005
6 0.5238262687499999 0.385769971875 0.408576459375 0.39062479687499996 0.3921030453125 0.3816095765625 0.35450248906250004 0.3888203703125 0.355864296875 0.4043859125 0.3658682390625 0.417888309375 0.44243116093749996 0.41903226406250005 0.463152878125 0.40937700625 0.4680006453125 0.4311728515625 0.477096715625 0.4342982203125 0.9176012046875 0.42712844062500005 0.9480513859374999 0.41662205312499995 0.9623261953125001 0.42347692343750004 0.99185208125 0.42089374375000005 0.9875188640625 0.3713648421875 0.7889914421875 0.39132628281250004 0.754779825 0.3812488390625 0.5707498640625001 0.3842788046875 0.5498011796875 0.39133980468749996 0.5238262687499999 0.385769971875
18 0.5498416046875 0.329055 0.544409953125 0.322994921875 0.5425127703125 0.33492441875 0.5466311234375001 0.3371782234375 0.549354740625 0.36830930781250004 0.540939575 0.3729667109375 0.5362373375 0.3864486734375 0.46551149374999995 0.384794040625 0.455377603125 0.3922159265625 0.4586365953125 0.3958519734375 0.51940700625 0.3957634796875 0.5800566578125 0.392613965625 0.6313743046875 0.388124253125 0.631237825 0.3865642859375 0.6142920171874999 0.3822338890625 0.567368421875 0.38372505625 0.5625691640625 0.3736884796875 0.55347309375 0.3705631109375 0.5498416046875 0.329055
20 0.7671040453125 0.39101918593749996 0.79262501875 0.3914005046875 0.837375953125 0.38748530468750003 0.8667153234375 0.3894931421875 0.8907932953125 0.3873865921875 0.9087397265625 0.3852267140625 0.9083559109375001 0.38083967812499997 0.907193925 0.378762909375 0.8989572171875 0.3742553 0.8284583421875 0.3751949234375 0.7661961734375 0.3806421578125 0.76167239375 0.3849591078125 0.7671040453125 0.39101918593749996
15 0.29090578125 1 0.2996485625 0.968593878125 0.306102453125 0.907904609375 0.3239101875 0.8537375875000001 0.322690234375 0.83979345625 0.318701828125 0.81661536875 0.2801448890625 0.8016898640625 0.024737176562499998 0.7941035375000001 0.0238277671875 0.7941830999999999 0.028106115625 0.84308484375 0.0424620765625 1 0.29090578125 1
19 0.5142460390625 1 0.7302022515625 0.980462775 0.7587396656250001 0.9256837906250001 0.75934101875 0.9185512875 0.7584558625 0.9084339078125 0.37727128125 0.87932746875 0.3560956296875 0.8837942125 0.3421188640625 0.90331581875 0.3201652875 0.8764812531249999 0.3077287875 0.9024033890625001 0.30276665468749997 0.9577339171875 0.292502721875 1 0.5142460390625 1