5 0.1742497625 0.38153138593749997 0.1713739953125 0.39226389687499996 0.1116768515625 0.6965566625 0.0402384953125 0.8877052859375001 0.07042367656250001 0.8957933812500001 0.1181395484375 0.7629930984375 0.1302007234375 0.7594848015625 0.1696156 0.7821781296875 0.126414609375 0.9094480921875 0.14083319218749998 0.916007571875 0.147234646875 0.9109827562499999 0.1657005203125 0.86470606875 0.17897426249999998 0.864218709375 0.20895626875 0.88438450625 0.1651387125 0.924677040625 0.170479165625 0.9261080109375 0.1936572609375 0.9301617375 0.235300578125 0.895487490625 0.24277915 0.901535415625 0.23199502187499998 0.9417823249999999 0.24708761406250002 0.9458263734375001 0.31653557499999996 0.707772678125 0.3211376390625 0.69059754375 0.2444175140625 0.653939496875 0.3034657953125 0.373197946875 0.28717418125 0.36532777968749997 0.2843443234375 0.36456952187499997 0.2749640125 0.377693059375 0.22577764218750002 0.37260170625 0.212571625 0.36906316562499997 0.2121685171875 0.35547499375 0.18575648281249998 0.348397909375 0.1742497625 0.38153138593749997
4 0.182434490625 0.571817625 0.2365119234375 0.559684315625 0.24359062812499999 0.5144004953125 0.1968293890625 0.5153510171875 0.18153362343749999 0.5233846718749999 0.171359203125 0.568850009375 0.182434490625 0.571817625
4 0 0.60865891875 0.1331078484375 0.58054153125 0.1805625453125 0.350614125 0.2001700171875 0.349127853125 0.2145886 0.35568733125 0.215665715625 0.3667600703125 0.2401911765625 0.3733316484375 0.2725788671875 0.376784359375 0.2766437296875 0.3616140875 0.0320617671875 0.316215525 0 0.43893451250000004 0 0.60865891875
4 0.242193915625 0 0.2318981140625 0.0303628375 0.28013633437499996 0.0918168 0.2241454015625 0.078162090625 0.21774394687499998 0.08318690625 0.169889384375 0.261782565625 0.22440427187499998 0.280568634375 0.24066653906250002 0.2849260953125 0.2619993625 0.23119470937500003 0.32176344375 0.24586043124999998 0.38937824375 0 0.242193915625 0
6 0.3363251703125 0.35093082343750004 0.3440747703125 0.33936540000000004 0.34439175781250003 0.3381823859375 0.3153051984375 0.32373028593750003 0.04929828125 0.252453946875 0.039228798437500004 0.287769884375 0.0332132765625 0.3102201140625 0.0742063390625 0.321204171875 0.26800216093749996 0.35688801406250004 0.27581935625 0.342806434375 0.3363251703125 0.35093082343750004
20 0.08000034375000001 0.24389774218750002 0.0653785859375 0.2494159640625 0.071509140625 0.2604947515625 0.0733620296875 0.26112603437500004 0.2126855015625 0.298457646875 0.179717859375 0.28679316093749996 0.17675417031250001 0.2752149140625 0.14912957031250001 0.26511689375 0.11880893749999999 0.2650806 0.108298953125 0.25148033125 0.08000034375000001 0.24389774218750002
5 0.799365584375 1 0.8100384109375 0.9729207265625 0.9157157234375 0.66153688125 0.8768394046875001 0.644379925 0.8670001859375001 0.6660077984375 0.82428299375 0.6518657296875 0.5850944609375001 0.5635110703125 0.58617481875 0.5368402328124999 0.5559896375 0.5287521374999999 0.41937244375000005 0.9895635234375 0.45832190468749995 1 0.748776415625 1 0.750945096875 0.99348315 0.5974618453125 0.917309025 0.49882144687499996 0.8854863453125 0.4924199921875 0.8905111609375 0.469706896875 0.9639581406250001 0.5188417515625 0.7843575171875 0.542760928125 0.7894186265625 0.7866642749999999 0.8979088375 0.753845725 1 0.799365584375 1
21 0.826695003125 0.61456538125 0.8211030062500001 0.6090229625 0.8226541984375 0.5919143953125 0.6682260390625 0.5343593046875 0.6436328546875 0.531813628125 0.6222032921875 0.5665120703125 0.6233481328125 0.573558909375 0.8455575 0.657364015625 0.8644232390625 0.6624190750000001 0.8761490328124999 0.64129670625 0.9163056421875 0.6574487 0.9093623875000001 0.694680721875 0.8423711859375 0.8843249249999999 0.9022926359375001 0.9102887453124999 0.9073392234375 0.9116409750000001 0.975326028125 0.6579107640624999 0.9695360609374999 0.6474474625 0.861598240625 0.605045453125 0.8493338906250001 0.620631453125 0.826695003125 0.61456538125
21 0.53820133125 0.72719916875 0.543793328125 0.7327415875 0.796195203125 0.8381843109375 0.8050637187499999 0.840560621875 0.8130203828125 0.8108659484375 0.7934950890625 0.796952940625 0.5745203109375 0.7086224765625 0.54999485 0.7020508999999999 0.5435933953125 0.7070757125 0.53820133125 0.72719916875
21 0.574878865625 0.6525736890625 0.83295104375 0.7525934859375 0.8334513765624999 0.75272755 0.842483084375 0.7190207625 0.8322623703125 0.7107552640625 0.5880881234374999 0.6183686546875 0.5703672265625 0.620360434375 0.563627146875 0.645514753125 0.574878865625 0.6525736890625
21 0.354773340625 0.5892155421874999 0.2534044921875 0.9448903453125 0.27077765625 0.951365290625 0.27939049374999997 0.95367309375 0.3600202296875 0.6903746140625 0.3720814046875 0.68686631875 0.47678463437499996 0.7337936859374999 0.49383152499999994 0.7343173375000001 0.5276931640625 0.6139810140625 0.5358437281249999 0.58356269375 0.5038868843750001 0.549637459375 0.4936478 0.5199335875 0.338764421875 0.5523690578125 0.336152059375 0.562118525 0.3328761859375 0.5766081375 0.354773340625 0.5892155421874999
5 0.3150817859375 0.8852538296875 0.2968868140625 0.9154269125000001 0.301737078125 0.927510665625 0.29410393749999997 0.95599793125 0.31490284062499996 0.9615709796875 0.3753296671875 0.75850751875 0.38925592343750004 0.7442655031250001 0.39500745625 0.7228004859375 0.3661032140625 0.7061587125 0.34393191875 0.7473984875 0.3317997765625 0.7926762593750001 0.3405586375 0.7977192203125 0.3371885984375 0.81029638125 0.3150817859375 0.8852538296875
3 1 0.395391759375 0.9232151953125 0.6203424531249999 0.9760671046875 0.6502084625 0.977301246875 0.65053915 1 0.56582625 1 0.395391759375
5 0.69569906875 0.5440797109375 0.7147002578125 0.54108296875 0.8088935015625 0.5744100671875 0.8116349156249999 0.5851199421875 0.8194170390625001 0.58720515625 0.8242146234375 0.5879773828125 0.8286864062499999 0.5712884593750001 0.8413748484375001 0.5211046890625 0.8235862265625 0.5271223671875 0.7275064078125 0.4932897625 0.7264292921875 0.482217025 0.71315555 0.48270438281250005 0.69569906875 0.5440797109375