14 0.1715794703125 0.23314939375 0.1577357296875 0.2679669953125 0.16051320156249999 0.30176351874999996 0.1561605703125 0.31289427812500004 0.1684866609375 0.3584976265625 0.18776684999999999 0.36236237031249996 0.192661390625 0.376138165625 0.1750104 0.4049164421875 0.1701733703125 0.42663431718749995 0.1671415453125 0.54539958125 0.17547743437500002 0.6047125125 0.053807521875 0.6441650578125 0.037304803125 0.6740968359374999 0.0659402421875 0.8357472234375001 0.0762846390625 0.8356740374999999 0.090630571875 0.8336578484375 0.1538833328125 0.8089239515625 0.1475425453125 0.7427562296875 0.155702428125 0.7376647937499999 0.24660594218749998 0.7248891375000001 0.24884150625 0.73377910625 0.23977381250000002 0.753461803125 0.2485975703125 0.7601109828125 0.2458166265625 0.7683910968750001 0.277548346875 0.762616615625 0.2927233125 0.70920360625 0.3154517953125 0.674452215625 0.3144864734375 0.6535498078125 0.33201896875000003 0.5958608296875 0.32264109375 0.5291337828125 0.29419734062499997 0.424982440625 0.237390025 0.343554371875 0.24259295781249998 0.282338684375 0.2389686578125 0.256550453125 0.20832769999999998 0.2279847671875 0.1715794703125 0.23314939375
19 0.5012823281250001 1 0.8547580328125 0.9503222296875 0.88239569375 0.9277667171875 0.883547440625 0.88684358125 0.9148592203125 0.8429966078125 0.895358246875 0.5849528265624999 0.8882477171875 0.5343587734375 0.8807367671874999 0.52301693125 0.7459549187500001 0.51829145 0.7258854140625 0.5579286671875 0.3848709265625 0.671599109375 0.3892845421875 0.6538853812500001 0.3834856640625 0.6126242109375 0.3992025375 0.5841177562500001 0.4071864140625 0.514621953125 0.42435300781249996 0.49643078906250004 0.3808980890625 0.4749255078125 0.3469813703125 0.5914569625 0.35036520625 0.6015004312500001 0.33422491875000004 0.6340110343750001 0.3190534265625 0.6453474046875 0.31602854687500004 0.6799593953125 0.2933000640625 0.7147107874999999 0.2796967859375 0.76527315 0.244035846875 0.7781742453125 0.23454821093749997 0.7597844515625 0.24482516406250002 0.7346722859375 0.2390837953125 0.7289047859375 0.1775544703125 0.7401819265625 0.17356426875 0.7538915109375 0.161597134375 0.752943621875 0.152048515625 0.741136796875 0.148119296875 0.748263409375 0.1540976546875 0.811852309375 0.044944212500000004 0.8547580968749999 0.050785840625 0.8963234359375001 0.0658494578125 1 0.5012823281250001 1
19 0 0.534963409375 0.0357998296875 0.7896924296875001 0.05060663125 0.7951028890625 0.055889207812499994 0.7943604718749999 0.03799936875 0.707808171875 0.036793582812499996 0.671161003125 0.0501529265625 0.646930515625 0.0629668875 0.6398701124999999 0.15441578281249999 0.6099243734375001 0.1463778671875 0.6018498703125 0.104311684375 0.5972428515625 0.10207612031249999 0.5883528796874999 0.1435463578125 0.49048304375 0.14385540624999998 0.48075332968750006 0.142839121875 0.47352208906250004 0 0.4973694796875 0 0.534963409375
15 0.408466796875 0.5221340546875 0.40290143437500003 0.5807709203125 0.38706259374999996 0.6224433140625 0.38967015156249996 0.668557840625 0.39400042812499997 0.667949259375 0.6071285546875 0.5954596984375 0.6189196828125 0.5320032203125 0.61628261875 0.48536688593750005 0.6162322812500001 0.4850087171875 0.6059297156250001 0.47465925625 0.596259128125 0.47601836875 0.55624555625 0.5000502250000001 0.48081498125 0.5106513015624999 0.416748646875 0.50387668125 0.408466796875 0.5221340546875
15 0.621042840625 0.5887048625 0.629214490625 0.5875564109375 0.7237550953125 0.5554010734375 0.7545249671875001 0.4866475484375 0.75520474375 0.45218982343749997 0.7547863609375 0.449212865625 0.7330736703125 0.4252332265625 0.700071709375 0.4430201484375 0.6538898828125 0.507365284375 0.61327389375 0.58745598125 0.61336393125 0.588096634375 0.621042840625 0.5887048625
15 0.55979491875 0.4963299390625 0.578072125 0.485740478125 0.5786773328125 0.476012971875 0.5779283109375 0.4706834046875 0.5632055515625 0.4641620046875 0.4426873859375 0.4626914140625 0.42741877187500005 0.5000009171875 0.427474259375 0.500395734375 0.47304657031249997 0.508521625 0.55979491875 0.4963299390625
15 0.3803905125 0.4734189890625 0.38338374375 0.45612402812499997 0.382900503125 0.452685596875 0.3791237453125 0.44335478906250003 0.30731189375 0.44976562343750004 0.3022475140625 0.4504773765625 0.3327554953125 0.5695254703125 0.334930075 0.584998409375 0.323321896875 0.6287059796875 0.33319757031249997 0.6323145875 0.333797815625 0.6322302296875 0.3803905125 0.4734189890625
15 0.167792896875 0.46021798125 0.16595537656249998 0.4471433484375 0.1315560734375 0.5156837750000001 0.10495588281249998 0.5930554484375 0.169607175 0.603236484375 0.17530536562500001 0.6024356562500001 0.1679384 0.5500169625 0.167792896875 0.46021798125
21 0.7173119171875 0.411669840625 0.7175523796875 0.4274146015625 0.7345970046875 0.422389378125 0.7548425171875001 0.4471565296875 0.76033995 0.47925590625 0.9182702218750001 0.48730248749999994 0.9361408390625 0.726728790625 0.9400424671875 0.7347929140625 0.951012684375 0.73325115 0.9356772781249999 0.48485608437499994 0.997961325 0.4617576875 0.9901215078125001 0.40597449374999994 0.8939194859375 0.40525758125 0.878446546875 0.40743216093749995 0.8763904625000001 0.42086992187499994 0.8589834062499999 0.4233163234375 0.848709928125 0.406351853125 0.7173119171875 0.411669840625
4 0.725227725 0.2515226546875 0.8118395906250001 0.2432947890625 0.8232543984375 0.345566034375 0.849890665625 0.34353189375 0.8641855640625 0.3415228765625 0.8589832671875 0.2419286953125 0.9651518250000001 0.228305971875 0.9374825843749999 0.0314290921875 0.9348231859375 0.031802846875 0.8181402312499999 0.063585659375 0.7771613375 0.0667151078125 0.6307103296875 0.1122801671875 0.6401944921875 0.1727466 0.7129660906249999 0.1572597 0.725227725 0.2515226546875
7 0.7035600703125 0.3867960375 0.706341015625 0.3785159234375 0.73613861875 0.3730132640625 0.7198609859375 0.22315996875000002 0.7105803828125 0.1571250421875 0.660786390625 0.1666481875 0.6378784296875 0.17907185 0.65756466875 0.38931563125 0.6714929625 0.392271890625 0.697753990625 0.38858114375 0.7035600703125 0.3867960375
16 0.2919669546875 0.2435137890625 0.3147749546875 0.4170281578125 0.345138165625 0.442214190625 0.3853678046875 0.4365602828125 0.40102775 0.4713075421875 0.4419074140625 0.46556227968749997 0.493965540625 0.4570625953125 0.452695925 0.17464104062500002 0.32272601875 0.1592462 0.2933274359375 0.1633779015625 0.2873306296875 0.1768435421875 0.2919669546875 0.2435137890625