16 0.7773479859375 0.235317303125 0.7767650500000001 0.3174916796875 0.782165153125 0.3458938171875 0.7955457078125 0.33997709062500003 0.7962271656250001 0.3529800796875 0.7903758203125 0.3532867359375 0.7991316546875 0.3710820453125 0.8016973437500001 0.42003829687499994 0.8017293437499999 0.42003661875000003 0.8043038875 0.2757153765625 0.8029591437500001 0.250056146875 0.8014348234374999 0.2470936671875 0.787147190625 0.254361803125 0.7866020234375 0.2439594109375 0.79726134375 0.242096909375 0.79685246875 0.23429511718749998 0.7773479859375 0.235317303125
16 0.780185775 0 0.7782736406249999 0.1009049625 0.78521531875 0.12140308749999999 0.7844914937499999 0.1449106859375 0.7780056531249999 0.15176994531250002 0.7734232984375 0.13897139375 0.7579560046875 0.142389740625 0.76566846875 0.1589358609375 0.76494464375 0.182443459375 0.7527437499999999 0.1922099734375 0.52036781875 0.1991727984375 0.5128720906249999 0.00020387343750000002 0.512093815625 0.0002446609375 0.4973998921875 0.0034920906250000003 0.47452847968749995 0.985201153125 0.47617490625 0.9988055046875 0.49718652968750005 0.9977043328124999 0.5181198015625 0.9959553296875001 0.5201973484375 0.88632135 0.4993769125 0.8808931515625 0.4934786046875 0.861644215625 0.5378361171875 0.8123802078125 0.5017648140625 0.6838835999999999 0.52630289375 0.666951171875 0.529922015625 0.5494131796875 0.579999175 0.5533080984375001 0.5834911984375 0.5453018671875001 0.5879372609375 0.5554998203125 0.7588528875 0.5700121765625 0.7686051296875 0.5695010828125 0.7709174890625 0.5576450656249999 0.767514796875 0.5486963015625 0.581131875 0.53760229375 0.5208935984374999 0.526416675 0.5184311578125 0.3674735546875 0.52074351875 0.3556175375 0.5332169953125 0.3510522203125 0.53529454375 0.2414182390625 0.5378794874999999 0.23476341875 0.7776483375 0.21958992500000002 0.781958109375 0.2271872796875 0.79610945 0.21731854843749998 0.788942153125 0.21117481875 0.7764686765625 0.2157401375 0.7756932937500001 0.16362596406250002 0.7794578984375 0.16082092812499998 0.7849049640625 0.2087786578125 0.79978013125 0.175402328125 0.79855350625 0.1519969484375 0.7865782343750001 0.147409065625 0.8003207015625 0.1297385390625 0.80436708125 0.24426705937499998 0.80432011875 0.22471146718749999 0.8117130375 0.2165008 0.80788883125 0.045568246875 0.8055007 0 0.8048967250000001 0 0.8044380265625 0.003047346875 0.7939149984375 0.0075104453125 0.7868839921874999 0.0039673140624999995 0.7872681515625 0 0.780185775 0
2 0.5693890578125 0.86092559375 0.5965088296875 0.8431407359374999 0.596447778125 0.8177184656250001 0.5928671265625 0.7493955625 0.564333828125 0.6583735109375 0.5296346328125 0.6680152390625 0.502239028125 0.686401296875 0.5523299765624999 0.858494753125 0.5612076218750001 0.8613543640625 0.5693890578125 0.86092559375
2 0.604875953125 0.8777763406249999 0.6059033546875 0.8777876921875001 0.62659435 0.8767033218750001 0.6328167234375 0.869792678125 0.6296728265625 0.69784656875 0.6319851875 0.68599055 0.651205784375 0.6683557921875 0.6511818421875 0.66789896875 0.6247709265625 0.6602912296875 0.598418690625 0.679926475 0.5928868921875 0.7049899203125001 0.5954395796874999 0.8581912796875001 0.5960332046875 0.8695183265624999 0.604875953125 0.8777763406249999
2 0.665818159375 0.8856002000000001 0.67243983125 0.8757349203125001 0.6691596421875 0.7011882140625 0.687482625 0.67388976875 0.6873372484375 0.6711157984375 0.6640438921875 0.6666429843749999 0.6618961046875 0.6667555453125 0.6314196671875 0.6901273796875 0.631156275 0.79705854375 0.6334308656250001 0.87777929375 0.6426849031249999 0.8864214015625 0.649434396875 0.8864588359375001 0.665818159375 0.8856002000000001
2 0.6689680046875 0.7012634515625 0.6704340375 0.8785129734374999 0.678010209375 0.8924584953125001 0.6997269921875 0.8947756234375 0.7032540578125 0.894590778125 0.7101244609374999 0.8894715874999999 0.7108482859375 0.8659639890624999 0.7081132625000001 0.7018196750000001 0.726391121875 0.677392109375 0.6976326015625001 0.6697721875 0.6689680046875 0.7012634515625
2 0.7258931296875 0.9027921796875 0.746459525 0.901714340625 0.763616015625 0.86521955 0.76564200625 0.6799637984375 0.73116843125 0.6752511296875 0.7083551796875 0.7064357375 0.710366378125 0.89408765 0.7258931296875 0.9027921796875
2 0.7701687640625 0.37075820937500004 0.76847395 0.3384192203125 0.7307358484375001 0.3367238921875 0.7260641640625 0.3408803359375 0.7287568203125 0.5415352375 0.7600216125 0.5442646828125 0.7661078203125 0.5439457187500001 0.7701687640625 0.37075820937500004
2 0.7280075625 0.3723647421875 0.7274500921875 0.361727575 0.683715675 0.3575726859375 0.6844109203125 0.5387742125 0.7060170593749999 0.542401009375 0.7090036859375 0.5422444875 0.7289986484375001 0.5312219875 0.7280075625 0.3723647421875
2 0.6081650796875 0.4143388703125 0.605292984375 0.35953603125 0.567064778125 0.3578186859375 0.5687564296875001 0.520713809375 0.5734834421875 0.5305710703125001 0.6004917359374999 0.529155625 0.609988428125 0.5237684140625001 0.6081650796875 0.4143388703125
2 0.636551134375 0.3588732375 0.6095700921875 0.359046328125 0.6116706187500001 0.5297432468750001 0.63856001875 0.533419128125 0.6392484859375 0.533383046875 0.6381524421875 0.3894280203125 0.636551134375 0.3588732375
2 0.68352465625 0.5311930171875 0.682390878125 0.3677471078125 0.681939215625 0.359128846875 0.6401921296875 0.35744149531249997 0.6408564765625 0.5305896234375 0.6412792828125 0.5386572546874999 0.6688107640625 0.539656975 0.6705011265625 0.5395683874999999 0.68352465625 0.5311930171875
2 0.5668857234375 0.37306161875 0.566179375 0.3595836984375 0.5206291890625 0.358100884375 0.5223208421875001 0.520996009375 0.5257235359375 0.529944771875 0.55003599375 0.527366740625 0.56926789375 0.5211433578125 0.5668857234375 0.37306161875
2 0.75990843125 0.18440242812500002 0.76387695 0.161137671875 0.7637390359375 0.15850611406249998 0.7427490921875 0.1405137671875 0.6141557953125 0.149860796875 0.609620403125 0.1566178375 0.6143860125 0.191572578125 0.665267934375 0.18936232656250002 0.75990843125 0.18440242812500002
2 0.6153332484375 0.1406068046875 0.6115594515625 0.031279481250000005 0.58241284375 0.0059472625 0.55649269375 0.0073056796874999995 0.557050015625 0.18538514687500002 0.57906933125 0.1954444484375 0.5905986390625 0.19484022343750002 0.606356390625 0.193232071875 0.6082129125 0.15401866875 0.6153332484375 0.1406068046875
2 0.51382746875 0 0.5172592109374999 0.1949025546875 0.55384844375 0.195201575 0.5602727328125 0.1948648921875 0.5550839203125 0.132942215625 0.5581578765625 0.00500183125 0.5539801578125 0 0.51382746875 0
5 0.32913325000000004 1 0.3112791515625 0.9648107687499999 0.287757384375 0.8742510265625001 0.278455665625 0.7266188484375 0.2686912734375 0.689579115625 0.24967376406250003 0.6551105109375001 0.214364575 0.63818525625 0.0067983625 0.6428134531249999 0.0255177171875 1 0.32913325000000004 1