21 1 0.44303219531250004 0.9811511890625001 0.361389025 0.9730702750000001 0.36111651718750004 0.667872740625 0.3866761140625 0.4731152359375 0.42522502656250005 0.461756396875 0.4385380890625 0.30845726875 0.47606811562500007 0.237603634375 0.48173529843749996 0.213008753125 0.4724465390625 0.1500030140625 0.49126882812500006 0.0827794421875 0.491821678125 0.0375744921875 0.5043961953125 0 0.5049623078125001 0 0.5569678031249999 0.0268744078125 0.67337365625 1 0.4487099109375 1 0.44303219531250004
5 0 0.47945991093749996 0.0037550624999999997 0.47598938906250005 0.0374136203125 0.4801120671875 0.047182690625 0.47785669999999997 0.05633925937499999 0.4745400390625 0.049426046875000004 0.43764967656250003 0.0220140546875 0.360591025 0 0.36351255625 0 0.47945991093749996
3 0.320232615625 0.221450703125 0.319414440625 0.23874466249999998 0.3526753921875 0.2438945671875 0.44074466250000005 0.2363909765625 0.45492061250000004 0.29084780625 0.513594621875 0.2879925125 0.5442897624999999 0.4070558609375 0.5564601671875 0.40999233593750006 0.5646274984375 0.40810675781250005 0.601089178125 0.3960808140625 0.60284465 0.3828467296875 0.5413300265625 0.0677759328125 0.4447111953125 0.072977078125 0.3332304171875 0.2013448546875 0.320232615625 0.221450703125
5 0.45457565468750005 0.3588131859375 0.463482578125 0.425177134375 0.49226080312500003 0.42321032656249996 0.5211239671875 0.41654673906250006 0.547686153125 0.40787534062499997 0.5160537171875 0.2847521171875 0.5085579609375 0.2800682484375 0.45784835625 0.28963735 0.45257932968750003 0.3015444671875 0.45457565468750005 0.3588131859375
5 0.22869744062500003 1 0.123855825 0.7878242796875 0.1251426484375 0.7725602578124999 0.1660132546875 0.7481576 0.1717509296875 0.73828041875 0.1680017453125 0.72204091875 0.11962754687499999 0.6583743078125 0.098429709375 0.6568538125 0.027343056249999997 0.67540359375 0.092016484375 0.9555349874999999 0.10595158125 0.939489015625 0.10536381406249999 0.91610524375 0.116018375 0.8858497078124999 0.1246870578125 0.9095059875 0.1667332015625 0.9318708734375001 0.2028907734375 1 0.22869744062500003 1
5 1 0.7958961640625 0.9575873640625 0.794054975 0.92608449375 0.80346611875 0.7129488765625001 0.9360595609375 0.6962018921875 0.9399259078125001 0.6430220921875 0.8346060874999999 0.6045981765625 0.72374146875 0.5831621 0.6795133046874999 0.5833951171875 0.66663070625 0.6206356609375 0.64734238125 0.6264898453125001 0.631023903125 0.5839698296875 0.5510388125000001 0.409472865625 0.5870483421875 0.3808983921875 0.6021978156250001 0.3941396578125 0.6803899015625 0.40760871875 0.690109125 0.432320109375 0.6929565875 0.43817690468750004 0.704433240625 0.4387777296875 0.8667926796875 0.4475655328125 0.9118027921875 0.4515339625 1 0.46968813281250005 1 0.461598859375 0.6947495890625001 0.507388965625 0.677763709375 0.54591894375 0.6710064953125 0.5593880046875 0.68072571875 0.603668715625 0.8030669921875001 0.62018529375 0.8398783765625 0.6375200484375 0.8593958031250001 0.67336509375 0.9451981984375 0.6726634265625 0.9560508593750001 0.6482580687499999 0.97732038125 1 0.8961143578125 1 0.7958961640625
11 0.6050979546875 0 0.5916549375 0.014864809375 0.5439928515625 0.051526071875 0.5402462781249999 0.063081703125 0.601292253125 0.3761225625 0.60773420625 0.38318785625 0.6842090062499999 0.374084790625 0.6966242609375 0.3861854375 0.76513465625 0.3703685671875 0.8070616812500001 0.37137961875 0.8142052984375001 0.36759225156249997 0.8103396046875 0.35779405 0.8373916250000001 0.3429960640625 0.8350457734375001 0.30505124375000003 0.777524459375 0 0.6050979546875 0
9 0.23212826875 0.478856753125 0.30514147812500003 0.4760318265625 0.4652233453125 0.439074015625 0.448298346875 0.234379803125 0.27731232499999997 0.24392116718749998 0.2715746515625 0.25379834843750004 0.29384457343750003 0.44750335156250004 0.22837908437499999 0.46261725 0.23212826875 0.478856753125
2 0 0.529277484375 0.1057054171875 0.5008275671875 0.1423197375 0.5007933859375 0.15558412187499998 0.49773106250000004 0.168126 0.486416640625 0.1486836359375 0.4716620640625 0.15395266093749999 0.45975494531249994 0.121276865625 0.45019367812500005 0.1053506671875 0.4645611984375 0.0697490859375 0.47705673906249996 0.003110671875 0.4731982265625 0 0.4764980453125 0 0.529277484375
3 0.6201755765625 0.6732398359375 0.6308353609374999 0.69857456875 0.720900953125 0.7483396953125 0.724178878125 0.734754125 0.7102385578125 0.6952098296875 0.6837586375 0.5666207875 0.6834038875 0.5303544171875 0.592173203125 0.5450022796875 0.5803457171875 0.5562854046875 0.619352178125 0.634943528125 0.602607803125 0.666605009375 0.6201755765625 0.6732398359375
3 1 0.719967775 0.9315051828125 0.472808453125 0.705244809375 0.5207685109375 0.7000922921875 0.5262343296875 0.716375853125 0.5759283125 0.7567987046875 0.7718567843749999 0.767222859375 0.7822789796875 0.83071831875 0.8117189 0.8384910015625 0.8099244359375 1 0.7530702171875 1 0.719967775