19 0.20194278593749998 1 0.2020552984375 0.9860565250000001 0.1925849046875 0.886309975 0.1680749015625 0.761524534375 0.1341902328125 0.7373611046875 0.0254046015625 0.699749196875 0.07295965625 1 0.20194278593749998 1
21 1 0.47063735624999997 0.982849715625 0.3623547234375 0.9828289296875001 0.3622258109375 0.9327927031250001 0.3659321671875 0.9181844078125 0.393557521875 0.7182120249999999 0.42944863906249997 0.6471356640625 0.43015951875 0.62844398125 0.41202696562499996 0.50035315 0.43231455937499996 0.104712265625 0.5013058265625 0.0859534671875 0.5127141390625 0.0973410015625 0.54465936875 0.12309718750000001 0.5574544078125 0.29604805624999997 0.5806849374999999 0.3171758890625 1 0.363097009375 1 0.36421041718749997 0.601528615625 0.365993321875 0.5928090203124999 0.384512478125 0.5898758749999999 0.9110813953125 0.6583453203125 0.9171873312500001 0.68690846875 0.9104678765625 0.7343773765625 0.9230247968749999 0.8336350687499999 0.9289582062499999 0.8411325171874999 0.9353709015625 0.8316796375 0.933204653125 0.7181204109375 0.9426847296875 0.6681049609375 0.9661595796875 0.6664962125 0.9758313265625 0.677620171875 1 0.8242769078125001 1 0.47063735624999997
5 0.25029862812500003 1 0.25359405156250003 0.9818485296875 0.2633329140625 0.9634316265624999 0.3134362578125 0.9301844078125001 0.3083560109375 0.8381797359375 0.29242495 0.8175006437500001 0.28916589843749996 0.7969238046875 0.29175399375 0.7733115640625 0.304426003125 0.773413815625 0.30677445625 0.7582767421875001 0.2975916765625 0.580440453125 0.1494192796875 0.5638319093749999 0.1707373484375 0.6384996468749999 0.19716449062500002 0.6954837656249999 0.2343082109375 0.740224034375 0.2870379421875 0.763512 0.2621923546875 0.7864308765625 0.22711398906250002 1 0.25029862812500003 1
3 0.157175109375 0.6028120828125 0.148548196875 0.5683203109375 0.1079249265625 0.5515520781250001 0.0872778140625 0.5210734234375 0.0896262671875 0.5059363484375 0.11797055000000001 0.49511914843750005 0.11601511875 0.48277304374999996 0.0453414609375 0.3062387421875 0.04801581875 0.2931593515625 0.158651471875 0.2925108046875 0.19382061718750002 0.28483125625 0.22477213906250001 0.2904755296875 0.2506145890625 0.3138034171875 0.258829334375 0.33570465625 0.2719135109375 0.3483974421875 0.279562709375 0.3767161609375 0.284758046875 0.36956539374999997 0.2761311328125 0.335073621875 0.2828697328125 0.327678425 0.382855925 0.30973286718750004 0.39172248125000003 0.335749471875 0.394502246875 0.3732766421875 0.2867134765625 0.3819114984375 0.2941230328125 0.41870538125 0.31826883906250003 0.46128571249999994 0.503460403125 0.43195425 0.5071124765625 0.4250479125 0.49251386249999995 0.3029112671875 0.49208255 0.25024702187500003 0.4698347375 0.0997916578125 0.45212077187500005 0.087832159375 0.376002453125 0.0766857890625 0.35285350625 0.08035222187499999 0.012482478125 0.218633790625 0.0088304046875 0.2255401296875 0.0696884015625 0.599794196875 0.13687304843749998 0.614464821875 0.15539220468749998 0.6115316765625 0.157175109375 0.6028120828125
5 0.0743506875 0.3695373 0.1229837 0.49801642187499995 0.2075677625 0.48461962343750004 0.31589523124999996 0.46627575468750004 0.2594559890625 0.3296729890625 0.2347446359375 0.2935101390625 0.0409261578125 0.2883498296875 0.0397950625 0.3011847921875 0.0743506875 0.3695373
5 0.47754229375 1 0.442074715625 0.8234605140625 0.49989437499999995 0.7889911515625 0.596410484375 0.988853340625 0.618342071875 0.9874890203125 0.5210878906249999 0.7729786140625 0.5780832140625 0.7133281859375 0.5837578359375 0.6892270875000001 0.5462210921875 0.6719699968749999 0.41891630625 0.637291234375 0.38876997343749997 0.6167543156249999 0.375273628125 0.5914709953124999 0.36568814375 0.5908798859375 0.36258225624999996 0.8908927421874999 0.3694262640625 0.9341041078125001 0.4002244078125 0.9587563937500001 0.4347874671875 1 0.47754229375 1
11 0.6907993968749999 0 0.4622718015625 0.08200578750000001 0.4892548109375 0.28233442656249996 0.63262489375 0.2786105578125 0.6779162421875 0.374792928125 0.8699433375 0.3670538234375 0.8743617625000001 0.3663540140625 0.84101590625 0 0.6907993968749999 0
5 0.6361156265625 0.4104164015625 0.6803761140625 0.3803357375 0.64597386875 0.2929752140625 0.63378114375 0.27592263125 0.49293204062499996 0.2855751234375 0.5388533078125 0.42582124062500004 0.6361156265625 0.4104164015625
5 0.7151651546875 0.8097374687500001 0.7247506390625 0.81032858125 0.7252299234375 0.7933782500000001 0.7311633328125 0.8008757 0.7569098390625 0.963432740625 0.7726683750000001 0.963046134375 0.7495962265625 0.7874097046874999 0.7744226703125 0.724417115625 0.7866825125 0.7119288375 0.8398244109374999 0.7478073375000001 0.8961773890625 0.8738772515625 0.9061750406250001 0.8870588953125 0.9132395453125 0.881721384375 0.811748596875 0.6404610843749999 0.7833180515625 0.640745434375 0.757820653125 0.6595489437500001 0.7319782046875 0.636221053125 0.6911152921875 0.6279279875 0.6722031140625 0.6583443124999999 0.6605088203125 0.6644151109374999 0.64368630625 0.6480958140624999 0.640992803125 0.62110149375 0.6249083625 0.6194304140625 0.5807478921875 0.8500107937499999 0.5843328484375 0.8726453187500001 0.5926147109375 0.86500569375 0.6194445562500001 0.744744634375 0.6544411765625 0.7159993874999999 0.6745035953125 0.7128218125 0.708234884375 0.75599325625 0.7151651546875 0.8097374687500001
9 0.8511522781249999 0.3998239328125 0.9106152046875 0.39383354531250003 0.9244268124999999 0.39164600156249996 0.9464992156250001 0.1927759484375 0.9445437859375 0.18042984374999999 0.9383707328125 0.181407559375 0.9253057015625 0.208788484375 0.9058854109375 0.3658434265625 0.8206800390625 0.37722933125 0.8201144921875001 0.3836468109375 0.8511522781249999 0.3998239328125
2 0.837284503125 0.3622072890625 0.8342842390625 0.3732289953125 0.820394871875 0.3754288546875 0.8175479890625 0.3674425484375 0.7952904953125 0.3667491828125 0.7162581765625 0.377157371875 0.6422678140625 0.39942280625 0.6361810234374999 0.41093336875 0.6387882640625 0.42739484218749996 0.70864726875 0.4289860765625 0.8472150375 0.404929796875 0.8406298171875 0.3933169796875 0.8254368296875001 0.3872861015625 0.8429782703124999 0.378179903125 0.837284503125 0.3622072890625
3 0.9077088390625001 0.6969787546874999 0.8978645671875001 0.664789096875 0.8717824750000001 0.6499363734375 0.82970220625 0.64394541875 0.8208547953125 0.658002525 0.863625165625 0.748256271875 0.887425921875 0.74870520625 0.9018808375 0.740087865625 0.9088590796875 0.7242175046875 0.9077088390625001 0.6969787546874999
3 0.4461510859375 0.5994924921875 0.44217310625 0.604341146875 0.4517777359375 0.6450059718750001 0.55958565 0.676444828125 0.5955129890624999 0.70002106875 0.6015317109375 0.6990677953125 0.61222911875 0.6891999453125 0.6222747421875 0.6327670140625 0.6187760484375 0.6206653390625 0.6069954906249999 0.6162032890625 0.4822979453125 0.597985996875 0.4461510859375 0.5994924921875