15 0.16494351875 0.8569119671875001 0.13963005781249999 0.8920937109375 0.10251998124999999 0.9657733281249999 0.1028095125 0.97517636875 0.5179949406250001 0.9969353156249999 0.5303496187500001 0.9751562265624999 0.55380655625 0.9007610796875 0.654019184375 0.69593399375 0.65491455625 0.6788492953125 0.6281252296875001 0.6582244796875 0.471774415625 0.6187375953124999 0.32975819687499996 0.5669632515624999 0.30984483906250004 0.5737428578125 0.2939217078125 0.5976818984375 0.24138670312500002 0.7044537546874999 0.21176347031249998 0.7472328546875 0.16494351875 0.8569119671875001
19 0 0.96978835 0.0959676828125 0.9748178031249999 0.2879777921875 0.604739453125 0.288249353125 0.5995577390625 0.28661691875 0.5933874593749999 0.19848942812499998 0.5209676390625 0.1589307 0.5853918375 0.003685009375 0.898007834375 0 0.9010682078125001 0 0.96978835
15 0 0.8998707781249999 0.010988000000000001 0.8827441265625 0.19203776875 0.524651884375 0.194019784375 0.48683277187499996 0.1170258375 0.482797690625 0.0026778078125 0.44420820625 0 0.495303821875 0 0.8998707781249999
19 0.07732963281250001 0.3735391640625 0.045126051562500005 0.35359726406249997 0.014753584375 0.3509624140625 0.007149575 0.3505639046875 0.0032973296875000004 0.4426760296875 0.060720446875 0.46654737187500006 0.1388879796875 0.4795102765625 0.1437362453125 0.4797643640625 0.1539330890625 0.47925566093749994 0.15733418593749998 0.470311096875 0.1573344875 0.4703053296875 0.07732963281250001 0.3735391640625
19 0.781230575 1 0.8558016125 0.904136009375 0.92047139375 0.8363814968750001 0.9205090031250001 0.8356638703125 0.7089396484375 0.758229053125 0.6756457359375 0.759091934375 0.6608598984375 0.7426705984375 0.635776653125 0.7361405609375 0.5492616828125 0.9128444671875 0.523445421875 0.994939190625 0.603956234375 1 0.781230575 1
5 0.6494483046874999 0.4556774453125 0.628129665625 0.45195244062500006 0.619449371875 0.654901284375 0.6310157703125 0.6581151937499999 0.6352362125 0.6335628421874999 0.649161934375 0.629077178125 0.6482124890625001 0.5912151828125001 0.7715419734375 0.6263637531249999 0.77371804375 0.6408203671875 0.768858509375 0.71488629375 0.7545708765625 0.7076181609375001 0.7557081718750001 0.6672577859375 0.7497629015625 0.7060623140625 0.6858069812500001 0.6948873046874999 0.6496085796875 0.7138521515625 0.6399456671875 0.730296053125 0.67682093125 0.7543943984375 0.70231305 0.7531226421875 0.7981999671875 0.7894407484375 0.8285000625000001 0.789724840625 0.8463266796875001 0.7854436109375 0.8576954953125 0.7504437687500001 0.8577549921875001 0.749308509375 0.8459224015625001 0.737179225 0.8027869171875001 0.7205760171875 0.8133752921875 0.48121880624999996 0.789062834375 0.478640775 0.784616771875 0.488838728125 0.7301405109375 0.48337600781249995 0.6546181921875001 0.46898708906250003 0.6494483046874999 0.4556774453125
21 0.777327109375 0.582218003125 0.7751708765624999 0.5692488390625 0.6668998125 0.545320409375 0.6501165640625 0.548352446875 0.654106790625 0.5655118796874999 0.7668262796875001 0.5890866984375001 0.776939359375 0.589616703125 0.777327109375 0.582218003125
21 0.7835857578125001 0.522506275 0.7778411562499999 0.5164309296875 0.6535623734375 0.49566412968750007 0.6525896171875 0.5142254265624999 0.658454934375 0.517997384375 0.7810998703124999 0.5413307734374999 0.7814295828125 0.541348053125 0.7831652 0.530530975 0.7835857578125001 0.522506275
21 0.5267765875 0.5581868515624999 0.6178608578125 0.579785790625 0.621431984375 0.5116446546875 0.622672696875 0.482372596875 0.49611917656250004 0.49008278125000004 0.5003819859374999 0.50204101875 0.5109050140625 0.5065041171875 0.5032303203125 0.6156270046875 0.5108027671875 0.619479115625 0.514994240625 0.61969878125 0.5267765875 0.5581868515624999
21 0.8072624359375 0.627714234375 0.9801152421875001 0.6722383375 0.990067565625 0.672759915625 0.9975126 0.5307002 0.8148478015625 0.5016363515625 0.8072624359375 0.627714234375
4 1 0.048384884375 0.9109513249999999 0.057071254687499996 0.8726238171875 0.0420238921875 0.652401815625 0.0643831734375 0.6420998124999999 0.13034065156250002 0.645953746875 0.15010068125 0.748829303125 0.1463650671875 0.7392934906249999 0.27234073125 0.859177915625 0.2799274765625 0.8463757015625 0.41225130625000006 0.8775669140625 0.4180855640625 0.885264953125 0.4184890015625 0.9045364296875 0.2914317078125 1 0.295264534375 1 0.048384884375
7 0.628324940625 0.44915935156250003 0.6535444765625 0.45308879375 0.6540426796875 0.46224199375 0.6626152609375 0.466602875 0.718134890625 0.47081640625 0.744701853125 0.15981326406250002 0.7454771124999999 0.1450204375 0.65583745 0.148103325 0.640595775 0.159039375 0.6225721156249999 0.35367533125 0.6221116828125 0.437098896875 0.6153062968749999 0.45499642656250006 0.6143556640625001 0.473135596875 0.62439350625 0.4736616578125 0.628324940625 0.44915935156250003
16 0.18286145781250002 0.042932107812499995 0.1756726171875 0.0905377796875 0.16237056249999998 0.34435612031249996 0.15056843125 0.45013340937499996 0.163194228125 0.47791559843750003 0.201658028125 0.4903623640625 0.2905984703125 0.495023534375 0.2760100765625 0.5046899515625001 0.28428189531250003 0.5259853828125001 0.301445840625 0.5268849078125 0.3240481859375 0.5627523937500001 0.3639589484375 0.564844028125 0.3687932234375 0.5554487421875 0.3887315984375 0.3541330078125 0.404827271875 0.1067196515625 0.39143824375 0.0935008078125 0.25619831406250004 0.046775528125 0.242700253125 0.0356371625 0.19755888593749998 0.031185212499999997 0.18286145781250002 0.042932107812499995