4 1 0.0853923640625 0.7111317609375 0.0906602046875 0.7014317171875 0.1231576328125 0.69051376875 0.21208689375 0.6958584609375 0.221027878125 0.733618134375 0.235470625 1 0.2540035921875 1 0.0853923640625
19 0.9499659484375 1 0.9780678296875 0.7199264750000001 0.8444397484374999 0.6011411515625 0.7459876953125 0.5363283937500001 0.66934994375 0.503135734375 0.5687793484375 0.4883757203125 0.3861268109375 0.4922210640625 0.2430647890625 0.537934096875 0.068112021875 0.6180018390625001 0.0321536234375 0.61631726875 0 0.6055408375 0 0.9502020218749999 0.473796109375 1 0.9499659484375 1
4 0.9790430906250001 0.6807513125 0.9819285093750001 0.6532983921875 0.9834299906249999 0.6239979265625 0.8404379015625001 0.5943051890625 0.8453470578125 0.607390015625 0.93020759375 0.6756184953125 0.9790430906250001 0.6807513125
4 0.659257075 0.4646302203125 0.6526649124999999 0.4974542984375 0.7492861234375 0.5348421125 0.7541952796875 0.5479269390625 0.8144191328125 0.583322196875 0.8302304734374999 0.5849840359375 0.8263889765625001 0.5785577015625 0.831862734375 0.54142645625 0.8143042875000001 0.52910694375 0.8182241046875 0.49181237187500004 0.6936615328125 0.466151465625 0.659257075 0.4646302203125
11 1 0.3282766390625 0.8465343624999999 0.31214675000000003 0.8099306328125 0.5408233328125001 0.9571490078125 0.5751498875000001 0.9627114671875001 0.5820189515624999 0.9578614453125001 0.598267665625 0.87861048125 0.5899380546875 0.8695341734375001 0.6015529484375 0.975696290625 0.623839709375 0.9895846390624999 0.6252994328125 0.9913948328125001 0.60807659375 0.9776271359375001 0.6045347421875 0.97759756875 0.5898679703124999 0.9815765203125 0.5819069406249999 0.9937902765625 0.5852854671875 1 0.5262038953125 1 0.3282766390625
15 0.2541305734375 0.5223386875 0.20285053749999998 0.5169489390625001 0.160864578125 0.4978723734375 0.1068577484375 0.4885301109375 0.0984405796875 0.48764543125 0.0907194890625 0.4925946375 0.0932332015625 0.5284705890625 0.11540250781250001 0.5994056703124999 0.11653911875 0.5995251328125 0.270352846875 0.532422953125 0.2541305734375 0.5223386875
19 0.18698870781250002 0.45859102656250006 0.193075403125 0.5053165609375 0.20705324531249997 0.5179143625 0.2180926984375 0.51907465625 0.23571466562499999 0.5181773625 0.2465331140625 0.489987103125 0.245820678125 0.46686932499999995 0.2329240515625 0.4550397890625 0.2111688859375 0.4527532296875 0.18698870781250002 0.45859102656250006
15 0.0123503953125 0.37123803125 0.0036101234375 0.4394480859375 0.011933628125 0.494787953125 0.047080090625 0.534093746875 0.0878885109375 0.5195296046875 0.08894778125 0.49450323125000006 0.09426290625 0.488777446875 0.1941801984375 0.5097532218749999 0.1823832078125 0.3828247734375 0.1672793390625 0.37704767499999997 0.1266886859375 0.389539896875 0.07786322968750001 0.3906925609375 0.0123503953125 0.37123803125
15 0 0.606380578125 0.0575567234375 0.618463540625 0.068026390625 0.6195639468749999 0.08603560625 0.6118992265625 0.0739804828125 0.5771152374999999 0 0.4799494578125 0 0.606380578125
15 0.11224609062499999 0.601692428125 0.11243429062500002 0.5849537375 0.0867610640625 0.5178399984375 0.0854878359375 0.5177061765625 0.043972209375 0.5337670953125 0.0431011390625 0.542054778125 0.0760403578125 0.5874130078124999 0.083007675 0.6085696890625 0.0846393109375 0.60874118125 0.11224609062499999 0.601692428125
19 0 0.48195508125000003 0.0119118328125 0.49269085312499994 0.013705335937499999 0.49287935781250003 0.01399981875 0.4900775515625 0.00439953125 0.43193736875 0 0.473796109375 0 0.48195508125000003