19 0.22746008125 1 0.44020349843749995 0.891908940625 0.4567988703125 0.8746525937499999 0.46656307343750003 0.7513200296875 0.4622386484375 0.67225611875 0.45079886093750005 0.6580633828125 0.2786270140625 0.60779146875 0.2579633515625 0.59809004375 0.2350110671875 0.56762250625 0.20632154218749998 0.5519475421875 0.10779859375 0.5512188328125001 0.0019041468749999998 0.5632551609374999 0.0171556125 1 0.22746008125 1
21 1 0.49127247343749997 0.998027690625 0.43479290312499996 0.965162471875 0.433855978125 0.961385009375 0.4152264609375 0.9488199171874999 0.4135806421875 0.7336170984375 0.4294341015625 0.6023016375 0.42985053124999995 0.54964524375 0.44419695312499996 0.551933865625 0.464963065625 0.5744499046875 0.4829382171875 0.6829238015625 0.49999625625000005 0.6843812640625 0.6312753640625 0.64723705 0.9935996890625001 0.66984135625 0.9928103281249999 0.67509795 0.9922359015625 0.74894506875 0.5101983625 0.7644151359375 0.5054889296875 1 0.5345448078125 1 0.49127247343749997
11 0.71208549375 0.394878034375 0.7112130062500001 0.3698932640625 0.6931981828125 0.30173044843749997 0.7103752140624999 0.30113061406249997 0.7951350578125 0.31067835312500003 0.8265874609375 0.40547176093750004 0.912793403125 0.41053922031249995 0.9390566765624999 0.4096220875 0.94221473125 0.40351857031250005 0.9486657781250001 0.0509953515625 0.9374441125 0.04304880625 0.580033009375 0.1055603546875 0.5760853874999999 0.39545805624999997 0.71208549375 0.394878034375
5 0.4619957828125 0.9787012734375 0.46413898906249995 0.99530325625 0.4807343609375 0.9780469078125 0.5185337234375 0.85165073125 0.5349836812500001 0.8302302546875 0.5341839 0.807327546875 0.5665748640625 0.74991214375 0.565193425 0.7103529234375 0.5735448125 0.680876840625 0.556295075 0.6793946125 0.5444570546875 0.698569434375 0.48287424999999995 0.90501106875 0.4619957828125 0.9787012734375
5 0.7451476328125 0.42733770781249997 0.8332653531249999 0.41761589531250004 0.8082045578124999 0.32676849531249996 0.796546646875 0.30632956718750004 0.6914866765625 0.2974907234375 0.722290171875 0.4281359078125 0.7451476328125 0.42733770781249997
5 0.7582123609375 0.820350334375 0.7920987984375001 0.9400739796875 0.8019770390625001 0.954321246875 0.8080778171875 0.949938996875 0.7498196453125 0.71432865 0.8017489671875 0.6791615859375 0.8173644484375 0.67861628125 0.827606225 0.70327386875 0.8368300984375001 0.698782559375 0.8326163937500001 0.66766065625 0.8523348609375001 0.6502952468750001 0.8621403937500001 0.6624604484375001 0.8631236015624999 0.735387228125 0.877800521875 0.8870507328125001 0.8827759953125 0.8952153984375 0.8905110281249999 0.89286068125 0.8780086921875 0.6243834578125 0.8840367640625001 0.61791914375 0.9125081671874999 0.6273479171874999 0.9807519812500001 0.8355097140625001 0.9858001625 0.84575644375 0.9967309999999999 0.8453747312500001 0.988957953125 0.8018695046875 0.9358586828125001 0.62444789375 0.9402524968750001 0.6159560468749999 0.9851738578125 0.6039643421875 0.989422259375 0.591308365625 0.88134659375 0.5408827671875 0.8569781765625001 0.5146338890625 0.753407046875 0.50365845 0.74730626875 0.5080407015625 0.745491903125 0.54562691875 0.7604910312500001 0.572202978125 0.783007071875 0.5901781296874999 0.76938938125 0.6031612890625 0.7652863953125 0.6199813953125 0.7308596281249999 0.6190990000000001 0.7019239203125001 0.820231365625 0.707155528125 0.88050216875 0.731381846875 0.992224740625 0.750120425 0.991570375 0.7295608484375 0.8505353109374999 0.7357310171875 0.758597303125 0.741578978125 0.7917467390625 0.7582123609375 0.820350334375
5 0.6141450640625 0.6794590484375 0.6328836421874999 0.6788046828125001 0.675699809375 0.6960709390625001 0.6879707546875 0.59975068125 0.635567178125 0.576565415625 0.6158106984375 0.5480708812499999 0.596670571875 0.49245498281250005 0.56485795 0.476889078125 0.5517839062500001 0.46066880781249997 0.5542526375 0.44182116875000005 0.575968896875 0.43689361406250005 0.575459946875 0.42231916406250003 0.5270106234374999 0.28851184218750003 0.5031511578125001 0.2768374140625 0.4214417015625 0.26509855 0.45104172656249997 0.3516182296875 0.5068311671875 0.6060762140625 0.542930203125 0.6548460859375 0.5873079171875 0.6720578109375 0.5764150921875 0.7182994671875 0.5712248125 0.79352643125 0.5622917671875001 0.8063459984374999 0.5631642546875 0.8313307703125 0.5522714296875 0.8775724281249999 0.5527076734375 0.8900648125 0.5621496703125 0.8918196937499999 0.5796142125 0.80991029375 0.5954825109375 0.7718333015625001 0.605357434375 0.6964427468750001 0.6141450640625 0.6794590484375
3 0.5189620406250001 0.28188765781249997 0.5353773015625001 0.3042450625 0.5685366671875001 0.4031480625 0.576489821875 0.40703954062500003 0.5808109296875 0.3964656296875 0.576739321875 0.27987003125 0.523137734375 0.26714961875 0.521029221875 0.20676975468749997 0.523823478125 0.1524724953125 0.5735021890625001 0.1423992640625 0.5756800921874999 0.1152233671875 0.5029036812500001 0.09066493437499999 0.48260355468749994 0.09137382968749999 0.321147740625 0.1241118328125 0.2996496015625 0.1352855796875 0.0975935359375 0.169441375 0.1113699078125 0.5191736328125 0.105632665625 0.53396620625 0.143618771875 0.547231925 0.19522256875 0.54751448125 0.2853214234375 0.5756372078124999 0.453238775 0.61107460625 0.46336405 0.6107210249999999 0.4665304015625 0.481755915625 0.47368377656250005 0.46274468593750007 0.44553458125 0.32822846875 0.43151534218750004 0.2849413640625 0.418295884375 0.2645569671875 0.5189620406250001 0.28188765781249997
2 0.4161820328125 0.427881271875 0.4207212625 0.4235535515625 0.42017429999999995 0.363119159375 0.40285185625000003 0.359554865625 0.39711461406250004 0.3743474375 0.40659462187499995 0.4219622625 0.4161820328125 0.427881271875
2 0.4467933265625 0.36427420625 0.42947088125 0.3607099125 0.4253332 0.421307896875 0.428747125 0.42952709218749996 0.44131221875 0.4311729140625 0.44882912968750005 0.422572003125 0.4467933265625 0.36427420625
2 0.31702578125 0.3642457203125 0.24802683281250001 0.358316803125 0.24998992968749997 0.41453253593749995 0.28153303125 0.41538534218749995 0.3172710296875 0.41413734375000005 0.31702578125 0.3642457203125