11 0 0.421214203125 0.07128745625 0.41996987656250007 0.06552295 0.408415075 0.0210616671875 0.3792386703125 0.133371975 0.37858056875 0.14204607656249998 0.37191775312500003 0.14065914375 0.23650466718750002 0.1382883234375 0.1006804875 0 0.0429000609375 0 0.421214203125
4 0 0.4791833078125 0.003720828125 0.6923494156250001 0.0053444078125 0.69303733125 0.0613966609375 0.6920589359375 0.0629412 0.6717814953125 0.2093570765625 0.610623121875 0.2090602171875 0.484502321875 0.20787408125 0.4165487109375 0.07597175 0.41109771093749997 0.0742461671875 0.4241506484375 0 0.4267330484375 0 0.4791833078125
5 0.4134350171875 0.48438599375 0.43391698125 0.482726196875 0.43668715156250004 0.473561871875 0.4121177359375 0.46487476250000004 0.4030800421875 0.45070741718749996 0.3752844890625 0.3131507328125 0.29022286875000003 0.3081240796875 0.3151573546875 0.44963754843750003 0.32128853125 0.46515790937499996 0.34113495 0.48304343281250006 0.32787419687499997 0.5067159703125 0.2986287125 0.6218272390624999 0.3250593171875 0.569274625 0.324877521875 0.55885954375 0.35276175625 0.533629471875 0.3657051046875 0.54772864375 0.36952060000000003 0.5984510281250001 0.37183628125 0.5632490031249999 0.3797384890625 0.5683201953125 0.3865010984375 0.6332511234375 0.386732059375 0.6332470921875 0.38568786875 0.573425475 0.39299924062499997 0.5446476578125 0.40353527187499993 0.532743215625 0.42424448124999997 0.5441022703125 0.44881463593750004 0.60878748125 0.43596144687500005 0.54389775 0.44331826718749995 0.5177237031249999 0.46157470937499995 0.5004753734375 0.47324622656250004 0.4976670828125 0.4980883359375 0.521976815625 0.5046740015625 0.563534875 0.510573803125 0.5685976109374999 0.5105680687499999 0.5682690406249999 0.49513562968749997 0.4647279609375 0.5085980984375 0.45540955624999996 0.5076634375 0.4018628609375 0.433416303125 0.398086628125 0.432463353125 0.45540365468750005 0.4452703546875 0.4616915171875 0.44640584062500005 0.47078766875 0.43087485625 0.5322660015625 0.4134350171875 0.48438599375
5 0.4520106390625 0.3470381890625 0.45171997187499996 0.33038589687500003 0.44159907499999995 0.3269043296875 0.43678517968749997 0.3308952015625 0.4356049859375 0.3751933796875 0.45048966406249996 0.377407903125 0.45127620625000003 0.37739417343750004 0.4520106390625 0.3470381890625
5 0.5509040703125 0.49819986875 0.541912565625 0.54263439375 0.5427981546875 0.5430096203125 0.5505443718749999 0.542874409375 0.5622581828125 0.5331632875000001 0.575973425 0.5355284499999999 0.5708413875 0.5212929328125 0.5766544203125 0.5185869015625 0.57928824375 0.5016112671874999 0.59005151875 0.502725675 0.5857375625000001 0.535358015625 0.621887596875 0.5360292984374999 0.6212967593750001 0.5021802859375 0.628290728125 0.511174178125 0.6379639671875 0.5057962046875 0.6407795859375 0.49923564843749996 0.63097 0.49680231406250003 0.6618061984375 0.4728229953125 0.663122740625 0.4363361265625 0.656946115625 0.4182119984375 0.66657390625 0.4102302546875 0.6499066984375 0.4066143359375 0.6486348671875 0.3897068734375 0.6866922796875 0.3877402984375 0.689730875 0.357582846875 0.6893898484375 0.338045434375 0.654538059375 0.3362102859375 0.6523125375000001 0.3206217515625 0.5438169875 0.3160041390625 0.5321923984375 0.4334123984375 0.533101378125 0.4854877984375 0.5509040703125 0.49819986875
9 0.5134956078124999 0.37787086875 0.5134774281250001 0.3768293609375 0.5099078 0.37376619375 0.5080451312500001 0.3230097203125 0.45431964999999996 0.3226452203125 0.4562732171875 0.37860923281250003 0.46818996718749994 0.37866168125 0.5134956078124999 0.37787086875
21 0.33141644375 0.49981716093750006 0.33228840000000004 0.49941125625 0.332197503125 0.49420371718749995 0.33725205625 0.4872133953125 0.3371747921875 0.48278698750000004 0.334876775 0.47983185156249997 0.3300174296875 0.48121895156249994 0.3302901234375 0.496841571875 0.3283827453125 0.4994794296875 0.3286824875 0.49986488281249997 0.33141644375 0.49981716093750006
21 0.3276299921875 0.585052475 0.3274027484375 0.572033625 0.32931012656249997 0.56939576875 0.3282655390625 0.56550715625 0.324359884375 0.5655753296875 0.321544265625 0.5721358859375 0.32195330625 0.595569815625 0.32295244375 0.5968546578125 0.3258589609375 0.5955016421875 0.32572261406249997 0.5876903328124999 0.3276299921875 0.585052475
21 0.39340083593749997 0.5200926390625 0.394354525 0.518773709375 0.3943090765625 0.516169940625 0.395548871875 0.5144553328125 0.39501711875 0.4839912234375 0.394717378125 0.4836057703125 0.387996103125 0.4902345 0.388314246875 0.508460890625 0.3903125234375 0.5110305734375 0.39240169687500004 0.518807796875 0.39340083593749997 0.5200926390625
21 0.39966973906250003 0.4329907984375 0.40361664062499997 0.4329219046875 0.40782513593749997 0.3952125046875 0.534895271875 0.40080817656249995 0.5372794953125 0.39751085625 0.5370295265625 0.38319011875000003 0.5345316812500001 0.379978015625 0.46813554531249996 0.3811369640625 0.44656354374999996 0.376304378125 0.39183892343750004 0.3746550359375 0.391157928125 0.3915965859375 0.39966973906250003 0.4329907984375
19 0.4582642453125 0.7051867234375 0.461671440625 0.788473278125 0.442688553125 0.8200593859374999 0.437829946875 0.8774445859375 0.43896202031250003 0.9980161093750001 0.6057291921875 0.995105178125 0.8558728640625001 0.989957534375 0.87498914375 0.49610545625 0.8748057046875 0.48559623749999997 0.7214497421875 0.47581898593750005 0.714593821875 0.47593865625 0.7006845968750001 0.4925901921875 0.7027290609375 0.5537617453125 0.6614924375 0.5414587156249999 0.5637601640625001 0.5379555125000001 0.4644848421875 0.6139184249999999 0.4582642453125 0.7051867234375
21 0.66333814375 0.4123052703125 0.671423625 0.5397877421875 0.683140590625 0.539583221875 0.68245885625 0.500526671875 0.685274475 0.493966115625 0.6884082359375 0.5056319515625 0.6908627703125 0.5419878796875001 0.6987682765625001 0.5418498890625 0.694583384375 0.4117598828125 0.6974444515625 0.40780309687500005 0.71111424375 0.407564490625 0.7227403109375 0.4021524296875 0.72636433125 0.39714050156249997 0.72624260625 0.39016692656249996 0.7048921703125 0.38683659062500003 0.6521658265625 0.3877569328125 0.649304759375 0.3917137171875 0.649532003125 0.4047325671875 0.6583424515625 0.40588106249999995 0.66333814375 0.4123052703125
19 1 0.49563654062499996 0.99895225 0.43561097968749996 0.9553894765625 0.4299323109375 0.9008473921875 0.4946961484375 0.8950358375 0.6093983781250001 0.9011215640625 0.6223149671875 0.8934920500000001 0.6328663953125 0.878146559375 0.9847503046874999 0.8824428531249999 0.9902751234375 0.9712964906250001 0.9887241765624999 1 0.9879263343750001 1 0.49563654062499996