4 0.080450184375 0 0.0787963984375 0.0093790859375 0.4899309828125 0.1791849234375 0.49653949218750004 0.1866965984375 0.4884022375 0.250841415625 0.5215314703125 0.26091393749999997 0.5316709656249999 0.2753946375 0.550340234375 0.28199195781249997 0.6526981671875001 0.3000404234375 0.690861953125 0.1194182296875 0.648316759375 0.0907616421875 0.6434253921875001 0.06451349687499999 0.5452096796875 0.00065503125 0.5414948125 0 0.080450184375 0
4 0 0.6467928796875 0.0293283859375 0.6708645484375 0.0460552671875 0.6738139484375 0.229977928125 0.67266135625 0.24400516562500002 0.6560954875 0.2555917296875 0.6623694546875 0.2569521125 0.681648575 0.2711627390625 0.6820388203125 0.39697445625 0.6703752671875 0.40484664531250003 0.6527240984375 0.41516451875 0.6481970015625 0.5793535953125 0.6348385234375 0.5997959374999999 0.5369003984375 0.5959031859375 0.53198305625 0.49153743437499997 0.5030031984375001 0.39242481875 0.498219803125 0.366989396875 0.4895039078125 0.3525086984375 0.4996434015625 0.343276125 0.49801545 0.34318443125 0.48953739531249996 0.27629412656249996 0.481973771875 0.28560837499999997 0.42015196250000003 0.2817156234375 0.415234621875 0.1996160765625 0.3859499515625 0.119600446875 0.3718410359375 0.0173186125 0.358036934375 0 0.45625566875 0 0.6467928796875
11 0.24759153125000002 0.4108042296875 0.2799055359375 0.41650206093750003 0.284613515625 0.4257940921875 0.282264534375 0.457111984375 0.33878023281249997 0.46839939687500004 0.37888428125 0.4754708234375 0.438764809375 0.4783607890625 0.4629315421875 0.4762756203125 0.4793127703125 0.46435576875000006 0.5105264468749999 0.36831692031249996 0.5271677312499999 0.27393951250000004 0.5236367453125 0.26697048749999996 0.39944546718749996 0.21545560468749997 0.28964820156250004 0.1812870796875 0.2839466140625 0.1866281515625 0.2446923859375 0.3912537828125 0.24759153125000002 0.4108042296875
3 0.7255762078125 0.62439405625 0.7771405328125 0.4219390265625 0.797052746875 0.41698820000000003 0.8141525 0.36500107187499997 0.8292700484375001 0.3782440640625 0.818595415625 0.42078675312499997 0.8058318578125 0.412189778125 0.81434590625 0.453885003125 0.7879168765625 0.4598022140625 0.7673828406250001 0.54926228125 0.8081141890625 0.5522133734375 0.8796673953124999 0.24539384531250003 0.8900719546875001 0.21338089531249999 0.9070850234375 0.18887962187500001 0.9073550953125 0.1783498828125 0.8643564421875001 0.143266921875 0.7370826296875 0.0552454796875 0.7159017265625 0.0493952421875 0.64982665 0.0462063125 0.6453070671875001 0.0898343015625 0.6348108140625001 0.11336919375000001 0.6662229046875 0.1421781875 0.6402623640625 0.2624134984375 0.5782584187500001 0.2451341140625 0.572648525 0.2589532421875 0.5740089078125 0.2782323625 0.6010747859375 0.295697640625 0.55657243125 0.5120907171875 0.5571175859374999 0.5269951484375001 0.596763634375 0.5361012890625 0.5785835890625 0.630207371875 0.582476340625 0.6351247140625 0.7255762078125 0.62439405625
19 0.743531190625 0.6666962375 0.7461581640625 0.6671594437499999 0.8695484046875 0.65374675 0.9226815437500001 0.6673465015625 0.9295601265625001 0.6643284359375 0.9393278359374999 0.6089330000000001 0.9658485593749999 0.611493846875 0.9859377515625001 0.623495303125 0.9859631343749999 0.6233513484375 0.990193671875 0.59040088125 0.86156949375 0.5550281359375 0.7667113984375 0.5531103984375 0.743531190625 0.6666962375
19 0.638829653125 1 0.698777828125 0.7403829046875 0.6498075140624999 0.7211707578125 0.584639359375 0.7308345734375 0.5770372421875 0.737956003125 0.561649621875 0.7352427515625 0.49892715 0.7580306421875 0.461395071875 0.9798837109375 0.48435883906250005 1 0.638829653125 1
19 0.919549815625 1 0.958782396875 0.777500978125 0.767069584375 0.695042403125 0.7325849765625 0.7016546703125 0.6657962375 1 0.919549815625 1
21 0.7344643421875 0.69987058125 0.7820742734375 0.699803609375 0.9179084828124999 0.7561480109375001 0.9227324171875001 0.7569986 0.92473505625 0.7456410625000001 0.9291535796874999 0.6665044390625 0.9057103796874999 0.66448624375 0.8543860750000001 0.640628078125 0.746224275 0.6511728437500001 0.7344643421875 0.69987058125
9 0.92862149375 0.7235999828125 0.920671625 0.6968731390625 0.8378485437500001 0.6716918359374999 0.8413745203125 0.64269695 0.8358758765625 0.557637375 0.8358096234374999 0.5576256921875 0.82672045 0.70780815 0.866096425 0.7274440296875 0.9166271796875 0.7400560406250001 0.9239790375 0.7413523718749999 0.9285489531250001 0.7240113828125 0.92862149375 0.7235999828125
2 0.926073753125 0.702056625 0.9277469249999999 0.6925675921875001 0.9290369328124999 0.6668805203125 0.88287406875 0.6587407609375 0.872377815625 0.6822756546875001 0.9168732453124999 0.7004343265624999 0.926073753125 0.702056625
15 0.922369396875 0.7500593062500001 0.9290696015625001 0.7660490375 0.959121309375 0.775578909375 0.9862538375 0.621702696875 0.9476930906250001 0.6064415078125001 0.9340276187500001 0.62095569375 0.9289628796875 0.649679253125 0.922369396875 0.7500593062500001
21 0.7098058296875001 0.687721815625 0.71754825 0.660924790625 0.712478503125 0.6536844421875 0.6783556625 0.658245025 0.66849125 0.6691984953125 0.7047178374999999 0.686824665625 0.7098058296875001 0.687721815625