5 0.32781603125 0.6182706 0.350715653125 0.46369986875 0.3679311890625 0.47486375000000003 0.36441335 0.5270391390625 0.37447811875000003 0.5433983578125 0.3807854046875 0.6034577984375 0.3869584578125 0.6044355140625 0.3885879828125 0.5941470953125 0.38269286406249997 0.5214971187499999 0.3957961859375 0.468730621875 0.40692493281250003 0.4683839390625 0.4329016171875 0.5041377765624999 0.43377392343750004 0.5485712859375 0.4382311875 0.5703702703125 0.4447301453125 0.5692903015625 0.44452879375 0.4806677125 0.44843965468749997 0.455975503125 0.461763475 0.45175788125 0.4669108390625 0.3892940734375 0.39007359375 0.3750149484375 0.38094825 0.4326301 0.3947513546875 0.445362809375 0.43146376249999996 0.4532867859375 0.4315308796875 0.48282765000000005 0.4262492796875 0.48620973125000005 0.40546793281250004 0.4576066609375 0.374688934375 0.442185234375 0.3701357265625 0.2811571 0.2766484921875 0.262131571875 0.27698407812500003 0.4098358859375 0.2908543 0.452109459375 0.22759019687499998 0.5918498750000001 0.23376324999999998 0.592827590625 0.243195353125 0.573228465625 0.2587142453125 0.5651399046875001 0.2701880421875 0.5226618265625 0.2988102578125 0.46180676875 0.30783019375 0.4547981765625 0.3217195609375 0.4569980359375 0.29664401093750004 0.5753659953125 0.30590358906250004 0.57683256875 0.32265898593750003 0.5309724078125 0.3191220015625 0.6232215078125 0.32781603125 0.6182706
21 0.518729971875 0.4017200234375 0.526705075 0.3713436203125 0.514358971875 0.369388190625 0.500383340625 0.3777211796875 0.373270225 0.35126053281249997 0.370749246875 0.35718915625 0.3718803421875 0.37002411875 0.3854438046875 0.37428166093750004 0.518729971875 0.4017200234375
5 0.40921695781249995 0.3040895453125 0.4020661890625 0.3092848828125 0.39479443125 0.3551969578125 0.4272029546875 0.3603299640625 0.43480061875000003 0.3123602046875 0.40921695781249995 0.3040895453125
5 0.49367356874999996 0.4800142703125 0.49391321093749996 0.48848943437500003 0.5104769359375 0.5037686859375 0.47607469062499996 0.591129209375 0.5032207609375 0.5595705828125 0.5289769468750001 0.5467755453125 0.6110957921875 0.5576725890625001 0.610635653125 0.500648546875 0.612591084375 0.48830244218749996 0.6294135984375 0.47198314531249996 0.632039984375 0.41544796093749997 0.652188665625 0.40809268750000005 0.663010653125 0.3697299765625 0.6643142734375 0.361499240625 0.652945884375 0.3533707578125 0.6533580531250001 0.340780225 0.5432208296875001 0.3170082953125 0.5334628203125 0.3386651046875 0.503019409375 0.47094799375 0.49367356874999996 0.4800142703125
19 1 0.5195599843750001 0.9456495078125 0.5029544421875001 0.9168067953125 0.5152606234375 0.8738159281250001 0.55696549375 0.8615560859375 0.5444772140625 0.6949699421875 0.5075460484375001 0.6757127125 0.5192611203124999 0.6619575796875 0.5761429859375 0.530866484375 0.544833684375 0.48300618437500004 0.577330103125 0.4480575375 0.61819943125 0.4423637703125 0.6341720468750001 0.4125530234375 0.8024132796875 0.4334206328125 0.8204835015624999 0.4664809671875 0.8215011375 0.4932819859375 0.8320739093749999 0.45453923124999995 0.9974503078125 0.47063735468749995 1 0.9270403437500001 1 1 0.5393508515625001 1 0.5195599843750001
9 0.48901675468750005 0.3764482140625 0.48115021249999995 0.3682152140625 0.48929784062500004 0.3167731109375 0.4347180875 0.3018006203125 0.423723575 0.3612290296875 0.4753122515625 0.374277634375 0.48901675468750005 0.3764482140625
21 0.277881671875 0.3340431671875 0.2717002296875 0.32937284375 0.2697711515625 0.32906730781250004 0.262449040625 0.331598878125 0.262688684375 0.34007404375 0.275621903125 0.34581374375 0.2760398671875 0.34587994218749996 0.277873084375 0.334305465625 0.277881671875 0.3340431671875
21 0.33456654218750004 0.515720309375 0.34141679375 0.46235890468749996 0.32785333125 0.4581013609375 0.3140119359375 0.5255160765625 0.33033601875 0.5323201609375 0.329094053125 0.550272240625 0.33456654218750004 0.515720309375
21 0.23612014375 0.5891141140625 0.261157403125 0.550893578125 0.27108793593749997 0.5081710703125 0.293479128125 0.455513365625 0.2936715015625 0.45429876562500004 0.29110238437499997 0.4417340703125 0.2837119734375 0.43845424218750007 0.27052238906250003 0.501753590625 0.23035967968749999 0.5885972390624999 0.2349015890625 0.5893166078125 0.23612014375 0.5891141140625
21 0.6343273296875 0.430970853125 0.6199683593749999 0.5615826625 0.6303102015625 0.566516434375 0.6333590484375 0.566999325 0.6556071078125 0.436450540625 0.682168484375 0.438548146875 0.6909487765625 0.4230643890625 0.6379122859375 0.408336328125 0.62913199375 0.4238200859375 0.6343273296875 0.430970853125
11 0.07295965625 0 0.026687853125 0.2921486734375 0.10386323125000001 0.3043720515625 0.1513061546875 0.014738303125 0.1343302609375 0.0120495859375 0.116477371875 0 0.07295965625 0
4 0 0.6038025218749999 0.1339040578125 0.5640919734375001 0.168037834375 0.3585679984375 0.021188203125 0.3268720921875 0 0.4606491453125 0 0.6038025218749999