21 0.7070318 1 0.7265958234375 0.8411678125 0.8763852562500001 0.6886419046875 0.8706232406250001 0.70529024375 0.8760657109375 0.71339869375 0.870214365625 0.7130920374999999 0.8653594281249999 0.731091784375 0.8533749625 0.8478120265625 0.8607678812499999 0.85602269375 0.8576377718750001 0.8597702625 0.8703838312500001 0.8591343859375 0.8875897421875001 0.680102015625 0.893986253125 0.6700062796874999 0.898526240625 0.6206971421875 0.9203830125 0.5992263859375 0.9211363328125 0.5848521718749999 0.9211184671874999 0.5814611734375 0.6403478359375 0.5276305 0.6276441421875 0.564776965625 0.6078201140624999 0.588511565625 0.5734358687500001 0.610179228125 0.54975790625 0.6141538015625 0.5110215218749999 0.60690823125 0.4735117640625 0.5762572828125 0.45333041874999996 0.53217190625 0.451337603125 0.49555910000000003 0.4370499703125 0.48829096562499996 0.336171825 0.47257320312499995 0.32727969843750004 0.4929691125 0.3154407171875 0.494956396875 0.299973421875 0.49153805000000006 0.2935345453125 0.46512319843750005 0.25062468125000004 0.4628743875 0.012999040625 0.4777120859375 0.012678134375 0.48383537031249996 0.01511404375 0.5157253109375 0.044507060937499995 0.5146579921875001 0.185117996875 0.5559277265625 0.216188878125 0.560163821875 0.2268951609375 0.54247073125 0.24082088124999998 0.537985065625 0.291396246875 0.5432433484375 0.29901478593749997 0.5658084140625 0.29841346562500004 0.70789875625 0.6808284328124999 0.8374653765625 0.6694202109375 1 0.7070318 1
5 0 0.96978835 0.0195044703125 0.9708105359375001 0.0219106609375 0.9644824812499999 0.0202465828125 0.7909805296875 0.21886816874999998 0.8822298 0.22508761718749998 0.9815846921875 0.28608121875000003 0.98478123125 0.29207353125 0.9408288796875001 0.2909362359375 0.9811892562500001 0.2936121171875 0.9851759093749999 0.40981007500000005 0.9912655859375 0.41172773906250004 0.9901274093750001 0.40524189843749997 0.9832681515624999 0.35380641874999996 0.9571028671875 0.302234646875 0.9335381796875 0.29130274375 0.9368768749999999 0.2930127796875 0.5497170312499999 0.231369221875 0.550398040625 0.225099809375 0.6700255375 0.219201503125 0.6892744734375 0.009102846874999999 0.6117662875 0.010874637500000001 0.577958515625 0.0159551953125 0.574313165625 0.0888456078125 0.6016028546875 0.133433334375 0.6091550812500001 0.163822759375 0.626394165625 0.2219273328125 0.63726251875 0.22429125156250002 0.5734967640625 0.2198921515625 0.5641391265625 0 0.5098180546875 0 0.96978835
5 0.6619383078125 1 0.6695354906250001 0.967113878125 0.6738891546875 0.8840410328124999 0.6662336453125 0.883639825 0.6456388296875 0.90342241875 0.6337528859375 0.9249652984375001 0.6346130015625 0.9458722984374999 0.6459068171875 0.9542874031249999 0.6435111203125 1 0.6619383078125 1
5 0.9684780359375 1 0.9724023203125001 0.8941439953125 0.9800331 0.8642289249999999 0.995846925 0.562483165625 0.9233685296875 0.896789725 0.8920720281250001 0.87819923125 0.7419814328125 0.831217209375 0.72869020625 0.842255478125 0.7144827109375 0.9640746984374999 0.713371021875 1 0.9684780359375 1
21 0.0795341953125 0.590814290625 0.0300022 0.5843068171875 0.02696141875 0.60500938125 0.036802990625 0.62247546875 0.1958276265625 0.6765102484375001 0.21780537500000002 0.6776620546875 0.21873525312500003 0.6776455921875 0.2209775296875 0.6591177625 0.2215772125 0.6476751328125 0.21610794375000003 0.6344801828125 0.14280865625 0.6149922875 0.1498396625 0.61144915625 0.147118428125 0.60739493125 0.119675859375 0.60856446875 0.0795341953125 0.590814290625
19 1 0.48641175 0.9052334656250001 0.5160400515625 0.8401872125000001 0.525669825 0.7078293109375 0.5135177609375 0.7064663953125 0.5395237374999999 0.9243244781250001 0.5809302109375001 0.9233704359375 0.5991343953125 0.9005525890625 0.6240159671875001 0.8772651171874999 0.8444534640624999 0.9121006046875 0.8514945953125 0.92022194375 0.8271466828125 0.9356892374999999 0.8305650296874999 0.9390919312499999 0.8216162640625001 0.9978057234375 0.5549622546874999 1 0.5130929546874999 1 0.48641175
19 0.8614321593750001 0.7089991703125 0.7658501640625001 0.804010096875 0.8126139609375 0.8260189375 0.8293320765625 0.8286237765625 0.8506432859374999 0.82974065 0.8609987374999999 0.7172693515625 0.8614321593750001 0.7089991703125
14 0.8184388328125 0.297834053125 0.8029245749999999 0.3139712984375 0.7990660453125 0.350277446875 0.8039633484375001 0.3687882890625 0.7883128 0.38752613125 0.7510710281249999 0.4077401671875 0.7399982374999999 0.4697456375 0.76104429375 0.47867183593749996 0.7618574484375 0.5191344296875 0.8030162890625 0.5221389875 0.8267387078124999 0.5233822265625 0.843005490625 0.5194756078125 0.84441536875 0.47391403906249996 0.87290130625 0.4714953125 0.8748305703125 0.45334223749999997 0.875950109375 0.43198018281249995 0.8710917453125001 0.41272631562499995 0.8326749078125 0.380723959375 0.8417033249999999 0.3577274546875 0.8458344375 0.316220109375 0.83404241875 0.298651803125 0.8184388328125 0.297834053125
15 0.8573403265625 0.5218567015625 0.9188856624999999 0.512108646875 0.9792705265625001 0.4906621984375 0.979280834375 0.4904655203125 0.8486271578125001 0.47191818750000003 0.84395304375 0.47527190937499997 0.8422739312499999 0.5073112734375 0.843180090625 0.5198759171875 0.8468212046874999 0.5213054171875 0.8573403265625 0.5218567015625
15 0.5447531156250001 0.4820050359375 0.546409059375 0.45040777343749994 0.5261812109374999 0.42027136875000004 0.4943395421875 0.4120832671875 0.494790784375 0.4407920609375 0.50966595 0.47416839062499994 0.5425491124999999 0.48188952812499997 0.5447531156250001 0.4820050359375
15 0.5885874109375 0.4905608703125 0.620883590625 0.49225344218749995 0.6210680703125 0.48873334843749994 0.6170194343750001 0.47268845625000006 0.5691653046875 0.4714844 0.568483846875 0.48448738750000003 0.5751059781250001 0.48874605000000004 0.5885874109375 0.4905608703125
15 0.5774157703125 0.44616534999999996 0.6003530453125 0.44736744218749996 0.6075849828125001 0.44745406875000004 0.6078968015624999 0.44150421562500003 0.5972397796875 0.41160862500000006 0.5788679953125 0.42629224375 0.5507909328125 0.4209091765625 0.5511528453125 0.43266297500000006 0.5726077765625 0.4337873796875 0.5774157703125 0.44616534999999996
11 1 0.34223108281250003 0.90086765625 0.3334468515625 0.884799040625 0.47211884687500005 0.9854309578124999 0.48475960625000003 0.992542 0.48513228125 1 0.48164306406249996 1 0.34223108281250003
4 1 0.1851732078125 0.7939641421875 0.1854616453125 0.78855944375 0.2699299609375 0.941026040625 0.2805933296875 1 0.283684025 1 0.1851732078125
3 0.025957773437499998 0 0.0059760625 0.3812737421875 0.059545245312499995 0.3853850546875 0.0893471359375 0.37651594374999997 0.0975108421875 0.388678615625 0.09578141875 0.4589969734375 0.0997725609375 0.4649431703125 0.1114752671875 0.46555648281249995 0.1189142140625 0.46542479375 0.2955448953125 0.45381969062499994 0.2995397171875 0.41491294375 0.3097008328125 0.40762224375 0.33136199843749997 0.10625956249999999 0.35107271406249996 0.027775646874999997 0.3513695046875 0.022112525 0.30679524687500004 0 0.025957773437499998 0