19 0.32587890625 0.6963541671875 0.33212890625 0.7046875 0.348535175 0.7046875 0.35908203125 0.7041666671875 0.37568359375 0.6768229171875 0.38837890625 0.6703125015625 0.37470703125 0.6651041671875 0.37568359375 0.640364584375 0.41474609375 0.6455729171875 0.47333984375 0.5830729171875 0.50556640625 0.573958334375 0.49384765625 0.503645834375 0.49677734375 0.48932291718750004 0.51240234375 0.491927084375 0.52412109375 0.507552084375 0.54072265625 0.5140625015625 0.54853515625 0.5713541671875 0.55537109375 0.5804687515625 0.59150390625 0.5713541671875 0.596875 0.521223959375 0.596875 0.4974971078125 0.55537109375 0.48151041718750004 0.47919921875 0.4710937515625 0.41865234375 0.4710937515625 0.32880859375 0.4945312515625 0.32001953125 0.5062500015625 0.32587890625 0.6963541671875
4 0 0.6984375 0.0078125 0.6984375 0.1171875 0.64375 0.1162109375 0.5174479171875 0 0.5109375 0 0.6984375
4 0.0005842250000000001 0 0 0.133203125 0 0.2222916671875 0.1109375 0.2296875 0.1168035328125 0.2296875 0.1203125 0.023828125 0.1203125 0.0009072234375 0.0366211078125 0 0.0005842250000000001 0
14 0.837651909375 0.7421875 0.840478515625 0.708268228125 0.883447265625 0.7212890625 0.890283203125 0.7147786453125 0.8921875 0.6695833328125 0.8921875 0.5988138015625 0.797509765625 0.5962890625 0.777001953125 0.6158203125 0.771142578125 0.6470703125 0.771142578125 0.735611978125 0.8270345140625001 0.7421875 0.837651909375 0.7421875
14 0.945307671875 0.3143880203125 0.951167046875 0.3612630203125 0.971674859375 0.3651692703125 0.976557671875 0.3873046875 0.964838921875 0.4029296875 0.937495171875 0.47845052031249996 0.921870171875 0.5591796875 0.9954378796875 0.58125 0.9984375 0.58125 0.9984375 0.3936196375 0.997065484375 0.2271484375 0.977534234375 0.2349609375 0.960932671875 0.2597005203125 0.955073296875 0.2961588546875 0.945307671875 0.3143880203125
19 0.898291015625 0.5902343734375 0.900244140625 0.57200520625 0.921728515625 0.5537760406250001 0.9296875 0.49878669374999995 0.9296875 0.4793098953125 0.873876953125 0.47434895624999995 0.863134765625 0.4886718734375 0.859228515625 0.5928385406250001 0.888916040625 0.5953125 0.890673825 0.5953125 0.898291015625 0.5902343734375
19 0.41875 0.7682291671875 0.3259765625 0.8893229171874999 0.2966796875 0.94921875 0.2927734375 0.98046875 0.29561298125 0.996875 0.57734358125 0.996875 0.9984375 0.996096278125 0.9984375 0.7693537984375001 0.889453125 0.7552083328125 0.8845703125 0.7513020828125 0.8845703125 0.7278645828125 0.8764843750000001 0.721875 0.8733072937499999 0.721875 0.8572265625 0.7252604171875 0.858203125 0.75 0.73515625 0.7395833328125 0.7205078125 0.7591145828125 0.715625 0.8020833328125001 0.41875 0.7682291671875
15 0.9833691328124999 0.7625 0.996875 0.7625 0.996875 0.5838330296875001 0.92431640625 0.5599609375 0.90478515625 0.5677734375 0.89599609375 0.6107421875 0.88818359375 0.7513671875 0.9833691328124999 0.7625
21 0.6552734375 0.6694661453124999 0.5654296875 0.6720703125 0.5537109375 0.6694661453124999 0.515625 0.6317057296875 0.5068359375 0.5809244796875 0.4873046875 0.5783203125 0.3734375 0.6912142765625 0.3734375 0.692816840625 0.3759765625 0.7007161453124999 0.40625 0.7072265625 0.4052734375 0.7788411453124999 0.419921875 0.7645182296875 0.419921875 0.7306640625 0.4306640625 0.7267578125 0.4892578125 0.7345703125 0.4931640625 0.7710286453124999 0.501953125 0.7697265625 0.5068359375 0.7371744796875 0.6826171875 0.7580078125 0.685546875 0.7931640625 0.700048825 0.7953125 0.703142090625 0.7953125 0.705078125 0.7436848953124999 0.7359375 0.7359700515625 0.7359375 0.731705728125 0.724609375 0.6108723953124999 0.7177734375 0.6017578125 0.6337890625 0.5991536453124999 0.607421875 0.6212890625 0.6552734375 0.6564453125 0.6552734375 0.6694661453124999
9 0.51669921875 0.6357421875 0.5534772609374999 0.671875 0.5755370828124999 0.671875 0.64072265625 0.6708984375 0.65537109375 0.669596353125 0.65625 0.666861978125 0.65625 0.6589269296875 0.60849609375 0.622721353125 0.55771484375 0.622721353125 0.53916015625 0.5224609375 0.52841796875 0.5107421875 0.49619140625 0.4990234375 0.51669921875 0.6357421875
2 0.630859375 0.6026692703125 0.6240234375 0.5779296875 0.548828125 0.5844401046875001 0.555376953125 0.615625 0.6114257796875 0.615625 0.630859375 0.6026692703125