4 0.3147897859375 0.07452423124999999 0.2715006875 0.23115993906250001 0.37167185156250004 0.26977181875 0.3894139125 0.2748592734375 0.4184731234375 0.279805478125 0.4059711484375 0.2610495609375 0.421961953125 0.222289040625 0.4490394859375 0.1108524203125 0.3204441890625 0.0718110234375 0.3147897859375 0.07452423124999999
6 0.7865839953125 0.5889494203125001 0.773861259375 0.576632071875 0.7826076468750001 0.557467153125 0.7765997609374999 0.55574441875 0.753849428125 0.5557227375 0.7669256468750001 0.5724760265625 0.749741675 0.587054215625 0.7498743953125 0.5979287265625 0.8322620593750001 0.6280548796875001 0.8575748125 0.6418150671875 0.8597837484375 0.6511176296875 0.7293329984375 0.6072096078125 0.6864827921875001 0.6035916718750001 0.4768690828125 0.52398029375 0.42363779687500003 0.5282220828125 0.414317165625 0.5493896296874999 0.855906534375 0.7450957296875 0.8805866421875 0.7521726359375001 0.887660234375 0.7523045765624999 0.9311714109375 0.6629185515625 0.92441188125 0.6241363484375 0.8683527375000001 0.592890615625 0.8569558890625 0.6156301078124999 0.7865839953125 0.5889494203125001
4 0.7342465984375 0.55606176875 0.45540948437499995 0.445764446875 0.44975508125 0.44847765156249997 0.4290822796875 0.5205722796875001 0.43394167499999997 0.5263002703125 0.4653503546875 0.5244701109375 0.5064778265625 0.534095934375 0.785548728125 0.6566513015625 0.8136262484375001 0.6647024015625 0.8515344031250001 0.674217834375 0.8546263875 0.6577661234375001 0.7429943015625 0.610585103125 0.7404318828124999 0.5968465984375 0.760840559375 0.57669120625 0.7342465984375 0.55606176875
4 0.57289710625 0.4668561015625 0.5865475703125 0.4816067609375 0.6420487890625 0.5000951375 0.68095921875 0.5112525234375 0.6949983140625 0.48886431718749995 0.760506865625 0.2887522515625 0.7540127765625 0.27171906875 0.7044477203125 0.2575065171875 0.6396421875 0.24542570156250001 0.57289710625 0.4668561015625
4 0.557675521875 0.599301596875 0.49494620625 0.5856488343749999 0.4206426421875 0.55567346875 0.4144139953125 0.5603893046875 0.345018453125 0.785394278125 0.350938296875 0.8044300890624999 0.37769134375 0.817655084375 0.7775286453125 0.9323065859374999 0.8347018625 0.7329198828125 0.775638775 0.70081278125 0.6851670078125001 0.6705358390625 0.6240277046875 0.6400006828125 0.6248227109375 0.6315594859375 0.5692497703125 0.6156242015625 0.557675521875 0.599301596875
21 0 0.4303429546875 0.10882646562500001 0.48102628437500006 0.0301549703125 0.75538639375 0.03504204375 0.7649150796875 0.03851535 0.765911034375 0.0479578640625 0.7669931640625001 0.1334322515625 0.48591459062500003 0.253191803125 0.48774573125 0.276868546875 0.41651247187499996 0.15622463281250001 0.366747353125 0.15330873125 0.34857290625 0.063621109375 0.3212299265625 0.033581703125 0.312616265625 0 0.42972958125 0 0.4303429546875
7 0.1975702359375 0.22255809843750002 0.22557549531249999 0.113554790625 0.164888884375 0.07718939218750001 0.11494834062499999 0.06286917187499999 0.10550582500000001 0.061787042187499995 0.0327203359375 0.315620209375 0.0426083046875 0.3184555375 0.15295525000000001 0.344136965625 0.1597581421875 0.33741850156250003 0.1975702359375 0.22255809843750002
13 0.3575978609375 0.5680731906250001 0.37947701562499997 0.5743469375 0.4042374171875 0.578873209375 0.4505751375 0.45128645624999997 0.43392073125 0.43567442968750003 0.357894434375 0.41170695 0.3199942984375 0.5438804328125 0.3575978609375 0.5680731906250001
6 0.7378410468750001 0.5378577546875001 0.7061669265625 0.5179388968749999 0.5335282578125 0.4510972296875 0.4464139171875 0.4261175953125 0.35904530156250003 0.3864358359375 0.3545393921875 0.3851437875 0.350729271875 0.385676721875 0.346135315625 0.40169775 0.3660144265625 0.4117325734375 0.7046248828125 0.54079509375 0.728781584375 0.5477219171875001 0.7378410468750001 0.5378577546875001
5 0.35824791718750004 0.4161428890625 0.347380634375 0.40869216562500005 0.34729259375 0.42600524375 0.334481815625 0.431000975 0.33103634843749996 0.443016746875 0.3092137421875 0.4454283765625 0.2896881140625 0.4398294921875 0.30152648593750003 0.4042128625 0.2814266140625 0.40061660625 0.2227643171875 0.5485095421875 0.1902951921875 0.537031878125 0.116743271875 0.5441159828125001 0.06841869218749999 0.7296498578125 0.0762820328125 0.7362392140625 0.08759083906250001 0.7308128 0.09677875 0.6987707453125 0.1172321046875 0.7068029390625 0.17421897656250002 0.7404819859375 0.164589540625 0.7854011812499999 0.1675796859375 0.7866649578125 0.1810035546875 0.790514190625 0.20695222812499997 0.7000204140624999 0.2442807515625 0.7172260671874999 0.2357998046875 0.7581400046875 0.25497195 0.759302946875 0.2999391046875 0.5684717640625 0.35824791718750004 0.4161428890625
18 0.343352134375 0.3943978140625 0.3747608140625 0.3925676546875 0.2935216375 0.35843624375 0.27885540625 0.35856535 0.2754099390625 0.37058112187500003 0.343352134375 0.3943978140625