14 0.725313009375 0.255776384375 0.7168657359374999 0.21231892968750002 0.6967721 0.1857162953125 0.668936934375 0.1858210859375 0.6521061015625 0.21694820468749998 0.6611206265625 0.2735599359375 0.6748227234375 0.313343046875 0.6166634734375 0.3724004046875 0.637828125 0.56214766875 0.63828994375 0.564523521875 0.792255803125 0.5438690875 0.7998522 0.567595125 0.8055994953125 0.63810648125 0.813835709375 0.6497700640625 0.80716054375 0.6563734 0.8120591750000001 0.6713386515625 0.8227820937500001 0.6599691484375 0.8341976578124999 0.6722085359375 0.8456409984375 0.6699841765625 0.8395109906249999 0.51060336875 0.825139159375 0.4366667046875 0.81101273125 0.36911054062500004 0.7985880578125 0.3410172109375 0.74036288125 0.3178472328125 0.7222568390624999 0.30146988124999996 0.7192050953125 0.2755339984375 0.725313009375 0.255776384375
19 0.5368986640625 0.4247142109375 0.53938315625 0.4374958140625 0.5305049109375 0.47370937656249995 0.5370305171875 0.58916888125 0.5248872546875 0.6034673781250001 0.381166778125 0.6062011828125 0.39544497968750003 0.515879815625 0.391968903125 0.46217088124999994 0.2281503625 0.509931428125 0.224669859375 0.527851871875 0.2381564703125 0.6074704890625 0.27223178593749997 0.7623426984375 0.272926653125 0.7622076296875 0.38478355937500003 0.68110603125 0.5829672984375 0.6770708203125 0.57104395 0.5799044328125 0.58389738125 0.5641414375 0.5690652093749999 0.42642039218749994 0.5783677859374999 0.41797988437500005 0.61529225625 0.41345540312500006 0.61340746875 0.40375901406250003 0.58248810625 0.3879969875 0.5286646640625 0.377235940625 0.4721412421875 0.3935287953125 0.43180662343750004 0.426571678125 0.4498423140625 0.43235107343749996 0.5368986640625 0.4247142109375
15 0.536892221875 0.5864102109375 0.5308635140625 0.47350702499999997 0.53918686875 0.43955681249999995 0.5362714453125 0.424558253125 0.4021995484375 0.4308676109375 0.384008425 0.6075133671875 0.38413654375 0.60817248125 0.51923980625 0.6013153203125 0.5324076546875001 0.5987557484375 0.536892221875 0.5864102109375
15 0.5704122218750001 0.43232656875000003 0.5852443953125 0.570047615625 0.6276081890625 0.5643331921875 0.6301005640625 0.5638487234375 0.63509265 0.5603580953125 0.6358753874999999 0.533676865625 0.6202604765624999 0.42263704999999996 0.6161423703125 0.41680525937499996 0.5787210015625 0.41877342031250003 0.5704122218750001 0.43232656875000003
19 1 0.5722144859375 0.9638399078125 0.5688141703125 0.85398994375 0.5769023015625 0.8478183156249999 0.4786178921875 0.8409320906250001 0.4534273578125 0.8315591609374999 0.45126990781250004 0.8439090546875001 0.540394659375 0.8476643296875 0.6723101109375 0.9381286171875001 0.6719695390625 0.9547439640625001 0.6806779281249999 0.9822844359375 0.8530694421874999 1 0.8546023421875001 1 0.5722144859375
15 1 0.46823311093750003 0.9856120046875001 0.39421329374999997 0.8508245875 0.40733353125000005 0.8343499453125001 0.4198210546875 0.850536534375 0.47238577031249995 0.8557165781249999 0.52974285 0.87006070625 0.5216488171875 0.8572072734375 0.5374118125 0.8596191984375 0.5754101484375 1 0.5698424640625 1 0.46823311093750003
16 0.2571805421875 0.41873224843749995 0.2504372375 0.378922940625 0.283313953125 0.379164625 0.2927550234375 0.42773471875 0.2870736546875 0.4394506984375 0.2897414578125 0.48356730625 0.3069214359375 0.48022785625 0.2946722640625 0.4273620453125 0.302910690625 0.4032109390625 0.3364931515625 0.473617503125 0.3405409046875 0.4688513375 0.32783260468750003 0.43418086718750004 0.34267363125 0.42864315625 0.322507428125 0.4272572546875 0.304473953125 0.38566316875 0.30703101093749996 0.37322804062500003 0.33074806875 0.3672914578125 0.3048301453125 0.3670235765625 0.3076026890625 0.314752940625 0.326561821875 0.315047021875 0.355168659375 0.4673344453125 0.3616305515625 0.46475192656250003 0.355170871875 0.43151975625 0.37334948125 0.4226803765625 0.35510051875 0.4209217984375 0.336148025 0.3131836515625 0.36298939375 0.30796621874999996 0.37051322343750004 0.3569089859375 0.3523346140625 0.36574836718750003 0.3725008171875 0.3671342703125 0.3814449890625 0.41314804374999997 0.3771839625 0.42193502812499994 0.38747812187499997 0.45442185 0.39372674375 0.4558601515625 0.3539149703125 0.21522025781249998 0.3471861375 0.1806034140625 0.2513739609375 0.15854949062499998 0.2187808703125 0.164884946875 0.2070641546875 0.1711418078125 0.2101158984375 0.1970776890625 0.250008478125 0.422779265625 0.2571805421875 0.41873224843749995
7 0.6210310625 0.359299525 0.647021553125 0.334350675 0.6407005 0.298504971875 0.6156089484375 0.1694201265625 0.5397375 0.186744921875 0.537180440625 0.19918005 0.566211609375 0.37924052812500003 0.6121802828125 0.39383188593749996 0.612949053125 0.39368245156250004 0.6210310625 0.359299525
4 0.5398264 0.1879699765625 0.6191434359375 0.171225853125 0.6336238437499999 0.2559571140625 0.6401560890625 0.2639725515625 0.6552103890625001 0.25441402343749997 0.649674153125 0.2156965375 0.663167403125 0.18787108749999998 0.683263253125 0.178659034375 0.69867153125 0.1862756015625 0.7202558625 0.22054719843749998 0.7309017890625 0.30602380625 0.740739515625 0.3131314328125 0.7422855984375001 0.3128309046875 0.72395185 0.16279124843749998 0.9348483156249999 0.12179712812500001 0.9201546359374999 0.0410866859375 0.52669376875 0.1255264546875 0.5337910531250001 0.1825108609375 0.5398264 0.1879699765625
6 0.9624303718749999 0.3337088890625 0.9734353328124999 0.3315697421875 0.9708337734375 0.3181858859375 0.8158547484374999 0.3399158765625 0.8015028328125 0.34270560625 0.8062739437499999 0.35292041093750004 0.829351184375 0.35904628125000004 0.837020146875 0.35755558593750003 0.8417077187500001 0.3407269671875 0.8609504765624999 0.347598184375 0.9624303718749999 0.3337088890625
18 0.8681614578125 0.3313402265625 0.8696712906249999 0.3310467453125 0.8751783015625 0.32559899375 0.8749174296875 0.324256925 0.8685199609375 0.31847026093749997 0.8613501109374999 0.2867025875 0.863194784375 0.3115466453125 0.8570165171875 0.32070630312500004 0.8585072125 0.32837526562499997 0.8681614578125 0.3313402265625
21 0.2823231296875 1 0.26193881874999997 0.895131815625 0.2630051828125 0.8750277265624999 0.4175892859375 0.8821203328125 0.42362463437500003 0.8875794499999999 0.43420020625 0.9624580999999999 0.43093297656249996 0.9763577250000001 0.43746522343749994 0.9843731640625 0.4549336609375 0.97699828125 0.43491259062500004 0.9251789140625 0.44158775625 0.9185755765625 0.4322873921875 0.8912013953125 0.451673071875 0.8834538390625 0.8905012546875 0.9095764203125001 0.9130815968749999 0.9131459703125 0.9209883609375 0.924343009375 0.9315715234375 0.9222858515624999 0.946952109375 0.918500296875 0.9465277765625 0.89072724375 0.9841624171875001 0.8847382640625 0.957494690625 0.6999471984375 0.9546888703124999 0.6855125078125 0.9383751953124999 0.6747734828125 0.8078621296874999 0.6789193890624999 0.8102718421875 0.7527324156249999 0.6017191625 0.785312225 0.5776503390625 0.7382590234374999 0.5736751515625 0.71780845625 0.58752238125 0.707158103125 0.5813463265625 0.680503071875 0.41674947500000004 0.6833154703125001 0.412701721875 0.6880816359375 0.41873706874999994 0.6935407546875 0.4634712078125 0.708721490625 0.489318778125 0.698391415625 0.5140999875000001 0.7081654312500001 0.5117562015625 0.7165797406250001 0.5238268953125 0.727497975 0.52510431875 0.73918775625 0.464390225 0.7748655531249999 0.41915918750000003 0.7571284953124999 0.4033947171875 0.7681515234375 0.348861103125 0.7588549734375001 0.3566026328125 0.7321475453125 0.4122048234375 0.685525315625 0.3837221046875 0.6849601062499999 0.38026205156250004 0.6856326734375 0.214084796875 0.80760255 0.1799987984375 0.8420837328124999 0.1846138046875 0.8504718453125 0.23623638125 0.8550284265625001 0.26367920625 1 0.2823231296875 1
2 0.3485424125 0.7451881218749999 0.3546481125 0.761245196875 0.3973946578125 0.76620065 0.4237391265625 0.7584268953125 0.46593012500000003 0.7724439000000001 0.47796333906250005 0.77010488125 0.5228413609375 0.740340871875 0.5200017421875 0.725732303125 0.5081702796875 0.716812515625 0.5138516484375 0.7050965359375 0.4876500984375 0.698251515625 0.45988528593750005 0.708954265625 0.40599149062500006 0.6875952609375 0.3485424125 0.7451881218749999
9 0.6042150937499999 0.7853576484375 0.7696939796875 0.7563752984375001 0.811009284375 0.7483444171875 0.79779710625 0.5580461890625 0.7921883046875 0.5445454359374999 0.5733392515625 0.5804531125 0.591012109375 0.7123161687499999 0.574750740625 0.7207828734375 0.6042150937499999 0.7853576484375