19 0.6748046875 0.554947915625 0.6318359375 0.5445312484375 0.5283203125 0.5419270828125 0.486328125 0.621354165625 0.4765625 0.7203124984375 0.4765625 0.8088541656249999 0.4951171875 0.8257812484375 0.607421875 0.8296874984375 0.603515625 0.9885416656249999 0.6071428578125 0.9953125 0.9999981625000001 0.9953125 0.9990234375 0.4429687484375 0.9326171875 0.4351562484375 0.8837890625 0.492447915625 0.6884765625 0.47942708281249996 0.67578125 0.4937499984375 0.6748046875 0.554947915625
5 0.227099609375 0.2990234390625 0.251513671875 0.44615885468750005 0.259326171875 0.4669921890625 0.276904296875 0.4826171890625 0.233935546875 0.6310546890625 0.257373046875 0.565950521875 0.287646484375 0.538606771875 0.298388671875 0.542513021875 0.299365234375 0.6037109390625 0.306201171875 0.558138021875 0.320849609375 0.5360026046875 0.3313074453125 0.64375 0.331654575 0.64375 0.333544921875 0.5555338546875 0.342333984375 0.5438151046875 0.352099609375 0.562044271875 0.358935546875 0.5373046890625 0.366748046875 0.5399088546875 0.358935546875 0.519075521875 0.359912109375 0.49694010468750005 0.367724609375 0.507356771875 0.389208984375 0.4943359390625 0.403857421875 0.4982421890625 0.395068359375 0.48131510468750005 0.372607421875 0.4669921890625 0.375537109375 0.45787760468750005 0.404833984375 0.4630859390625 0.409716796875 0.48522135468750005 0.405810546875 0.5008463546875 0.415576171875 0.5086588546875 0.419482421875 0.49563802187499995 0.411669921875 0.4669921890625 0.428125 0.458216146875 0.428125 0.41145833437499996 0.427294921875 0.3992838546875 0.354052734375 0.390169271875 0.346240234375 0.42923177187499995 0.341357421875 0.3732421890625 0.324755859375 0.3016276046875 0.227099609375 0.2990234390625
5 0.38867563125000004 0.36875 0.38867563125000004 0.3314453125 0.37598031875000004 0.3327473953125 0.37402719375000004 0.3223307296875 0.35449594375000004 0.3197265625 0.35355318593749996 0.36875 0.38867563125000004 0.36875
5 0.48642578125 0.5615885421875 0.49912109375 0.555078125 0.5036430015625 0.5828125 0.5047732468749999 0.5828125 0.52255859375 0.531640625 0.53232421875 0.539453125 0.55185546875 0.5212239578125 0.55771484375 0.539453125 0.57724609375 0.539453125 0.58017578125 0.519921875 0.58505859375 0.5186197921875 0.59775390625 0.5381510421875 0.58994140625 0.49388020781249997 0.60556640625 0.433984375 0.6171875 0.3454427078125 0.6171875 0.3216145828125 0.61630859375 0.3180989578125 0.50595703125 0.316796875 0.49033203125 0.46783854218750004 0.48056640625 0.48346354218750004 0.50205078125 0.49908854218750004 0.48642578125 0.5615885421875
9 0.38974609375 0.374739584375 0.42880859375 0.374739584375 0.43017578125 0.3765625 0.43955079062499997 0.3765625 0.4453125 0.3760503484375 0.4453125 0.35247395937500003 0.44345703125 0.3500000015625 0.44345703125 0.323958334375 0.4453125 0.321484375 0.4453125 0.32122395937500003 0.44248046875 0.3174479171875 0.42099609375 0.3174479171875 0.41904296875 0.3148437515625 0.38681640625 0.316145834375 0.38681640625 0.370833334375 0.38974609375 0.374739584375
21 0.41064453125 0.395963540625 0.41845703125 0.393359375 0.4355957046875 0.396875 0.49566406250000006 0.396875 0.496875 0.3888020828125 0.496875 0.38333333281250004 0.49462890625 0.380338540625 0.40673828125 0.377734375 0.35205078125 0.369921875 0.33935546875 0.373828125 0.34228515625 0.3907552078125 0.41064453125 0.395963540625
2 0.4806640625 0.3701822921875 0.4787109375 0.367578125 0.473828125 0.3740885421875 0.47466796875000006 0.3796875 0.4953125 0.3796875 0.4953125 0.3709635421875 0.4923828125 0.3701822921875 0.4904296875 0.367578125 0.4884765625 0.367578125 0.4865234375 0.3701822921875 0.4806640625 0.3701822921875
21 0.22119140625 0.3736979171875 0.22607421875 0.3802083328125 0.22802734375 0.3802083328125 0.22998046875 0.3828125 0.24169921875 0.3828125 0.2421875 0.382161459375 0.2421875 0.3782552078125 0.24072265625 0.3763020828125 0.24072265625 0.37109375 0.23583984375 0.3671875 0.23388671875 0.3671875 0.23193359375 0.3697916671875 0.22998046875 0.3671875 0.22802734375 0.3697916671875 0.22216796875 0.3697916671875 0.22119140625 0.37109375 0.22119140625 0.3736979171875
21 0.25615234375 0.48528645781249996 0.25615234375 0.5009114578125 0.25419921875 0.503515625 0.25419921875 0.5295572921875 0.25224609375 0.5321614578125 0.25224609375 0.5390625 0.25810546875 0.5390625 0.25810546875 0.534765625 0.26201171875 0.526953125 0.26201171875 0.5217447921875 0.26591796875 0.5139322921875 0.26591796875 0.5061197921875 0.2671875 0.5044270828124999 0.2671875 0.47395833437499996 0.26494140625 0.47096354218750003 0.26298828125 0.47096354218750003 0.26103515625 0.468359375 0.25810546875 0.46966145781249996 0.25810546875 0.48268229218750003 0.25615234375 0.48528645781249996
21 0.611328125 0.4778645828125 0.61328125 0.48046875 0.615234375 0.53515625 0.6181640625 0.5416666671875 0.62890625 0.5403645828125 0.626953125 0.4205729171875 0.625 0.4127604171875 0.6279296875 0.4088541671875 0.6591796875 0.4088541671875 0.6640625 0.40234375 0.6640625 0.39453125 0.6591796875 0.390625 0.6123046875 0.3880208328125 0.609375 0.3919270828125 0.609375 0.43359375 0.611328125 0.4361979171875 0.611328125 0.4778645828125
11 0.05625 0.17421874843750002 0.05625 0.0686553015625 0.04619140625 0.057682290625 0.00126953125 0.036848956249999995 0.00029296875 0.36627604062499997 0.05224613593750001 0.36875 0.0549813171875 0.36875 0.05625 0.17421874843750002
3 0.0239576234375 0.678125 0.129052734375 0.620572915625 0.1296875 0.48600260312500004 0.1296875 0.41352453437500003 0.000146484375 0.4070312484375 0.000146484375 0.49557291562500005 0.015771484375 0.5007812484375 0.013818359375 0.659635415625 0.0190185546875 0.678125 0.0239576234375 0.678125