21 1 0.546519628125 0.8963828359375 0.5139678562500001 0.8743731312499999 0.5348480640625 0.684423884375 0.49660298125 0.5979450046875 0.46757194843749994 0.5815415765624999 0.44704628125 0.3719279484375 0.3961019 0.060372307812500005 0.3362683328125 0.0494695765625 0.342470390625 0.0495189078125 0.37229914375 0.06286562500000001 0.39217508749999996 0.211214784375 0.4833442078125 0.06897605 0.919553328125 0.110241653125 0.928324603125 0.199357925 0.7044609609375 0.25214590000000003 0.553810796875 0.27064107656249997 0.519404296875 0.532799940625 0.6688424359375 0.6848678671874999 0.765061759375 0.6706232703125 0.8621381609375 0.6388263750000001 1 0.744695734375 1 0.7697621453125 0.8917302828125001 0.7747803609374999 0.8906670625 0.7748050265625 0.9055814375000001 0.76310999375 0.960602240625 0.7714138296875 0.966627028125 0.807921703125 0.8700230812499999 0.876648375 0.8548131187499999 0.93493013125 0.858681784375 1 0.5525521203125 1 0.546519628125
11 1 0.10575078906249999 0.9977695640625001 0.10461768593750001 0.6297880953125 0.10733610625000001 0.5866774015625 0.3026407640625 0.696743671875 0.34094520625 0.7015013999999999 0.44632042656250004 0.8115221140625 0.473566453125 0.8846340375 0.48910687187499996 0.947753146875 0.347441640625 1 0.15648374062499998 1 0.10575078906249999
9 0.7916130203125 0.51086723125 0.856625378125 0.5262834421875 0.8785471359375 0.5309430546875 0.9616265625 0.3723548734375 0.962226521875 0.347456353125 0.9618762734375 0.3473819046875 0.94481465 0.3687813921875 0.8754190062499999 0.50738198125 0.8374390234375 0.505698715625 0.7821893125 0.4875653984375 0.7793615093749999 0.493353959375 0.7916130203125 0.51086723125
2 0.67948176875 0.44470170624999994 0.6690121875 0.44886595625 0.6113678234375 0.4344833921875 0.5919570140625 0.44313675625000004 0.5865303140625 0.4611521609375 0.6930173734375 0.49629970781250005 0.7173345890625 0.5014684921875 0.727367940625 0.4974777515625 0.7869738093749999 0.5101473703125 0.7856496953125001 0.5013464171875001 0.7535295625 0.4796099359375 0.74542996875 0.4651090578125 0.67948176875 0.44470170624999994
5 0.08513688281250001 0.8144978484375001 0.1301775 0.7303569734375001 0.1498235421875 0.674469565625 0.1505282015625 0.6711544 0.152521690625 0.6477814515625 0.0028118234375 0.9038922812499999 0.01840723125 0.9072071875000001 0.0222138140625 0.9076169500000001 0.06901169375 0.8302392203125001 0.08513688281250001 0.8144978484375001
5 0.1373570984375 0.612876209375 0.152863465625 0.632279378125 0.15729330625 0.6332209703125 0.1618354546875 0.6329883781250001 0.21113356875 0.483726296875 0.119587140625 0.42592973125 0.11316389843750001 0.5012399734375 0.11960489062499999 0.5686352109375 0.1373570984375 0.612876209375
3 0.5545326015625001 0.2659899078125 0.5636287390625 0.2231959515625 0.58380718125 0.15080946875 0.617635246875 0.14948034062499999 0.6265271421875 0.11516247500000001 0.5336812671875 0.06347933125 0.184097359375 0.0799142625 0.166280940625 0.15364620625 0.2964447421875 0.2026121359375 0.306938990625 0.2133622625 0.3127672578125 0.3061857796875 0.3230572640625 0.3254119953125 0.31635578125 0.3644551984375 0.320686178125 0.388404940625 0.5448898703125 0.43606090625 0.5506520078125 0.42703565625 0.5576386453125 0.2964683859375 0.5768452109375 0.296291115625 0.5816345203125 0.288789609375 0.5735349265624999 0.2742887296875 0.5545326015625001 0.2659899078125
5 0.11308628437499998 0.140875040625 0.12146411718750001 0.19164295625 0.11888297031249999 0.3465752828125 0.3175692015625 0.3888073453125 0.314494740625 0.24545213906250002 0.30461321875 0.2092737375 0.1209323046875 0.1340232578125 0.11308628437499998 0.140875040625
5 0.3796653921875 0.9834625109375 0.3975725109375 0.9893986625 0.3829648421875 0.7349683109375 0.3912440109375 0.7260787203125 0.460174925 0.7023926671875 0.4690914859375 0.6829891781249999 0.35457039218749997 0.590490928125 0.324158190625 0.5456888421875 0.2699790203125 0.51500381875 0.24126783437500002 0.57492723125 0.19107875624999998 0.71335055 0.184581515625 0.7439176625 0.188300284375 0.7489678625 0.19306492656250002 0.72655198125 0.22422009843750002 0.69270656875 0.230333521875 0.6940060156250001 0.217772190625 0.753102434375 0.198336715625 0.746841421875 0.1931142578125 0.7563807328125 0.197061934375 0.7678692203125 0.1789505734375 0.770409159375 0.1750028984375 0.7589206734375 0.16761469375 0.7786490265625 0.165882096875 0.7868002546875 0.17724264218750002 0.7934747671875 0.1915049890625 0.8391038468750001 0.176982153125 0.899913209375 0.191603653125 0.898761353125 0.2033480171875 0.8735693031249999 0.2193182953125 0.8961327765625 0.20854580937499997 0.8491156125 0.22612535625 0.7889559734375 0.2442120515625 0.7715016578125 0.246860278125 0.789103565625 0.22110022499999998 0.9178103015625 0.22028325781250002 0.95171466875 0.24168023593750002 0.9562627359375 0.25818924375 0.9086548046875 0.319379715625 0.823686934375 0.3681321859375 0.8723873640625 0.3796653921875 0.9834625109375
5 0.5577228796875 1 0.6003189124999999 0.8471945078124999 0.660463509375 0.7896927203125 0.679465834375 0.7979915421875 0.6887908781250001 0.76163586875 0.5957160953125 0.703514440625 0.578037884375 0.7040165734375 0.5710334968749999 0.6918783640624999 0.5380470640625 0.6742174999999999 0.43204488281250003 0.84976453125 0.4290128375 0.8640291828125 0.440577625 0.8622276031249999 0.49891562812499995 0.768133915625 0.5281339609375 0.750915825 0.5647898296875 0.7437981375 0.58307385 0.8456588328124999 0.545703371875 1 0.5577228796875 1
5 0.6967809734375 0.44598265625 0.700351746875 0.36154659843750003 0.6955131078125001 0.33921935 0.565616503125 0.295102434375 0.56093591875 0.2941075453125 0.5535802750000001 0.3005310921875 0.5475073484374999 0.441409490625 0.5864513328125 0.4496872890625 0.6160070328125 0.4352032546875 0.667104825 0.450324178125 0.6967809734375 0.44598265625
3 0.503530428125 0.7084133484375 0.5077260671875 0.709305159375 0.5196060296875 0.7083692765625 0.5391964140625001 0.6763254437499999 0.3309878125 0.5511340437500001 0.329917271875 0.56368575 0.3537582375 0.5943118187499999 0.503530428125 0.7084133484375
19 0 0.8579733781250001 0.0035888390625000003 0.8589306875 0.0341066203125 0.8355991749999999 0.0434563296875 0.8141578796875001 0.0872044140625 0.6083393203125 0.0788759140625 0.5874001578125 0 0.5152109109375 0 0.8579733781250001