19 0.88334085625 1 0.9448817890625 0.7677570640625 0.8749431062499999 0.7571051453125001 0.7787310796875 0.6935807656249999 0.6893881000000001 0.6723374171875001 0.634741940625 0.6913954203125 0.6011125109375001 0.7753975359374999 0.5462664187499999 0.7687896640625 0.5258494890625001 0.780843171875 0.4821776640625 0.8985508640625 0.45597460468750006 1 0.88334085625 1
3 0.61985205 0.28852779375000004 0.6149340624999999 0.2804699421875 0.5051096687500001 0.23756242656249998 0.52000556875 0.178197025 0.5432572203125 0.11028641406249999 0.58152725625 0.125932903125 0.6606311515625001 0.11747237968749999 0.6733663359375 0.11144865 0.6767363750000001 0.098871490625 0.5358528578125 0.0247254375 0.528777396875 0.032265684375 0.46434353437500003 0.2576435390625 0.5150101296875 0.287395803125 0.496879640625 0.3512865625 0.5570468296875 0.3795404546875 0.5364234828125001 0.4414152390625 0.541273746875 0.45349898906249997 0.41608586406250003 0.42265102656250003 0.3827918171875 0.524267215625 0.364593603125 0.592183875 0.3662092765625 0.608792984375 0.3544834828125 0.629915353125 0.37894121875 0.6405128312499999 0.47973909218750005 0.6567374140625 0.49590461093749993 0.6736054984375001 0.5204677828125 0.68018718125 0.5304734125 0.6824637765625 0.577773209375 0.6870496234375 0.5109369078125 0.642180571875 0.5614165359375 0.4952926609375 0.6536554812500001 0.5321401546875 0.6578317359375 0.5467393390625 0.6130795546875001 0.6911178671875 0.6224447 0.6976712968750001 0.686862353125 0.6610113203125 0.70626665 0.67160275 0.75733959375 0.677199609375 0.8323962 0.7215752515625 0.887284909375 0.5638921453125 0.8890334265625001 0.5573665890624999 0.8099089703125 0.5187395015625 0.6977916546875 0.4994818828125 0.6614081921875 0.4843409 0.647125059375 0.4697296203125 0.5716621046875 0.44950938125000006 0.61985205 0.28852779375000004
11 0.8491768953125 0.48727061718750003 0.9206184953125 0.25837841875 0.7490112375 0.1706079015625 0.681230028125 0.1443578859375 0.6639089968749999 0.1976814109375 0.6529926625 0.20823654687499998 0.5978594609375001 0.40645015625 0.6033160078125 0.42004437499999997 0.7108507203125 0.4488582140625 0.7113892765625 0.45439458593750004 0.6612579984375 0.46792226562500006 0.6560691109375 0.47596801875 0.7429912 0.5068750109375 0.748988959375 0.50848210625 0.75538351875 0.505275265625 0.7511395375000001 0.4947019828125 0.7233150046875 0.4589380875 0.737262753125 0.45593529843749997 0.8427754406249999 0.4922954328125 0.8491768953125 0.48727061718750003
5 0.956023678125 0.717874040625 0.9516282781250001 0.7149719609375 0.9599034375000001 0.703394584375 0.9671349046875 0.67640638125 0.91321955 0.7451208484375 0.9062500984374999 0.7576753375 0.914041903125 0.7597631453125 0.9381513609375001 0.727537021875 0.955240925 0.72079531875 0.956023678125 0.717874040625
5 1 0.470316090625 0.9813431125 0.46471976562500006 0.9680564031250001 0.6161814265625 0.9771809625 0.638913984375 1 0.553752178125 1 0.470316090625
3 0.20428175624999997 0.1596518609375 0.2079194546875 0.16871467499999998 0.24497692343750002 0.18134022656249998 0.3007337171875 0.1630423734375 0.3008692765625 0.16253645781249998 0.09567317187499999 0.0820217078125 0.05934446718750001 0.2138291265625 0.07219719531249999 0.22522630000000002 0.0724525078125 0.2252947109375 0.10052019375000001 0.131849034375 0.20428175624999997 0.1596518609375
3 0.061228089062500005 0.3271627703125 0.0558905296875 0.340291146875 0.0554187234375 0.34205195 0.0583288828125 0.3493022 0.35452098125 0.428666634375 0.3201465765625 0.5569536578125 0.2786419515625 0.5458325265624999 0.2562707234375 0.561406428125 0.1755511546875 0.55325784375 0.1116075765625 0.5617365140625 0.1653055859375 0.5990411234375 0.196771059375 0.6061242546875001 0.3347618515625 0.6269225859375 0.38609716875 0.4542023140625 0.3957579484375 0.4181477921875 0.388482553125 0.400022165625 0.1936268859375 0.3424186828125 0.18715770625 0.3514693984375 0.09538959375 0.32418417499999996 0.0720766984375 0.3206335359375 0.061228089062500005 0.3271627703125
3 0.302369025 0 0.4579855390625 0.0704529390625 0.4222631203125 0.20377082500000002 0.3205235796875 0.168421703125 0.277870871875 0.187997309375 0.3009805921875 0.20362565 0.4375607953125 0.25194994375 0.44239581406250006 0.25324548281250003 0.46957045624999993 0.1728609421875 0.4877237375 0.10511197812499999 0.5120286578125001 0.0121408921875 0.4875936796875 0 0.302369025 0
2 0.393102978125 0.40826988750000004 0.4006944078125 0.4103040046875 0.420067859375 0.3455330796875 0.41905846875 0.330434440625 0.407739025 0.3274014046875 0.392510984375 0.3314091578125 0.38920866875 0.33996041718750003 0.393102978125 0.40826988750000004
2 0.5515572546875 0.37399310625000004 0.4349657484375 0.34143686406249996 0.4179123765625 0.4164003625 0.46693393437499997 0.4312880703125 0.5315648265624999 0.448605865625 0.5515572546875 0.37399310625000004
2 0.1881720015625 0.335609921875 0.09342691875 0.3075494890625 0.0870254640625 0.31257430468749997 0.0874660296875 0.32152185625 0.18493084531249998 0.34763747500000003 0.18501539843749998 0.3473905265625 0.1881720015625 0.335609921875
2 0.19732563593750002 0.30748512968749997 0.207273990625 0.2703573640625 0.2044578703125 0.26652930937499997 0.1761592609375 0.2589467203125 0.1341805609375 0.2760068953125 0.1875841296875 0.3289369921875 0.19060854375 0.32974738124999997 0.19732563593750002 0.30748512968749997