4 1 0.4461959859375 0.7905795375 0.483509484375 0.43580701250000003 0.5848468796875 0.4322626828125 0.5964661375 0.49726289218749997 0.8830025203125 0.2854902546875 0.976598490625 0.2804298390625 0.988595753125 0.2839309421875 1 0.3600011640625 1 0.3708706828125 0.9961058812499999 0.578099134375 0.8972015687500001 0.52820274375 0.6970780750000001 0.544379771875 0.684456240625 0.572677346875 0.6816950859375 0.5948942734375 0.70621535 0.600958621875 0.7047033375 0.6247160859374999 0.6901914890625 0.795538071875 0.632571003125 0.8051426734374999 0.6258820828125 0.8046549703125001 0.598091228125 0.8430611515624999 0.590662603125 0.855181696875 0.6005232828125 0.8960060171875 0.7642606875 0.9869671671875 0.7480228609374999 1 0.748176725 1 0.4461959859375
13 0.22093105 0.691830878125 0.21485854999999998 0.70622759375 0.2420788390625 0.8089435109374999 0.257219334375 0.8373752375000001 0.28394376875 0.925185003125 0.2990924140625 0.9407320265625 0.368332490625 0.9148800906250001 0.37590884999999996 0.9194324265624999 0.335474428125 0.93810230625 0.3640585703125 0.931646453125 0.43002188593749996 0.9151999515625 0.45828563125 0.8945993640625 0.44717716875 0.882339234375 0.484575340625 0.8708677109374999 0.4845997921875 0.832213603125 0.441255453125 0.6583689515625 0.4139944125 0.620076546875 0.3882290828125 0.6136178937500001 0.3361699671875 0.6373332484375 0.2356042171875 0.6602599953125 0.2163909390625 0.6800801843750001 0.22093105 0.691830878125
6 0.91386731875 0.43545929843750003 0.684946321875 0.47965304375000006 0.5823564046875 0.50737869375 0.5186929734375 0.5039277640625001 0.45198514218749997 0.5205598953125 0.37365261875 0.5422374999999999 0.37516463125 0.5483018484375 0.423663115625 0.5619751578125001 0.35695120937499997 0.5850496390625 0.20382641562499998 0.6232279390625 0.157356171875 0.598313371875 0.0850879953125 0.6184789625 0.0997204109375 0.6513315921875 0.028460243750000003 0.6755400828125 0.032492275 0.691711678125 0.8082370781250001 0.4768256578125 0.9790427625 0.4449745765625 0.97501073125 0.42880298124999994 0.91386731875 0.43545929843750003
4 0.21885988437499998 1 0.138074715625 0.6759883828125 0.06833878593750001 0.68693416875 0.033972787500000004 0.6976496859375 0.10935718750000001 1 0.21885988437499998 1
18 0.1048397515625 0.6460293609375001 0.0922233515625 0.62126253125 0.08313090468749999 0.6170881968749999 0.016931153125 0.6292994249999999 0.0314842671875 0.6876687796875001 0.037332026562499995 0.68621076875 0.0649093328125 0.6667206921875 0.09775924531249999 0.656383178125 0.1048397515625 0.6460293609375001
20 0.1916836234375 0.6235715859375001 0.424460896875 0.5655336937500001 0.407911890625 0.5504700125 0.3659776828125 0.5437484921875 0.21487705468749999 0.5771278859375 0.1744467078125 0.5893554156249999 0.16129777812499999 0.6076635953125 0.1916836234375 0.6235715859375001
10 0.8562011609375 0.436686028125 0.9833440281250001 0.4149161421875 0.993463928125 0.41239296718749996 0.9649247046875 0.2979283953125 0.8330332796875 0.31792995 0.834520840625 0.36264840625 0.849636884375 0.42973424062500004 0.8562011609375 0.436686028125
5 0.8526809515625 0.6098694296875 0.8466206796875 0.6049390906250001 0.8380240859375 0.6156709078125 0.8324759671875 0.599877315625 0.8264116187500001 0.6013893265625 0.82488330625 0.621094384375 0.8102305140625001 0.6204535124999999 0.58482124375 0.7045668078125 0.572704771875 0.688263778125 0.5348066703125001 0.6912715015625001 0.538318396875 0.7311910515625 0.6012461 0.9771806562500001 0.6207795875000001 0.9723104109375 0.6260965890625 0.9540762265625 0.633677025 0.9521862125 0.6316487828125 0.96342746875 0.6564101796874999 0.9594008703125001 0.9096374734375001 0.8318508625 0.8526809515625 0.6098694296875
4 0.6089545078125 0.7949013500000001 0.6180428796874999 0.8055180343749999 0.6271394031249999 0.803250015625 0.8277913515625 0.7167209671875 0.8217514546875 0.6795788703125 0.7969900578125 0.68360546875 0.6074628718749999 0.7566252453125 0.6029105359375 0.7642016046875 0.6089545078125 0.7949013500000001
4 0 0.3614767296875 0.03321020625 0.3555096921875 0.044959903125 0.35258016406250003 0.0478102078125 0.3397920015625 0 0.15340970781250002 0 0.3614767296875
4 0.44905220625000003 0.11481607187500001 0.44752796874999995 0.1280787765625 0.5251079 0.49736315 0.566958884375 0.5058499484375 0.6665184546875 0.481026959375 0.7307795125000001 0.4632603515625 0.727775865625 0.4189199 0.6914957312500001 0.2604908359375 0.6587762265625 0.06467311249999999 0.48747468749999995 0.08161804218749999 0.44905220625000003 0.11481607187500001
16 0.3545194359375 1 0.3809874390625 0.978553709375 0.3587582875 0.9733605000000001 0.358262434375 0.9584543484375001 0.34714989531249996 0.9526365703125 0.3036792234375 0.9785048078124999 0.2895345109375 0.9734430328125001 0.25524186718749997 0.868196228125 0.23156590625 0.75386105 0.20232145156249998 0.6559440375000001 0.156842915625 0.660841775 0.13308545 0.6753536234374999 0.211208190625 1 0.3545194359375 1