14 0.5717677359375 0.2450266546875 0.56218911875 0.26002966562499996 0.5504694203125 0.3001360921875 0.5477156140624999 0.3506677828125 0.499952771875 0.3724636203125 0.4838275828125 0.38820499218750004 0.450883565625 0.5281639859375 0.4025079984375 0.5753881 0.3895135171875 0.6365223249999999 0.4511302234375 0.67730775 0.537319028125 0.7124005234374999 0.551265265625 0.7153648875 0.56705634375 0.6955589796874999 0.6164284546875 0.591040028125 0.6458826109375 0.45246911875 0.64058615625 0.4172653015625 0.6016412109375 0.3600001453125 0.6248517 0.2733490078125 0.6136707296874999 0.2432840296875 0.599253471875 0.23595979374999998 0.5717677359375 0.2450266546875
19 0.9048920171875 1 0.9327373124999999 0.8689981828125 0.9065510250000001 0.871951621875 0.88645349375 0.86129013125 0.8883410015625 0.8148340546874999 0.9116254890625 0.7729260484375 0.856326446875 0.7249639765625 0.870032315625 0.6980589828125 0.9384560828125 0.63166760625 0.9406218296875 0.62147856875 0.8569707531249999 0.586658975 0.8404124156250001 0.604438153125 0.8282349015625 0.6316680109374999 0.8050244125000001 0.718319146875 0.7884414078125 0.7211839484375 0.6394795234374999 0.655443103125 0.6405500640625 0.642891396875 0.676674121875 0.5781540078125 0.685999165625 0.5417983359375 0.645142046875 0.516074878125 0.6327109609375 0.5219520734375 0.6131945734375 0.598739034375 0.5531486390625 0.715898328125 0.5608397484375 0.747351390625 0.5178908812499999 0.7765601 0.5007938140625 0.864510684375 0.505836696875 0.8783618390625 0.5298819031249999 0.9005118156249999 0.5028786484375 0.9373696218750001 0.48815701718750004 1 0.9048920171875 1
15 0.9106385687499999 0.7700539281250001 0.8934428390625 0.79834700625 0.8813146578125 0.8554056156250001 0.889237771875 0.8654761140625 0.902391184375 0.8682719578125001 0.9328455999999999 0.86848873125 0.9915250046875 0.5849086265625 0.915892609375 0.6476378859375 0.857072125 0.713940628125 0.8570967906250001 0.728855003125 0.9106385687499999 0.7700539281250001
15 0.393273553125 0.5300290296875 0.459396153125 0.41296331718749996 0.3512913859375 0.3729459296875 0.33603249687500003 0.3846116859375 0.2661543703125 0.4954213296875 0.3789513890625 0.5269847609375 0.393273553125 0.5300290296875
15 0.830223478125 0.6298277015625 0.8648191796875 0.5647654531249999 0.8512682203124999 0.5533656031249999 0.7125963421875 0.506850975 0.7005984046875 0.5106903640625 0.6905866374999999 0.5277311828125 0.67626804375 0.5800644546875 0.6364498843749999 0.6546660171875 0.8037520359375 0.72430520625 0.830223478125 0.6298277015625
19 0.267193096875 0.4905836609375 0.3201043984375 0.41450538124999997 0.326604978125 0.3989038296875 0.3266175234375 0.3988448078125 0.3172272640625 0.3904651875 0.14956596093750002 0.367606934375 0.10824691718749999 0.5397306640624999 0.196834896875 0.5585606203125 0.21283435 0.48328910625 0.267193096875 0.4905836609375
21 0.4593088578125 1 0.5177161171875 0.769867090625 0.562422246875 0.7474215281250001 0.5634927875 0.734869821875 0.3819776203125 0.649430303125 0.3824601015625 0.67722125 0.37137779375 0.7068137765625 0.3611371203125 0.7174163109375 0.18797511875 0.667830334375 0.1816327890625 0.6600926015625 0.19029577656250002 0.6193364515625001 0.103204171875 0.6157336921875001 0.0909526609375 0.5982204203125 0.0496623921875 0.5745347703125 0.0507329328125 0.5619830625 0.0659918234375 0.5503173046875001 0.0522366234375 0.547393546875 0 0.5511970265625 0 0.6719222968749999 0.10645820937499999 0.7356984296875 0.085184559375 0.8057222421875 0.089565384375 0.8151729218750001 0.11116660468749999 0.811244896875 0.12044231718750001 0.745060471875 0.218968465625 0.8000808703125 0.2499687265625 0.804540303125 0.3299257015625 0.8492240734375001 0.48477901562500003 0.7820349796875 0.49547750468749996 0.7843090140625 0.44075080624999996 0.9969790859375 0.4549630890625 1 0.4593088578125 1
9 0.183281765625 0.6673652 0.34037595625 0.7168637890625 0.35125831875 0.71917690625 0.369970059375 0.71343665 0.40352680156250004 0.54804938125 0.40001227500000003 0.5345230875 0.217246990625 0.4850257453125 0.206802075 0.504104371875 0.183281765625 0.6673652
9 0.1391534640625 0.5443032953125 0.12998333125 0.5423541234375 0.0614609015625 0.5490879921875 0.049691870312500004 0.559365665625 0.047092974999999995 0.5715925109375 0.0741948921875 0.5943922109375 0.0883832421875 0.5952781625 0.10381606562500001 0.6154644031250001 0.11572450625 0.6179956203125 0.1892547140625 0.61671905625 0.1855112796875 0.596754478125 0.1911668875 0.5851773578125 0.17914428437500002 0.5741023671875001 0.1588425109375 0.5719169703125 0.1391534640625 0.5443032953125
16 0.43672649531249996 0.331735421875 0.45048169531250004 0.3346591796875 0.49779363906249996 0.17219566718749998 0.49165555000000005 0.1559818421875 0.45647870468749996 0.133595640625 0.40186638593749996 0.1049484234375 0.374355984375 0.09910090625 0.365414759375 0.10359001875 0.3079608046875 0.3363135734375 0.31476095000000004 0.356927875 0.3326434015625 0.34794965 0.3333408953125 0.381510340625 0.3384522765625 0.3825967984375 0.3690950296875 0.349308053125 0.38221283906250003 0.36274571093749997 0.39003419375 0.340979553125 0.3854244609375 0.325090590625 0.42342910937499995 0.3416882328125 0.43672649531249996 0.331735421875
7 0.6815467484375 0.4725627890625 0.6959393406250001 0.46497264843749997 0.7499281 0.24855155468749998 0.7038485234375 0.23236740937499997 0.6759049734375 0.2285577015625 0.6606460828125 0.24022345781249999 0.62510316875 0.39240929687500004 0.6579346921875 0.44837500625000004 0.654469496875 0.464677465625 0.6815467484375 0.4725627890625
4 1 0.23338646093749998 0.9238330703125 0.219490034375 0.915962384375 0.211427440625 0.8288461140625 0.19291030468749998 0.6830149390625 0.1725623140625 0.6678300453125 0.22897119843749997 0.7483997437500001 0.2482266921875 0.726488703125 0.3287644078125 0.7313026781249999 0.336177278125 0.8118723765625001 0.355432771875 0.8266487859374999 0.31597607031249997 0.8227997734375 0.364145090625 1 0.4018101609375 1 0.23338646093749998
10 0.8103710921875 0.35498054843750004 0.72717783125 0.333037521875 0.7044251578125 0.432565228125 0.7719816125000001 0.4603696390625 0.7797343296875 0.4620175296875 0.8103710921875 0.35498054843750004
18 0.929038309375 0.4985452921875 0.933026371875 0.4993929796875 0.9339648609375001 0.4949777328125 0.9309610375 0.44863565625 0.924847615625 0.44733620781249994 0.9229107765625001 0.463963528125 0.906148196875 0.49021879999999995 0.929038309375 0.4985452921875