19 0.19709561874999998 0.557284865625 0.20272656093750002 0.53079336875 0.219489140625 0.504538096875 0.3199274640625 0.528016796875 0.3341158125 0.5289027484375 0.3375810078125 0.5126002875 0.40373345 0.524531546875 0.41761889375 0.47423608437500003 0.399458203125 0.44694727187499994 0.27606988125 0.40368126406249993 0.2009762140625 0.3962391171875 0.16870116875000002 0.4128074828125 0.13191562031249998 0.6453982546875 0.1753773203125 0.654636325 0.1945707203125 0.614254840625 0.313349309375 0.641631884375 0.31558905312499996 0.676185978125 0.33421447656250003 0.5885602546875 0.2038710984375 0.5629847906250001 0.19709561874999998 0.557284865625
15 0.2494194265625 0.571335215625 0.33279440781249997 0.5877259421875001 0.3342241 0.5283932984375 0.2215589328125 0.5023157015625 0.20087334218750003 0.5319968640625 0.199433934375 0.5607104703125 0.2494194265625 0.571335215625
21 0.3911703171875 0.7640014765625 0.330951721875 0.776760134375 0.35436645312500004 0.6816329062500001 0.3847293234375 0.6966062390625 0.4090034375 0.7251944984375001 0.411169184375 0.7150054625 0.40131232812500006 0.6937414359375 0.3595889109375 0.67209359375 0.36695245 0.637450865625 0.48463583281249994 0.662465240625 0.480533246875 0.6892815999999999 0.4877418765625 0.6929437187499999 0.496862678125 0.6650641359375 0.56563868125 0.6796829265625 0.5615360953125 0.7064992859375 0.5687447234375 0.7101614046875 0.5761575953125 0.70534743125 0.5843874328124999 0.6666290874999999 0.6127641328125 0.6684009890625 0.6107779609375 0.6551995578125 0.5329127375 0.5555836203125 0.49972206406249997 0.5463988484375 0.493657971875 0.574928153125 0.553517415625 0.6089504328124999 0.552446875 0.6215021390625 0.4793147125 0.612347046875 0.4233782796875 0.5748988765624999 0.4283224984375 0.5290925265624999 0.341206228125 0.510575390625 0.33358911562500004 0.52386545625 0.3339166859375 0.5899612484375 0.307903059375 0.697315321875 0.32405291406250003 0.696488328125 0.34028368124999997 0.6126133578124999 0.352077378125 0.6172500609375 0.3050436734375 0.8159806093749999 0.298292859375 0.8251950625 0.29992731250000004 0.8360587390625 0.3077760578125 0.837727040625 0.3214471015625 0.8365062765625 0.3231303671875 0.79852629375 0.32988118125 0.7893118421875001 0.3955511421875 0.7734521546875001 0.39728373906250003 0.765300925 0.3911703171875 0.7640014765625
19 0.904892015625 1 0.9630848390625 0.7262242953125 0.8772680156250001 0.7015937375 0.84425691875 0.6690184968749999 0.7964200781249999 0.64607120625 0.79749061875 0.6335194984375 0.82296551875 0.59633683125 0.775660490625 0.6310092375 0.7227807687500001 0.594210790625 0.7434663593749999 0.5645296296875 0.7905424796875 0.5234189375 0.793141375 0.51119209375 0.6477186828125 0.47389191718749996 0.59976935 0.646869328125 0.610925653125 0.6620199312499999 0.598723475 0.6743354109374999 0.5956914296875 0.6886000640625001 0.6064145843750001 0.7057884750000001 0.6046819875 0.7139397046875 0.43722492500000004 0.6826053609375 0.41781411718749994 0.6912587234375 0.3770487453125 0.852983875 0.3797216390625 0.885500159375 0.371287559375 0.93269459375 0.3746471765625 0.9845257328124999 0.44744788125 1 0.904892015625 1
9 0.4255416203125 0.5797515796875 0.4799895078125 0.6139547703125 0.487461096875 0.6155429046875 0.5559096625 0.6202414203125 0.5565470546875 0.6097275203125 0.49515925625 0.5753803796875 0.500029478125 0.48483089843749994 0.43690908124999994 0.4586349875 0.4255416203125 0.5797515796875
15 0.8839517484374999 0.5198450515624999 0.8208313531250001 0.493649140625 0.7478225187499999 0.5590659312499999 0.7223476203125 0.5962486 0.76911391875 0.6317475984375001 0.7863589796875 0.633283271875 0.8179719671875001 0.6123144296875 0.8807154609375001 0.542585796875 0.8839517484374999 0.5198450515624999
15 0.7933633671875 0.64542148125 0.845352125 0.6713811671875 0.88490979375 0.7032180484375 0.9112509921875 0.661959765625 0.9384338234375 0.601711490625 0.950864909375 0.5958342953125 0.9729239453125 0.604782840625 0.99383844375 0.5815399625000001 0.9977367875 0.5631996953125 0.9564711859375 0.5544284203125 0.89684065 0.526844425 0.8386575578125001 0.5826332671875 0.7933633671875 0.64542148125
15 0.8852617281249999 0.7015623296875 0.9466743859375001 0.7179439249999999 0.964059425 0.721639228125 0.9868268375 0.6145269718749999 0.9477269828124999 0.595566659375 0.935295896875 0.6014438546875 0.9152970281249999 0.650439871875 0.8852617281249999 0.7015623296875
19 0.8464021781250001 0.5078701265625 0.8837447703124999 0.520067290625 0.8833426687499999 0.5367545984375 0.8835814718749999 0.5368053578125 0.8931438109375 0.5284547468749999 0.9099557234375 0.5320282296875 0.9612410515625 0.5533124109374999 0.972187890625 0.5556392328124999 0.972675184375 0.5533467 0.972185153125 0.54738538125 0.939149390625 0.4998957625 0.8915414578125 0.48338675625 0.8625273671875 0.4921287546875 0.8464021781250001 0.5078701265625
3 0.0953740984375 0 0 0.4547953515625 0 0.46650246093750003 0.0387939984375 0.45281843281249995 0.047939465625 0.43985322968749996 0.055024765625000006 0.3689434640625 0.11217581406249999 0.0850384984375 0.12756495 0.02015351875 0.13521162656250002 0 0.0953740984375 0
3 0.0953740984375 0 0 0.4547953515625 0 0.46650246093750003 0.0387939984375 0.45281843281249995 0.0475063171875 0.4418910359375 0.0524258703125 0.38117030937499996 0.0944166921875 0.1685886046875 0.130392753125 0.014364959375 0.13569495468749998 0 0.0953740984375 0