19 0.1955386984375 0.7476823703125001 0.19765959375 0.7210667281250001 0.18869244375 0.6954632390625 0.1544572203125 0.6554323515625 0.2107371265625 0.630625184375 0.20181465625 0.576834109375 0.1477883640625 0.5641511218749999 0.0176030546875 0.5863101265624999 0.006161528125 0.5917582218749999 0.040041953125 0.7099133046875 0.13652160625 0.677913628125 0.156135275 0.6896278234375 0.1752627421875 0.71665246875 0.168989415625 0.7401242203125 0.058992021875 0.776000046875 0.07449662343749999 0.8300710171875 0.1734059734375 0.7952073453125 0.20441649218750002 0.8296610328125 0.22001045000000002 0.827356828125 0.1955386984375 0.7476823703125001
15 0.13144144687499998 0.6772030499999999 0.039467709375 0.7079106765625001 0.058992021875 0.776000046875 0.178928971875 0.7351068078125 0.169166815625 0.7010621234375 0.1374493328125 0.6754803171875 0.13144144687499998 0.6772030499999999
21 0.370393778125 0.7169136421875 0.376622425 0.721629478125 0.3787866828125 0.7405145015625 0.35033726718749997 0.7660105625 0.347288646875 0.79505951875 0.3158799671875 0.7932293593749999 0.35015986875 0.8050726593749999 0.371496271875 0.8227947406249999 0.376885234375 0.8472569671875 0.347596134375 0.8924994187499999 0.348391140625 0.9009406171875 0.3831138828125 0.8519728015625001 0.378652646875 0.8250772640624999 0.418145428125 0.8267566359374999 0.414346478125 0.819176803125 0.3702597421875 0.8014764062499999 0.3558589515625 0.7795982796875001 0.380509415625 0.7465223875 0.3870468671875 0.77498986875 0.4026408265625 0.7726856640624999 0.3878431890625 0.7097428125 0.48860799374999997 0.67001251875 0.49368815312500003 0.670723096875 0.5007998484375 0.7011932078124999 0.5148918359375 0.6993196859374999 0.5050416375 0.647961921875 0.531282115625 0.631768425 0.504512071875 0.61777170625 0.3710586953125 0.588852840625 0.3720744625 0.60373260625 0.3830297875 0.6135949609375 0.43718880000000004 0.6154034390625001 0.446421390625 0.6192579078125 0.44779064062499996 0.629701734375 0.384575121875 0.6586649437500001 0.30373410624999997 0.660172828125 0.2955619640625 0.6430105375 0.28332542968749996 0.6400174359374999 0.2823096625 0.6251376703125 0.27435828125 0.6144139484375 0.2422426359375 0.6214556703125 0.152919359375 0.6557378703125 0.180130928125 0.6826117265625 0.22306654531249998 0.8436833765625 0.24051595625000002 0.8365125453125 0.19996535937499998 0.700764490625 0.27576957968750004 0.7440466953125 0.3276723453125 0.9307218296875 0.330852371875 0.964486621875 0.3378926578125 0.97398158125 0.34322778593750003 0.9724517578125 0.35810861875 0.9631728890625 0.34843450468750004 0.9464412828125001 0.3403070390625 0.9010914046874999 0.320296525 0.848312484375 0.2955159703125 0.7448863796875 0.370393778125 0.7169136421875
19 0.22937054531249998 0.8031354140625 0.23326648125 0.8219302546874999 0.240466553125 0.819865665625 0.250442240625 0.8144428125 0.2464179078125 0.80040829375 0.22937054531249998 0.8031354140625
19 0.196912884375 0.6958151796875 0.22513528749999998 0.79987981875 0.24021019531249999 0.7971826265625 0.24513112499999998 0.795771571875 0.2294217546875 0.7184609453124999 0.19732063125 0.6956982593750001 0.196912884375 0.6958151796875
19 1 0.4459040515625 0.78762555 0.528056515625 0.7802484125 0.5193354234374999 0.8028239781250001 0.41099933125000004 0.79995275625 0.40098618906250005 0.7551590546875 0.392157671875 0.7353219921874999 0.521381415625 0.7190210687499999 0.5325575015624999 0.68588965625 0.5247194562499999 0.6223653328125 0.5299310203125 0.5311432390624999 0.523579178125 0.5258423171875 0.51643003125 0.5520841125 0.426548278125 0.5501406156249999 0.4141018234375 0.443500646875 0.44468034218749997 0.405023634375 0.4578807375 0.4022404546875 0.46518067343749997 0.43620892031249997 0.6006488375 0.44866621562500003 0.6100805078125 0.517932984375 0.6248952296875 0.5253101203125 0.633616321875 0.5020735843749999 0.6489484531249999 0.512851509375 0.6978729046875001 0.41173322343749996 0.7420391390625001 0.401881709375 0.7643696296875 0.4438895984375 0.927874590625 0.4635913109375 0.956901865625 0.4771524171875 0.9985263812499999 0.4785478859375 1 0.5702704187500001 1 1 0.876777025 1 0.4459040515625
15 0.7319194859375 0.5294007625 0.7554603859375 0.370533815625 0.6442264609375 0.38509130625 0.625141040625 0.4772555828125 0.621826978125 0.52805355625 0.7260701796875 0.5310780234375 0.7319194859375 0.5294007625
19 0.6672722140625 0.38539128125 0.6916792375 0.3783926796875 0.7159676046875 0.3688544453125 0.6761660203125001 0.34342342812500004 0.6141436687499999 0.3482043078125 0.5905536515625001 0.36797237968749996 0.5887862390625 0.39015208125 0.6672722140625 0.38539128125
15 0.5991666703125 0.526830321875 0.60229995625 0.5259318671875 0.6255195734375001 0.46156964218749996 0.6330307453125 0.3857279703125 0.5608480765625 0.38908769374999996 0.534739003125 0.4680949359375 0.5271397875 0.526623528125 0.5991666703125 0.526830321875
15 1 0.429729584375 0.9777237359375001 0.352043015625 0.9509090125 0.36623388437500004 0.930941859375 0.35895563125 0.8176317187500001 0.3719411765625 0.7995633828125001 0.405296965625 0.7894464296875 0.44937647500000005 0.78056600625 0.5147743203124999 0.7864411703124999 0.52392609375 0.8207075984375001 0.5169449234375 0.8552998875 0.50702574375 0.9839063890625 0.4586346921875 1 0.4408292953125 1 0.429729584375
9 0.300837834375 0.6614096859374999 0.368585240625 0.661218134375 0.3903262640625 0.6549839953125 0.44732406718749995 0.6280745953125 0.44030041249999996 0.6149175640625 0.3797800328125 0.6192677609375 0.3413490140625 0.5305923156250001 0.25021496249999997 0.5415535499999999 0.300837834375 0.6614096859374999
2 0.2807324390625 0.6392709515624999 0.28743655156250003 0.637348578125 0.2809762984375 0.614819 0.28093258906249996 0.6146960859374999 0.2722742421875 0.6128442453125 0.2674148453125 0.6185722359375 0.272362284375 0.630157325 0.2807324390625 0.6392709515624999