21 0.46238136875 0.5857105328125 0.4377293578125 0.569160690625 0.413052415625 0.5382546968749999 0.4011057578125 0.4934058875 0.3977539953125 0.50147184375 0.37242522031249997 0.5032430046874999 0.3571517328125 0.48081629843749996 0.000988765625 0.5253005828124999 0.002962065625 0.5395204859375 0.052761193750000004 0.551701346875 0.069206553125 0.5348882203125 0.11243394843750001 0.53708651875 0.1352871859375 0.6399094953125 0.5741506734375 0.7841263984375 0.5805656796875 0.8058672874999999 0.5854882359375 0.9882598734375 0.6231532625 0.9879102874999999 0.6285302421875001 0.9875342921874999 0.62623655 0.7870105140625 0.8747264046875 0.6586870640625 0.8845811625 0.53432429375 0.8840925453124999 0.5273367421875 0.58162715 0.49905628281250003 0.57336350625 0.5348762296875 0.554813053125 0.563583925 0.5250924359375 0.5865464 0.496048584375 0.59118786875 0.46238136875 0.5857105328125
5 0.4469274578125 1 0.4468793578125 0.972303934375 0.43711258906249995 0.9586290015625 0.26636509531249997 0.8687583234374999 0.1679315828125 0.9030519859374999 0.11807904843749999 0.5541170359375001 0.11032514375 0.538212928125 0.0918006796875 0.5395082859375 0.0643831859375 0.5422086609375001 0.0711294453125 0.6526842609375 0.00803013125 0.6322966015625 0.014858317187500001 0.68794543125 0.082399340625 0.7158540765625 0.0858259 0.750856565625 0.042730296875000004 0.7225437953125 0.0149081828125 0.7166577296875001 0.017839634375 0.7725790453125 0.0974591078125 0.819222025 0.11446724374999999 0.9224537312500001 0.11218049375000001 0.9317504765625 0.0390757578125 0.9642729781250001 0.041574034375 1 0.4469274578125 1
5 0.0643807703125 0.60937216875 0.053926146875000004 0.552261434375 0.0016925125 0.5416644359375 0.0031745625 0.56285875 0.0059934609375 0.5947711015625 0.0582738171875 0.6107705921875 0.064448365625 0.6103388265625 0.0643807703125 0.60937216875
5 1 0.495807046875 0.9992792671874999 0.48623225000000003 0.938021459375 0.5061789671875 0.93126806875 0.4935985828125 0.8912357109375 0.4950926546875 0.8643503593749999 0.8245936453124999 0.7525169296875001 0.7932559140625 0.6360779375 0.864050740625 0.62812774375 0.8763540390625 0.62994431875 0.90233226875 0.6363343921875 0.909717009375 0.6407660171875 0.9866786843750001 0.6823105578125 0.98377360625 0.6862083171875 0.9649663140625 0.725539959375 0.9807507125000001 0.9236401984375 0.96689819375 0.957708134375 0.9277075171875 0.9671115890624999 0.9361868046874999 0.9699351015625 0.9636609390625 1 0.961558596875 1 0.9305267125000001 0.9942391359375 0.8481425109374999 1 0.793404884375 1 0.495807046875
14 0.95626880625 0.2519430421875 0.9400074343749999 0.2530801484375 0.9249820171875 0.270707665625 0.9234468296875 0.304751853125 0.93110850625 0.330321353125 0.9215732593749999 0.347956540625 0.8815907656249999 0.37816290937499997 0.8742603421874999 0.441328121875 0.884440290625 0.48891099687499995 0.9272210296875001 0.48892158124999996 0.9449511625 0.48768176875 0.9671550718749999 0.48182175312500003 0.9608718578125 0.43396639062500003 0.996339959375 0.43019859687500006 0.9914025390625 0.359590196875 0.9649573796875 0.3383965125 0.971660903125 0.32226460156250003 0.9740545140625001 0.272497234375 0.95626880625 0.2519430421875
3 0.089674834375 0.43490959218749997 0.18709320000000002 0.42809743593749994 0.2040835328125 0.41907778125000006 0.21153861875 0.42769330937500005 0.2180284234375 0.49250264218749995 0.2310375046875 0.49374664218750003 0.24228937187500002 0.49295983593750003 0.35511583125 0.47900076875 0.361299315625 0.4694315390625 0.359119425 0.4382576625 0.3670696203125 0.4259543640625 0.39985348125 0.43279873125 0.40559172343750005 0.47286062500000003 0.456249271875 0.4693183046875 0.476071328125 0.45879537031249995 0.46310597812500004 0.133386275 0.46640787499999997 0.096608021875 0.4772821484375 0.063122815625 0.477134228125 0.0610074453125 0.4721781796875 0.0531308484375 0.31072727968749997 0.0122100796875 0.0314090609375 0.0356577015625 0.0607877078125 0.4277927375 0.0811547359375 0.42506327343750006 0.089674834375 0.43490959218749997
5 0.1657357578125 0.8142518671874999 0.1584872609375 0.8225903078125001 0.15939554843749998 0.835579425 0.1693562390625 0.8974702609375 0.18271489375 0.8965361328125001 0.192617521875 0.890687884375 0.19145277968750002 0.8320325015625001 0.2086247703125 0.8256106671874999 0.2267050484375 0.8321779484375 0.233408571875 0.8160460374999999 0.2505805625 0.8096242046875 0.2865594625 0.8201609421875 0.2930243328125 0.8706141281249999 0.2983493953125 0.876768078125 0.3126896640625 0.8718495203125001 0.30930335468750003 0.8192231671875 0.30070005625 0.6961902671875 0.1610197921875 0.6488132531249999 0.1333303890625 0.654624765625 0.1336465671875 0.6591463203125 0.14111580937499998 0.71416295625 0.16010437500000002 0.7337193531249999 0.1657357578125 0.8142518671874999
5 0.09501592187499999 0.5063908296874999 0.09680525 0.4962804453125 0.190145221875 0.48714295312499994 0.1947685859375 0.497261759375 0.2115245453125 0.49609006874999995 0.206353953125 0.42214715312499995 0.08873039375 0.436803003125 0.08410702812500001 0.42668419531249996 0.06462335625 0.4280466265625 0.06918972500000001 0.5073483515625 0.07748061875 0.5076170171875 0.09501592187499999 0.5063908296874999
15 0.7392313078125 0.4716664640625 0.7384008734374999 0.45979070312500003 0.691373134375 0.459243328125 0.6914895421875 0.4609080546875 0.695182534375 0.47592139062500005 0.7244546765625001 0.47647302343750003 0.739277246875 0.47543652812500004 0.7392313078125 0.4716664640625
15 0.6884581437499999 0.43715646875 0.7239260421875 0.43735210156250004 0.7407388125 0.4361764390625 0.7463855625 0.4171815828125 0.7462604203125001 0.4153919734375 0.736754146875 0.39984245 0.7181787609375 0.4141939953125 0.6864599109375 0.408580415625 0.68062976875 0.41760283437499995 0.6807439546875 0.4192357515625 0.6884581437499999 0.43715646875
15 0.7644563421874999 0.44633057656249997 0.764869521875 0.4802385203125 0.7700129265625 0.483794646875 0.8646803343749999 0.487029590625 0.8811932499999999 0.48587489531249994 0.8797490734375 0.4652222109375 0.8789149046875 0.459211059375 0.868966478125 0.44293830468750006 0.7883567890625 0.4381329796875 0.76692475 0.4396316546875 0.7644563421874999 0.44633057656249997