19 1 0.6273122765625 0.899967665625 0.5983139015625001 0.9381520765625 0.48327568593750003 0.8509136421875001 0.4903500046875 0.8514782437499999 0.5405660765625 0.868641521875 0.614175265625 0.8446495453124999 0.6250761609375 0.7933990765625001 0.6157991375 0.680426525 0.6171989875 0.6836822421875001 0.5435384859375 0.6764663421875 0.48983187499999997 0.5934837625 0.47760560781250005 0.5877035359375 0.48240275156249995 0.584318753125 0.509991021875 0.5966024421875 0.5820182671875 0.6096577015625 0.6015941921875 0.6173790671875 0.7348504140625 0.690166934375 0.7397689546875 0.7070129453125 0.750567221875 0.6938206484375 0.90906445625 0.8143155671875 0.919442828125 0.8547180203125 0.9151963593750001 0.8656251703125 0.8993863093750001 0.8839955546875 0.9246880203125001 0.8910232515625 0.9616559406249999 1 0.9502020218749999 1 0.6273122765625
15 1 0.4737961140625 0.9926469953125 0.40383695 0.9817694124999999 0.40498022968749997 0.966418209375 0.42335217812500003 0.9343204937499999 0.49166486093749995 0.8943939421874999 0.5901277109375 0.89747225625 0.6044678296875 1 0.6279465171874999 1 0.4737961140625
19 0.2244311140625 0.46415530625 0.21044564999999998 0.4656252375 0.048806274999999996 0.49727788281249996 0.015926190625 0.513302571875 0.0396628625 0.73914191875 0.045849057812499996 0.7531553875 0.125376921875 0.7175641546875 0.3375356859375 0.729175090625 0.3574769625 0.727079178125 0.3710581484375 0.72316415 0.3661677609375 0.6168428968749999 0.337078428125 0.6240899265625 0.19992569843750002 0.6196519796875 0.227044325 0.48901835312499997 0.2244311140625 0.46415530625
15 0.3684097296875 0.4886929875 0.38049442031249997 0.4392422296875 0.365637884375 0.4324244796875 0.2340180484375 0.43578423749999995 0.22488260625 0.4535028828125 0.21920187812499997 0.5190390265625 0.1950325 0.6179405421874999 0.3570482765625 0.619765278125 0.3632936046875 0.6044452046875 0.3684097296875 0.4886929875
15 0.41232321875 0.6075402953125 0.46969274843750003 0.6021651421875001 0.595652859375 0.5889262000000001 0.58449334375 0.52660021875 0.5875312921875 0.450867796875 0.5824635015624999 0.43254716249999997 0.4146675 0.4355195703125 0.4062149265625 0.44478720781250003 0.41232321875 0.6075402953125
15 0.6758214921875 0.6032811828125 0.6806715140625 0.619529896875 0.7177483171875 0.613538159375 0.83010494375 0.622415240625 0.8659501328125 0.618647759375 0.8471205453125 0.514053425 0.8479216828125 0.4469353359375 0.6765822640625 0.4460905546875 0.67101980625 0.45295961875 0.6836503281249999 0.573131015625 0.6758214921875 0.6032811828125
14 0.8643537390624999 0.22957386406250002 0.8680154234374999 0.174723975 0.8525055859374999 0.1616904609375 0.83696618125 0.16332371875 0.8242873234375001 0.1772251734375 0.8171117906250001 0.2135911046875 0.8192894656249999 0.2343103109375 0.8327802609375 0.258030078125 0.8166279187500001 0.3435201140625 0.8177866890625 0.42928548906249997 0.8206472359375001 0.4415536875 0.8483708296874999 0.4512086734375 0.8578056374999999 0.4828174984375 0.8708927125000001 0.48144199218750006 0.887377975 0.47853099062500004 0.8867542390625 0.4576484578125 0.897225853125 0.4376945671875 0.890593325 0.314797946875 0.8844662640625 0.27145094062499997 0.8643537390624999 0.22957386406250002
21 0.5112558140625 1 0.5552088046875 0.9953803546875 0.685453965625 0.9789415984375 0.7065342328125 0.76096065625 0.6983585625 0.7429666734375 0.6146931109375 0.7391914125 0.6075767125 0.746223803125 0.60907151875 0.7753940187499999 0.6021433203125001 0.7991650984375 0.4627242140625 0.8180082546874999 0.389223909375 0.8362074921874999 0.376415984375 0.8040367171874999 0.371625096875 0.7584544640625001 0.36034154531249996 0.7407871328125 0.3368146703125 0.7411650984375 0.308873309375 0.729438190625 0.2527136859375 0.733245996875 0.2234361515625 0.7237543359374999 0.10981029687499999 0.718938421875 0.0251555078125 0.765542559375 0.045625665625 0.9603030968749999 0.1288260125 0.9746012875 0.1320988703125 1 0.1591728 1 0.15564896875 0.9906353609374999 0.160558125 0.977550534375 0.43771188437499997 1 0.5112558140625 1
2 0.30882778593750004 0.758901225 0.2880028234375 0.740141928125 0.24094907499999998 0.740897859375 0.2061386484375 0.72360849375 0.183947946875 0.7217512125 0.11349639062500001 0.7689573375000001 0.1072510609375 0.7842774109375 0.1089932015625 0.8008527750000001 0.1404779796875 0.8163968718750001 0.1904218421875 0.8132423703124999 0.2330019703125 0.8297151078124999 0.26942547031249997 0.8175076078125001 0.314548878125 0.783437621875 0.30882778593750004 0.758901225
9 0.604124809375 0.5937964874999999 0.5923761562500001 0.586652084375 0.5324257796875 0.59923755 0.41211906249999997 0.60559786875 0.3690442640625 0.6143148296875001 0.3625811671875 0.6275629828125 0.3696196640625 0.7692702140625001 0.37549939062500004 0.8252120703125 0.38367506093750003 0.8432060531250001 0.606789184375 0.8134713874999999 0.6139647187499999 0.7771054562499999 0.6075903234375 0.7463532984375 0.6107465390625 0.611953796875 0.604124809375 0.5937964874999999
19 0.299995984375 0.4058067796875 0.26220674375 0.4349162953125 0.3773865390625 0.43956888125000004 0.3791286796875 0.456144246875 0.3654604828125 0.5204251 0.36528308125 0.6084257203125001 0.4107828890625 0.607833115625 0.41891819375 0.53575455625 0.4126620671875 0.44633531875 0.41822452656250003 0.4394662546875 0.473047978125 0.4378936953125 0.47550255625000004 0.4313512828125 0.3978942328125 0.395517259375 0.336419484375 0.393599278125 0.299995984375 0.4058067796875