7 0 0.5569678031249999 0.053528765624999995 0.788826359375 0.0889261171875 0.784128703125 0.09694347656249999 0.78227775 0.06885675 0.639894534375 0 0.34933097968750004 0 0.5569678031249999
4 0.1434921234375 0.6853376390625 0.172302225 0.685100703125 0.182964621875 0.7382305687499999 0.16633675625 0.7634507484374999 0.16926515312499998 0.7691890765625 0.5595457734375 0.699531596875 0.5772374859375 0.6954471437499999 0.5406089515625 0.49530185312499997 0.151795609375 0.561547015625 0.14863419375 0.5686912859375 0.162929265625 0.64450195 0.1336531265625 0.67050408125 0.1434921234375 0.6853376390625
4 0.1516529859375 0.29003698125 0.1906516125 0.2853097046875 0.3838030125 0.252610559375 0.4043402609375 0.24786916250000002 0.43565007343750006 0.2351617546875 0.39065725156250003 0.012492609375 0.0709420734375 0.0863046734375 0.11300388750000001 0.275440359375 0.1199144875 0.284535590625 0.1516529859375 0.29003698125
4 0.829748778125 0 0.8942541937499999 0.380916246875 0.9021020890625 0.3940713515625 0.9840342874999999 0.3914590796875 0.9878880046875 0.3905693796875 0.897717959375 0 0.829748778125 0
5 1 0.4430321984375 0.9946834000000001 0.420003475 0.9556847749999999 0.42473075156249995 0.95826364375 0.449792975 0.7184177 0.4944751046875 0.6915987 0.4963904921875 0.68492111875 0.47441266562499995 0.6565796640625 0.47667953750000003 0.6479135921875 0.480818390625 0.64908651875 0.4997908015625 0.6857601859375 0.679479771875 0.7242901640625 0.672722559375 0.7208905078125001 0.6371591609375 0.8978472203125 0.6048580203125 0.986501646875 0.5929430671875 0.99552246875 0.6250705828124999 1 0.6244615203125 1 0.4430321984375
4 0.9526691578125 0.42556059375000005 0.9365073296875 0.425015578125 0.7610730703125 0.456965234375 0.7676341421874999 0.4853843609375 0.9277033843750001 0.4573829 0.9583808062499999 0.4503004578125 0.9526691578125 0.42556059375000005
21 1 0.6259378546875001 0.053587346875 0.7890801015625 0.1022820421875 1 0.5569678031249999 1 1 0.8977179578125 1 0.6259378546875001
4 0.7904260703125 0.6257827781249999 0.8003841875000001 0.6619701703125 0.9729015546875001 0.6297584984375 0.9938828531249999 0.624914584375 0.9861208703125 0.5912937421875 0.7904260703125 0.6257827781249999
4 0.97647884375 0.5423382078125 0.9675493859375001 0.49695989531249996 0.7764219453125001 0.530394475 0.7836872953125 0.5757560749999999 0.79024575625 0.5763800671875 0.9464898343750001 0.5492617156249999 0.97647884375 0.5423382078125
6 0.7298006078125 0.42569864687500003 0.7524043875 0.43330895468749997 0.7224239703124999 0.4423686125 0.5587006890625 0.4694764421875 0.5359803984375 0.4683074328125 0.5230964953125 0.45417684999999997 0.44205433593750004 0.464334371875 0.14283271718749999 0.5227244578125 0.099502359375 0.5434187265625 0.101143934375 0.564421075 0.1319451375 0.565862590625 0.9650516421875001 0.423102771875 0.9938632671875001 0.41645108437499995 0.9872143234375 0.38765134375 0.9329911640624999 0.395893478125 0.8982077578125001 0.391095059375 0.729917115625 0.4192573484375 0.7298006078125 0.42569864687500003
13 0.6889033203125 0.47776956718749997 0.6915987 0.4963904921875 0.76561375 0.4835790390625 0.759989975 0.45921978750000003 0.7401980828125 0.46378910468749995 0.6889033203125 0.47776956718749997
13 0.788522840625 0.62448494375 0.7883832890625 0.623982625 0.7194042453125 0.63776955625 0.72731268125 0.67202475625 0.795845465625 0.656202715625 0.788522840625 0.62448494375
13 0.710977915625 0.5875979250000001 0.782603546875 0.57106184375 0.773259878125 0.5305899640625 0.6992448265625 0.5434014171875 0.710977915625 0.5875979250000001
13 0.6472405640625001 0.4848491390625 0.5423078 0.5026603765625001 0.579217096875 0.69726188125 0.647969415625 0.6855317921874999 0.685242484375 0.6769266265625 0.6472405640625001 0.4848491390625
20 0.6837063953125 0.44796643593749996 0.752140771875 0.432167115625 0.7521047234375 0.4320109671875 0.709835134375 0.42135460625 0.5278424140625 0.4526802703125 0.5314750890625 0.47536106875 0.566375003125 0.4737181890625 0.6837063953125 0.44796643593749996