19 0.5665492609375 0.4452018578125 0.4932953125 0.38793089062499997 0.4245224890625 0.3710907359375 0.3842277890625 0.378737040625 0.3506717765625 0.39560666875 0.3742159578125 0.408992425 0.46470072812499996 0.42849847187499995 0.46422042656249995 0.4452313296875 0.45082550781249997 0.464576428125 0.4338760671875 0.5128707890624999 0.418278559375 0.5886178734375 0.407196178125 0.6019499781250001 0.2515480796875 0.5618490078125 0.291170071875 0.4827548234375 0.31119373281249996 0.42224405625 0.309107603125 0.413591996875 0.128220521875 0.41237164374999996 0.0990356890625 0.419283090625 0.0665371984375 0.6839620656250001 0.080240984375 0.6877436578125 0.1631154359375 0.6538408046875 0.46716515468750003 0.728955034375 0.4894188921875 0.6246395312499999 0.4702733765625 0.61389284375 0.49884698906249997 0.445284978125 0.507870728125 0.4358980609375 0.5665492609375 0.4452018578125
15 0.3969183421875 0.5991137859375 0.41226417031249996 0.600998015625 0.4415594921875 0.4887576359375 0.46804046093749996 0.426940746875 0.374453984375 0.40705385781250003 0.327900896875 0.388743984375 0.3175801984375 0.39587267656249997 0.288052496875 0.48250321874999996 0.24662575625 0.5634747859375 0.3969183421875 0.5991137859375
15 0.46402660781250005 0.6006631484375 0.4648432640625 0.61965423125 0.498526728125 0.6241835984375 0.647214784375 0.642440196875 0.6545551640625 0.638749965625 0.6582536343750001 0.5573439078125 0.6748667203125 0.47332560625 0.666323284375 0.4659796671875 0.5032023 0.43545603593750004 0.49417856093749996 0.44484295312500005 0.481964140625 0.5315003203125 0.46402660781250005 0.6006631484375
19 0.9423626328125 1 0.9764534390625 0.722352659375 0.959901840625 0.7161224203125001 0.9585773953125001 0.701266946875 0.9828008 0.670657546875 0.992448790625 0.5920809765625 0.9384228171875 0.5833484421875 0.92528179375 0.6006257374999999 0.922235059375 0.625439390625 0.927587815625 0.710055778125 0.9214118875 0.7218913421875001 0.905395565625 0.72412274375 0.8409939218750001 0.69732440625 0.734746721875 0.6779819546875 0.7154572578125 0.7196920609374999 0.7016644984375 0.793561759375 0.7673631015625 0.8226183218750001 0.76179839375 0.9961503031250001 0.7722003546875 1 0.8757072953125 1 0.8796357625000001 0.9980250390625001 0.8797463171875 1 0.9423626328125 1
15 0.8379080828125 0.696814328125 0.9224708203124999 0.7260881359375 0.9265331328125 0.6930032625 0.922250928125 0.6253101531249999 0.9355084140625 0.5429788140625 0.768750446875 0.5036127015625 0.75842975 0.5107413953125 0.7462977875 0.6351905062500001 0.733692040625 0.6609294390625 0.734508696875 0.679920521875 0.8379080828125 0.696814328125
15 0.9825738046874999 0.6596100375 0.9508775140625 0.6997967765625 0.95349891875 0.7169104749999999 0.9680308890625 0.7227615484375 0.9747280328124999 0.723583853125 0.9825352828125 0.6599989078124999 0.9825738046874999 0.6596100375
21 0.7581400890625 1 0.7712798390625 0.8291338015624999 0.76375198125 0.8135166453125 0.698334759375 0.7949895265625 0.6713734875 0.8735392718749999 0.4493475625 0.84837689375 0.4326310453125 0.7665631703125 0.461815878125 0.7596517234375 0.466667359375 0.7329606859375 0.46252258749999997 0.7282538140625 0.2701617984375 0.6794471328125 0.30873421093750003 0.711469953125 0.34336077343750004 0.7115236046875 0.3741514328125 0.7299970734375 0.3633229453125 0.741261375 0.3744603 0.7531237640625 0.3726830390625 0.7675983953125 0.2983245375 0.7962499375000001 0.25665041875 0.763846275 0.22202385468750002 0.763792625 0.1700290375 0.7385176546875 0.18624428125 0.7090239546875 0.2291054140625 0.6932968515625 0.25516105312500004 0.673407315625 0.166734925 0.6499560796875 0 0.7131987421875 0 0.8584837640625 0.1337011578125 0.9061734140625 0.1378459296875 0.9108802859375 0.1291719171875 0.956648715625 0.159842409375 0.9604145781250001 0.157499234375 0.917491365625 0.171710809375 0.9171373484374999 0.3601078875 0.9850040874999999 0.4822397953125 1 0.7581400890625 1
9 0.4277738203125 0.78052844375 0.44579995468750006 0.8491219781250001 0.48943596093749997 0.85447980625 0.67759864375 0.8741724390625001 0.7309034515625 0.6708195671875 0.7318915421875001 0.6499511 0.4935679140625 0.61649068125 0.486348921875 0.624000215625 0.46054066093749996 0.7572649828125 0.429804975 0.7639860078125 0.4277738203125 0.78052844375
2 0.2551193234375 0.6737957484375 0.181549990625 0.708841125 0.1697334125 0.74097389375 0.229482496875 0.7672009671875 0.25221002187499997 0.761595640625 0.2960270375 0.7960990265625 0.303997603125 0.7970776890625 0.3741921625 0.76817725 0.3744185703125 0.7535121984375001 0.3617303625 0.7414593875 0.372051059375 0.7343306953125001 0.366863225 0.7252977921875 0.34331904375 0.7119120375 0.3115402921875 0.714307034375 0.2551193234375 0.6737957484375
19 0.7554887124999999 0.5987997625 0.7574374078125 0.5444655828125 0.667968215625 0.5166883171875 0.6536401796875 0.5820963765625 0.655047084375 0.63474359375 0.6603867328125 0.63933480625 0.7383713937499999 0.64891011875 0.7554887124999999 0.5987997625
14 1 0.27191373125 0.989409984375 0.2578390421875 0.975642721875 0.2545744015625 0.970343978125 0.253923796875 0.9540217390624999 0.26398880625 0.9370448109374999 0.2996859203125 0.9365919953124999 0.3290160234375 0.9487449281250001 0.332607196875 0.9505771624999999 0.343327059375 0.91044738125 0.42655685156249995 0.8871505781250001 0.5265463265625 0.9370592671875 0.5431692359375 0.9347742171875 0.5617794765624999 0.940469840625 0.5666767687500001 0.9345478093749999 0.5764445296875 0.9463164656249999 0.5815627515624999 0.9481581015625 0.581788875 0.958263425 0.5499707375 0.964974628125 0.5465968109375 0.9884703515625001 0.41934503906250004 0.9932943468750001 0.3800567515625 0.98438706875 0.324389628125 0.996485028125 0.302786303125 1 0.282986284375 1 0.27191373125