4 0 0.2982302234375 0.22604872031249998 0.269062684375 0.19005540468749998 0.0469382890625 0 0.080450184375 0 0.2982302234375
4 0.6441688937500001 0 0.36909195625 0.036524034375 0.362483446875 0.044035709374999996 0.36429228125 0.054294125000000006 0.38818393281249997 0.0818134625 0.597725653125 0.05544296562499999 0.6411276796875 0.373572721875 0.6561435171875 0.440735603125 0.664922628125 0.445534025 0.8359952953124999 0.425946659375 0.8525599125 0.4209103984375 0.8584448874999999 0.4092953578125 0.8088850890625 0 0.6441688937500001 0
4 1 0.4562556671875 0.9967450812499999 0.43779610468749997 0.988689503125 0.4371010484375 0.468954684375 0.49489676562499996 0.4857693390625 0.6442458796875 0.67983174375 0.629066690625 0.7844375140625 0.8264000265625 0.9536096531249999 0.8050323031250001 0.94631768125 0.520729340625 1 0.51482296875 1 0.4562556671875
5 0 0.5437443328125 0.026430620312500003 0.693639825 0.0356631921875 0.6920118734375 0.033584284375 0.6712237203125 0.0489719046875 0.6685104671875 0.2327164375 0.64880418125 0.24575006875 0.6507369453125 0.249073803125 0.66958678125 0.2860528046875 0.6630663859375 0.263058253125 0.5059484125 0.23074424843750002 0.51164624375 0.22938386562500002 0.530925365625 0.1955311 0.5368945203125 0.019480378125 0.5552441796875 0.013962179687500001 0.5329469953125 0 0.5354089046875 0 0.5437443328125
6 0 0.5360146593749999 0.028442878124999998 0.543086490625 0.20720935625 0.522142496875 0.26151949218750004 0.5062197375 0.29754285937499997 0.5125606796875 0.9720668218749999 0.44056094375 0.99647375625 0.4362573421875 0.9898941171875 0.3989423609375 0.8653460796875001 0.41244165156249996 0.8529442890625001 0.42309031093750005 0.7210642093749999 0.43999791093749996 0.669561525 0.4448482796875 0.6504645390625 0.43552276093750003 0.4936024984375 0.45471988281250003 0.46617485312499995 0.4701334765625 0.38579745625 0.4821907078125 0.28279208749999996 0.49189144531249995 0.280168025 0.4860077234375 0.2879535296875 0.47617303906249997 0.2299340296875 0.48005702499999997 0.0019271640624999998 0.509683428125 0 0.5105792734375 0 0.5360146593749999
4 0.2166893921875 0.5309160546875 0.2152875453125 0.522965784375 0.1976376265625 0.5218469953125 0.014254862500000002 0.5436049640625 0.0145249359375 0.554134703125 0.0260198046875 0.5563387921875 0.174104175 0.538424978125 0.2166893921875 0.5309160546875
21 0.5347462546874999 1 0.8435260359375001 0.94555379375 0.8427663265625001 0.9412452625000001 0.7938838046875001 0.8351795359375 0.76555925625 0.7915180578125 0.6805906171875 0.624569721875 0.026385814062500002 0.693385721875 0.043026923437499996 0.7877621390625 0.09413385468749999 0.780864675 0.18048291249999998 0.7846782546875 0.2309869796875 0.8011586906250001 0.2534315625 0.8204712984375 0.2609419859375 0.8360707843749999 0.2713415359375 0.9040476421875001 0.2745874203125 0.9944406046875001 0.27409032187500004 1 0.5347462546874999 1
4 0.247263715625 0.66831934375 0.2454548828125 0.6580609421875 0.24184620625000003 0.6467977078125 0.033119712499999995 0.668793515625 0.0374609171875 0.693413709375 0.23568800156249997 0.6703604546874999 0.247263715625 0.66831934375
4 0.028226862499999998 0.6318421921875 0.2288977765625 0.6091513281250001 0.222024203125 0.5701693531250001 0.02289205 0.5925888921875 0.028226862499999998 0.6318421921875
13 0.2875202453125 0.6626754203125 0.31666503125 0.6659982953125 0.426220175 0.6542171375 0.48173581875 0.64442823125 0.48475186875 0.638475521875 0.46657683125 0.5084055296875001 0.458974715625 0.5012841 0.279393009375 0.5266027828125 0.2700687421875 0.536708790625 0.2875202453125 0.6626754203125
5 1 0.5158585171875 0.947132909375 0.5163546484375 0.956126996875 0.9272858093749999 1 0.919549815625 1 0.5158585171875
20 0.41779916093749997 0.47800233125 0.46771597031249995 0.46920065156249996 0.47504691093750007 0.457462865625 0.46780656093750006 0.45239311875 0.29981141718750004 0.471437834375 0.276276525 0.4819340875 0.27039155 0.493549128125 0.41779916093749997 0.47800233125