15 0.129471534375 0.8199338265625 0.1006192484375 0.8522768640624999 0.056010848437500003 0.921673796875 0.055315907812499995 0.9310555921875 0.465952478125 0.996094034375 0.48051601093749996 0.9757256703125 0.511620859375 0.9041899843750001 0.632694771875 0.710960034375 0.6353710765625 0.6940625203125 0.6108843859374999 0.67075044375 0.4595175796875 0.6151367624999999 0.32369123437499997 0.54880130625 0.3031783015625 0.5534622609375 0.2848400875 0.5756057390625 0.22143217656249997 0.6763012859375 0.1874995890625 0.715749565625 0.129471534375 0.8199338265625
19 0 0.9222944125 0.0485490390625 0.9299838250000001 0.2781910171875 0.582003325 0.279002728125 0.5768783828124999 0.27802420625 0.5705712671875001 0.1979494203125 0.489336340625 0.1518732359375 0.5492726015625 0 0.7885027109375 0 0.9222944125
15 0 0.7886916265624999 0.19114799375 0.49232602031250006 0.1970723265625 0.4549212609375 0.12092194062499999 0.442860225 0.011234020312499999 0.392529515625 0 0.46345832812500004 0 0.7886916265624999
19 0.092863821875 0.33005084687499997 0.06292115312499999 0.3068519984375 0.032990484375000004 0.30105679531249996 0.0254697859375 0.299865634375 0.01201030625 0.391070490625 0.06662361875 0.4208134125 0.1430079484375 0.4418760375 0.1478030953125 0.44263551406249996 0.1579972546875 0.44319545781249997 0.1623146796875 0.4346554046875 0.1623155828125 0.43464970156250005 0.092863821875 0.33005084687499997
19 0.7530598421875 1 0.811608778125 0.93911350625 0.8830065671874999 0.8784899921875 0.8831189828125 0.877780228125 0.68080276875 0.7786545874999999 0.6476010484375 0.77603258125 0.63461270625 0.7581556609375 0.6103494453125 0.7490394828125 0.505837825 0.9157321093749999 0.4715817515625 0.994678575 0.5030545640625 1 0.7530598421875 1
5 0.6532625796875 0.47154185000000004 0.6324500953125 0.46560884687500004 0.6026034234375001 0.6665385781250001 0.6137705140625 0.6709438999999999 0.62053425625 0.6469672046875 0.6348525703125001 0.6439617484375 0.6378659828125001 0.6062079203125 0.7568458296875 0.654055384375 0.75749885 0.668660265625 0.744923940625 0.7418124921875 0.731474303125 0.733090709375 0.736824175 0.6930703125 0.726855296875 0.731040815625 0.664417840625 0.7132418109375 0.626435371875 0.728319003125 0.6151065375 0.7436627734375 0.64926083125 0.77148361875 0.6747462375 0.7728834828125 0.7663116 0.819025546875 0.7964160125 0.822475303125 0.8145924843750001 0.8200809171874999 0.8295575 0.786461171875 0.8297353375000001 0.78533835 0.819235421875 0.7720386703125001 0.778071746875 0.7510175296875 0.813621759375 0.5140783296875 0.7897119640625 0.5089730765625 0.78422428125 0.5186504234375 0.73061745625 0.507523309375 0.657012909375 0.4853189828125 0.6532625796875 0.47154185000000004
21 0.7672137609374999 0.61075618125 0.7664249875 0.5976326750000001 0.6612482453124999 0.5625179203124999 0.644240003125 0.5637790203125 0.6464147203125 0.5812615453125 0.75605248125 0.6164896140625 0.7660547609374999 0.61807381875 0.7672137609374999 0.61075618125
21 0.7796796984375 0.552025765625 0.7746016124999999 0.5453832296875001 0.653174365625 0.5117395203124999 0.650266753125 0.53009745625 0.6557056625000001 0.53446184375 0.775239734375 0.570487296875 0.7755658328124999 0.5705389453125 0.7784226359375 0.559962546875 0.7796796984375 0.552025765625
21 0.5205477203125 0.5606670125 0.60887531875 0.5916685296875 0.61954956875 0.5242739624999999 0.6238432484375 0.4952919515625 0.49717706875 0.489731453125 0.5001665484375 0.502069765625 0.5101654109375 0.507608371875 0.49112631249999994 0.6153312484375 0.49825462031249995 0.6199537921875 0.502400171875 0.6206103828125 0.5205477203125 0.5606670125
21 0.7922294484375 0.659132271875 0.9594813125 0.72148050625 0.9693245953125 0.7230395281249999 0.991578128125 0.5825362484375 0.8129519859375 0.53453794375 0.7922294484375 0.659132271875
4 1 0.1027904390625 0.9549987515625 0.102453775 0.9184540828125 0.083482528125 0.6971013 0.08269985625000001 0.6799612984375 0.1472191578125 0.681728634375 0.1672737859375 0.78443110625 0.1743120609375 0.7617794890625 0.298600853125 0.88021414375 0.3186773734375 0.8536504546874999 0.4489381234375 0.8840609531249999 0.45800078906249997 0.89167465 0.45920668124999997 0.9241216609375 0.3348598375 1 0.34592816718749997 1 0.1027904390625
7 0.6329362578125 0.4628514703125 0.6576069 0.46939554687499996 0.6571456046875 0.47855068125000005 0.6652153875 0.48378375 0.7199904421875 0.49377758125 0.7789205484374999 0.1872551515625 0.78123783125 0.1726243984375 0.691766975 0.1663205015625 0.6754656671875 0.1756034546875 0.6371957453125 0.36728918906249997 0.6280176984375 0.450207621875 0.6193787921875 0.4672957515625 0.6165373062499999 0.485236184375 0.6264651734375 0.48680860312499996 0.6329362578125 0.4628514703125
16 0.23237538125 0.01228596875 0.22024977343750002 0.0588794140625 0.180489346875 0.3099168671875 0.1576951328125 0.41388103750000005 0.16734773281249998 0.44283079062499997 0.2042997828125 0.45922993125 0.29226577656249997 0.4731623765625 0.27674688281250004 0.48125093750000003 0.282747409375 0.50329435 0.299723303125 0.50598306875 0.31845265624999997 0.54401665625 0.35792615 0.5502686437500001 0.363716015625 0.5414301453125 0.40458839218750003 0.3433013671875 0.446457628125 0.0989258234375 0.43452369218750003 0.084379859375 0.30490874375 0.023774125 0.2926489015625 0.01128584375 0.24822017812500002 0.0021397234375000003 0.23237538125 0.01228596875