19 0.243558028125 0.6710851671875 0.238390284375 0.6444994312500001 0.24356156874999998 0.6137816640625 0.345189390625 0.59614954375 0.35859600468749997 0.5914212359375 0.35541585468750003 0.57506078125 0.4209714125 0.5601957468750001 0.414101028125 0.508473053125 0.3867214359375 0.49044951562500005 0.256236509375 0.498834603125 0.184204546875 0.52132550625 0.1609689875 0.5491876312499999 0.217988165625 0.777661825 0.2616044734375 0.7691836734375 0.2634937890625 0.7245128625 0.3835271203125 0.703303071875 0.399090175 0.73423514375 0.38199686875 0.6462977078125001 0.25202202812499996 0.6736845859375 0.243558028125 0.6710851671875
15 0.29721225625000003 0.6635740421875 0.380363696875 0.6460845859375001 0.358496625 0.5909099734375001 0.2445984640625 0.6109272078125 0.23715463125 0.6463313640624999 0.24704894843749997 0.6733248015625 0.29721225625000003 0.6635740421875
21 0.50297534375 0.7855377859375 0.45252903906249997 0.820811471875 0.43691324375 0.72409753125 0.47071296093750004 0.7260168390625 0.5042277234375 0.7428478187499999 0.5022401296875 0.7326225359375 0.4848583296875 0.716900278125 0.43799323437500004 0.7132759703125 0.43123541562499995 0.6785100078124999 0.5493374359375001 0.6555533 0.5560389734375 0.681840896875 0.5641054546875 0.682395259375 0.5616077765624999 0.6531681875 0.6306284375 0.63975193125 0.6373299734375 0.6660395265625 0.6453964546875001 0.6665938890625001 0.6503390687499999 0.6592661640624999 0.6427862125 0.6204100859375 0.6695994390625 0.610953471875 0.66261295 0.5995775484375 0.5520145859375 0.5383049609375 0.5178736328125 0.5428189625 0.5234388953125 0.57144975625 0.591833365625 0.57937848125 0.5957522703125 0.5913506828124999 0.52485658125 0.6114983875 0.45873465625 0.5988832703125 0.44538786718749995 0.5547864421875001 0.357961696875 0.57178036875 0.35614295 0.58699018125 0.38227016406250003 0.6477036875 0.40027107187500005 0.7566879656250001 0.414813959375 0.7496164624999999 0.3969818984375 0.6660672796875 0.40964975625 0.6657272234375 0.444005215625 0.8670371906250001 0.44139143281250004 0.8781568906249999 0.44714073125000003 0.8875183265625 0.45501739687500004 0.8859872578125 0.4671246671875 0.8795218359374999 0.4538341609375 0.8439033734375 0.45644794375000003 0.8327836718749999 0.5107005890625 0.79252545625 0.5091105140625001 0.7843452296875 0.50297534375 0.7855377859375
19 1 0.5290958171875 0.9260459890625 0.53815765625 0.8829309515625001 0.521070453125 0.8299306874999999 0.5186387015625 0.8260117828125001 0.5066665015625 0.834933125 0.46248583906249996 0.8049362078125 0.5128855046874999 0.74188186875 0.499674109375 0.7493257 0.4642699515625 0.7765962703125 0.40803325468749996 0.7742111578124999 0.395762915625 0.6257745234375001 0.4182490953125 0.6492245890625 0.5962109390625 0.6654138328125 0.6057980281249999 0.658993709375 0.6219022578125 0.661776340625 0.636217653125 0.6783631046874999 0.6478498 0.6799531796875 0.656030025 0.5135648374999999 0.6926172968750001 0.4990782328125 0.708167165625 0.5247445609375 0.8729642515625 0.539910096875 0.9018512671875 0.5505868203125 0.94858943125 0.573931403125 0.9949875390624999 1 0.9121681921875 1 0.5290958171875
9 0.46262212500000005 0.6025049234375001 0.5261059203125 0.6127146406249999 0.5336040890625 0.6112571453125 0.5984471828125 0.588837165625 0.5949257953125 0.5789100203124999 0.5249975328125001 0.571279434375 0.49410009375 0.4860252515625 0.42576190625 0.48657489062500003 0.46262212500000005 0.6025049234375001
15 0.861183528125 0.3682455671875 0.7928453390625 0.36879520625 0.7512007296875 0.457538503125 0.7422793875 0.5017191671875 0.79919855625 0.51612311875 0.8156727546875 0.5107985312500001 0.8365794828125 0.47914443125000006 0.8670900265625001 0.39044305156250003 0.861183528125 0.3682455671875
15 0.8268631031250001 0.5192349796875 0.8848622625000001 0.5228173703125 0.9337149515625001 0.5366669609375 0.94184125625 0.4883961859375 0.9433223078124999 0.422316178125 0.9524687796875 0.41204897812499997 0.9762707046875001 0.41166700624999997 0.9864408859375 0.382099878125 0.9828632171875 0.36369436875 0.9414508203124999 0.37174412343749996 0.8757826968750001 0.3696524296875 0.8440233156250001 0.443740275 0.8268631031250001 0.5192349796875
15 1 0.45185547656249997 0.9928757203125 0.415204234375 0.9494757296874999 0.41302870468749997 0.9403292578125001 0.4232959046875 0.9410644703125 0.47621115625000005 0.9333919671875 0.5350053531250001 0.9963234156249999 0.526088853125 1 0.5253741984375 1 0.45185547656249997
19 0.8219399890625001 0.3718943765625 0.8610798375 0.3685310109375 0.867229953125 0.3840488734375 0.86746960625 0.3840022890625 0.8730089421875 0.3725792078125 0.889880659375 0.36929967812500003 0.9454054453125 0.368853096875 0.9563912265625 0.3667176765625 0.9559440171875 0.36441698749999996 0.95316366875 0.359121034375 0.904198415625 0.3283147125 0.8539245 0.3317199921875 0.8306326593750001 0.351103753125 0.8219399890625001 0.3718943765625
3 0 0.5417699218750001 0.024432853125 0.6656611515625 0.02568986875 0.6654168125 0.0570223296875 0.6367766796875001 0.06037486875 0.6212687296875 0.03919026875 0.5532274984375001 0 0.3626160875 0 0.5417699218750001
3 0 0.5417699218750001 0.024432853125 0.6656611515625 0.02568986875 0.6654168125 0.0570223296875 0.6367766796875001 0.060772387500000004 0.623313784375 0.04157538125 0.5654978374999999 0 0.36694348125 0 0.5417699218750001