21 0.253370484375 1 0.23041294687499997 0.9367391218750001 0.2218914109375 0.880788175 0.2471153765625 0.8481475296875001 0.2602678625 0.8489369828125 0.261991246875 0.8312205984375 0.2836574875 0.79737641875 0.359006896875 0.71032501875 0.36471885312499996 0.6893830765625 0.35274536093750003 0.6084751734375 0.33592679062499997 0.6000407437499999 0.0926109953125 0.6458255859375 0.0811844890625 0.6575146109375 0.0885192515625 0.702999425 0.064905125 0.6510925265624999 0.043236290625 0.654741846875 0.032888196875 0.6704555625 0.0450758171875 0.7340514859375 0.06674465 0.7304021671875 0.076984384375 0.708247009375 0.082590575 0.7110584859375 0.08280729375 0.7239413671875 0.0737517390625 0.726367796875 0.07342925312500001 0.7372383328125001 0.051546292187499995 0.7581996328125 0.09252597500000001 0.9111378890624999 0.166696390625 0.9042049375 0.1794180296875 0.9094234859375 0.204498740625 1 0.253370484375 1
6 1 0.43417375312499995 0.999712009375 0.4330989578125 0.963812278125 0.43193413593749996 0.9520606921875 0.42429883593750006 0.9441893171875 0.4069965375 0.8928745062500001 0.4207462984375 0.83379668125 0.4236352015625 0.7858228765625 0.4257056171875 0.769974359375 0.4148544375 0.627025590625 0.4488437921875 0.56050983125 0.46019616093750004 0.5291378765625 0.457818125 0.072799828125 0.5477411562500001 0.0265520015625 0.5622900484375 0.015556342187499999 0.569549978125 0.0162039078125 0.5780037640625 0.0394903609375 0.5803914796874999 0.192573096875 0.5480003859375 0.284423775 0.5406436734375 0.503591425 0.5013293062499999 0.6248713593749999 0.470989271875 0.8219393296874999 0.43975332187499994 0.8346609687500001 0.44497187031249996 0.8125612875 0.4530502875 0.822911975 0.46753143125 0.8438248828124999 0.4489868828125 0.8694822875 0.4421120015625 0.943116090625 0.4633615671875 0.952927571875 0.475830365625 0.94214863125 0.495973178125 0.9521553562499999 0.506637240625 0.9567100828124999 0.50541680625 0.9813893671875 0.4854586546875 1 0.485436378125 1 0.43417375312499995
5 0.1629680796875 0.564290725 0.1436701984375 0.55867745 0.09839242499999999 0.5708095921874999 0.085456659375 0.5829030234375 0.080931475 0.6143110968750001 0.0842750734375 0.6328266109375 0.09397819375000001 0.6388539703125 0.162973265625 0.6246804453125 0.177740778125 0.601312075 0.18679633281250002 0.5988856453125 0.2004880234375 0.60168744375 0.20889860625 0.621002090625 0.2160140546875 0.6234091609375 0.2632729671875 0.6135770078125 0.2897321734375 0.606487284375 0.29546558125 0.5999633640625001 0.2742224078125 0.53879386875 0.262039975 0.535587665625 0.187547071875 0.553391153125 0.1707310953125 0.575151584375 0.1629680796875 0.564290725
18 0.018035653125000002 0.5667288218750001 0.0197616328125 0.5792073 0.19584600624999998 0.5475278171875 0.2175612515625 0.5417092343750001 0.2291178015625 0.527424134375 0.2627523484375 0.514098134375 0.25811621093750003 0.50886990625 0.1976374859375 0.51860465625 0.0441239046875 0.555424846875 0.018035653125000002 0.5667288218750001
5 0.520129078125 1 0.4615269296875 0.8210264828125 0.443188728125 0.692217015625 0.4226988859375 0.6157478890625 0.4074979359375 0.6133504953125 0.38615418125 0.6363241390625001 0.38442820312500003 0.6238456609374999 0.41719846250000003 0.5891829921875 0.411918409375 0.56368239375 0.41163487187500003 0.5626242218749999 0.3990847609375 0.5638409906249999 0.38022031875 0.5839934796875 0.346585771875 0.5973194796875 0.360176884375 0.68426441875 0.3564050328125 0.700372859375 0.21346923125 0.88533651875 0.24419321875 1 0.520129078125 1
13 0.2754091796875 0.5492600000000001 0.291477009375 0.6031889234375 0.306819696875 0.608379171875 0.3566252765625 0.5950338078125 0.3781523453125 0.588591640625 0.4143719703125 0.5486910640625 0.4017560984375 0.5197190968750001 0.3946406484375 0.5173120250000001 0.27831933750000004 0.54200975 0.2754091796875 0.5492600000000001
20 0.4068922453125 0.49421338593749997 0.423785784375 0.4811942765625 0.41914964687499995 0.4759660484375 0.2967913 0.5022813937499999 0.2758783921875 0.5208259421875 0.37546191875 0.5026351171875 0.4068922453125 0.49421338593749997
5 0 0.29454431875 0.030857351562500003 0.40328377812499994 0.17538340937500002 0.3766902796875 0.190759015625 0.3725703984375 0.215634528125 0.362400184375 0.16527161875000002 0.1623691734375 0.156969396875 0.14949596874999999 0 0.18595116875 0 0.29454431875
5 0.5596745796875 0.46311599687499994 0.67297075625 0.4407116734375 0.6825346421875 0.4381490375 0.6804127156249999 0.4005687578125 0.619263084375 0.130095975 0.479872040625 0.1652888671875 0.48354071875000004 0.20312870625 0.5418859578124999 0.45709831875000007 0.5596745796875 0.46311599687499994
4 1 0.48597896093750004 0.9757831781249999 0.48264717656249995 0.9405284187499999 0.45974128125 0.8993449828125 0.44489444375 0.8593483203125001 0.440513740625 0.7513266375 0.4478898078125 0.41023148750000005 0.509090425 0.4039803234375 0.5280200203125001 0.4216631796875 0.5577911203125 0.450785509375 0.7268474968749999 0.48668524062499996 0.72801231875 0.6101220015625 0.7057216656249999 0.6273714171875 0.709727 0.6814490625 0.9415194375 1 0.8561639703124999 1 0.6260702984375001 0.6137854921875 0.6831717828125 0.59524094375 0.662258875 0.59038549375 0.6139529046875001 0.6186279765625 0.5805034499999999 1 0.5203768078125 1 0.48597896093750004
10 0.76037181875 0.3246839390625 0.7559524015625 0.3323385953125 0.776550603125 0.4152491625 0.7888413953125 0.42489680781250005 0.85287784375 0.41636559531249995 0.892234271875 0.4191654296875 0.9202633578125001 0.41165505781249995 0.9536757171874999 0.40014101249999995 0.9815957140625 0.37756209375 0.9678988359374999 0.3143705765625 0.9451515890625 0.31399520625 0.924558575 0.29147435625 0.76037181875 0.3246839390625
6 1 0.5146666703125 0.970254240625 0.51634623125 0.60501094375 0.584017321875 0.58377555 0.6134324078125 0.5841006296875 0.63275673125 0.5954239625 0.6750159859375 0.6133209453124999 0.6874751078125 0.7958355312500001 0.66229555 0.8254841 0.6823899703125 0.8354013468750001 0.67110535 0.87669055 0.6621987671875 0.889087109375 0.6480929921875 1 0.6287918234375 1 0.5146666703125