21 0.5070221562499999 1 0.4911306765625 0.8192122328125 0.5085196921875 0.67074795 0.5048176421874999 0.6355253000000001 0.01339605625 0.653658846875 0.049797978124999996 1 0.461197134375 1 0.46351738124999997 0.975035559375 0.46869208125000006 1 0.5070221562499999 1
5 0.6923263765625001 0.5508782609375 0.6812816359375 0.982129565625 0.8801974765624999 0.96122266875 0.8888823265625 0.70211708125 0.8888672828124999 0.70197395625 0.862528621875 0.675436290625 0.8014894078125 0.677662153125 0.7485855 0.6078094562499999 0.7478031296875 0.5555214640624999 0.7407162984375 0.547887084375 0.6923263765625001 0.5508782609375
5 0 0.5262038921875 0.0031473671874999998 0.556149084375 0.1003627453125 0.554310571875 0.10450033125 0.5936770625000001 0.0070671843750000005 0.5934436546875 0.0109870015625 0.6307382265625 0.10487673281250001 0.6271544453125 0.10882611718749999 0.6497822453125 0.1313000953125 0.6487293890625 0.144742225 0.6473165640625 0.1364394125 0.4939589203125 0.10048101406250001 0.49564349218750003 0.0966902625 0.5044211515625 0 0.5104641125 0 0.5262038921875
4 0 0.26932742187500003 0.174090928125 0.25931075312499996 0.19327513125 0.25729441249999996 0.17272913750000002 0.032036190625 0 0.050190754687500005 0 0.26932742187500003
4 0.7557764406249999 0.45216872343750003 0.7915170703125 0.44841223281250003 0.798415703125 0.4393079203125 0.7799725578125 0.0097157375 0.339583671875 0.035054384375 0.332467271875 0.042086775 0.3335561109375 0.052446378125000005 0.3601317328125 0.08107530156250001 0.5741104140625 0.06905928125000001 0.590641984375 0.345931328125 0.6015303671875001 0.44952735937500005 0.6070632578125 0.4573250640625 0.7557764406249999 0.45216872343750003
4 1 0.47492992031250003 0.8179021453124999 0.47522822343750004 0.4050486515625 0.4934831671875 0.41407662500000003 0.6391709140625 0.500196653125 0.6364037609375 0.5055117765625 0.6421295453125 0.5040869031249999 0.6883651015625001 0.48610371875 0.8012800828125 0.49223077968749995 0.844627090625 0.6817819484375 0.839368121875 0.6905489593749999 0.5640267031249999 0.6954581156249999 0.5509418765625 0.731198746875 0.5471853859375 0.7462730484375 0.5560750578125 0.7488271265625001 0.6102716453125 0.79818761875 0.6763071515625 0.860998540625 0.6759898843750001 0.8855846859375 0.7006382906249999 0.8844475109375001 0.8243515390624999 0.8887700296875 0.836204228125 0.9192337374999999 0.8330023640625001 0.92195985 0.8225036421875 0.9187524703125 0.76209129375 0.8968682375 0.718305621875 0.8945319265625 0.6661809562500001 1 0.6603996015625 1 0.47492992031250003
4 0.215392359375 0.6472227687500001 0.20434534375000002 0.5122212765625 0.2125801484375 0.50088171875 0.14044558437500002 0.5021789390625 0.13665483437499998 0.5109566 0.1463656765625 0.6481933375 0.215392359375 0.6472227687500001
4 0.011014221875 0.630997215625 0.013191898437499999 0.651716421875 0.1068638609375 0.64606071875 0.10313224531250001 0.6255048375000001 0.02478191875 0.6274553625 0.011014221875 0.630997215625
4 0.0970523703125 0.552956471875 0.0233638640625 0.5544170203125 0.026877714062500002 0.5729009796875 0.0206619515625 0.5735542828125 0.0155941625 0.5552336484375 0.0031881984375 0.5565375671874999 0.007108250000000001 0.5938343734375 0.0833126703125 0.5924999109375 0.10103857812499999 0.5906368421875 0.0971459796875 0.5536012484375 0.0970523703125 0.552956471875
4 1 0.8421978765624999 0.9703723234374999 0.8193791718749999 0.9172210812499999 0.7621213250000001 0.92673074375 0.956331825 1 0.948630915625 1 0.8421978765624999
6 1 0.659341759375 0.8956095015625 0.6614853046875 0.8990346484374999 0.723969575 0.922472821875 0.76759191875 0.9705267093750001 0.821195903125 1 0.8438957031250001 1 0.659341759375
6 0 0.5085312921875 0.12692522343749998 0.49312594374999996 0.16419022656249999 0.5038728953125 0.9985675531249999 0.4601672921875 0.9930346609375 0.45236958749999995 0.944426971875 0.45328884374999995 0.9331434203125 0.43562151250000003 0.909398778125 0.43392755625 0.798415703125 0.4393079203125 0.796614428125 0.45206609531249997 0.7795210828125 0.453862678125 0.6261460796875 0.459508996875 0.5937606640624999 0.4503439875 0.4390494875 0.45822555156250006 0.4090595171875 0.47185166875 0.2638897515625 0.48082520000000006 0.1649026640625 0.48075511718749997 0.21198597968750002 0.4653324171875 0.178482159375 0.46047457343750003 0 0.4711162625 0 0.5085312921875
20 0.40831346249999995 0.4703589765625 0.4233059265625 0.4579163828125 0.4164368609375 0.45235392343749997 0.244632340625 0.46203207187500006 0.20420032031250002 0.480945309375 0.3786429203125 0.47347747656249994 0.40831346249999995 0.4703589765625
10 0.990450640625 0.45316488125000004 0.9977509250000001 0.45239758906249994 0.982003603125 0.30257183125 0.935167621875 0.30539968125 0.92649728125 0.31259539687500004 0.9328824750000001 0.4480868671875 0.990450640625 0.45316488125000004