7 0.25442489375 0.40804262343750003 0.27034765156249996 0.3537324890625 0.3105954859375 0.134473753125 0.2970167 0.1215020859375 0.2022452890625 0.092098496875 0.16658368750000002 0.09638775468750001 0.156719275 0.1073412265625 0.1266009171875 0.2691528421875 0.10743227343749999 0.413855940625 0.11766346093749999 0.43681469687499996 0.1419218890625 0.44320758437499996 0.11775515624999999 0.44529275312500005 0.12282490312500001 0.45253310312500006 0.1462681015625 0.4545513 0.14346065 0.443478909375 0.184186990625 0.4104660921875 0.208898878125 0.423285353125 0.22501003437499997 0.4218952390625 0.23705005781250002 0.43459558125 0.25442489375 0.40804262343750003
4 0.919549815625 1 0.979357653125 0.6608129 0.6717936265625 0.659467865625 0.45409461718750005 0.55338655 0.44377674375 0.557913646875 0.4402507671875 0.58690853125 0.6279897625 0.691938034375 0.6275413109375 0.7214755687500001 0.613422378125 0.72956338125 0.25843180781249997 0.7452414328125 0 0.4924949234375 0 0.9179632109375 0.4652537484375 1 0.919549815625 1
6 0.944866784375 0.6224702796875 0.9293874703125 0.611278971875 0.930019309375 0.59869755 0.964957378125 0.59851165625 0.8482815296874999 0.5673611953125001 0.8277324671875 0.5489295375000001 0.8201253421875 0.5200870578125001 0.772785484375 0.5096242921874999 0.7637362984375 0.5249524531249999 0.7743292546875 0.5458595265625 0.766548759375 0.5719887515625001 0.6950421671875 0.56361115625 0.6006325234375 0.5321558828125 0.45110252500000003 0.5163670703125 0.44332202968749995 0.5424962953125 0.4464912484375 0.5515170046875 0.66427698125 0.6574813953125 0.683653990625 0.6608980843750001 0.9798098609375 0.658248296875 0.9895775718750001 0.6028528609375 0.978082703125 0.6050569484375 0.9827906828125 0.6143489828125 0.9775425562500001 0.626116428125 0.944866784375 0.6224702796875
6 0 0.4928214515625 0.2557000734375 0.7440986703125 0.260927534375 0.7450204125 0.6298500796875001 0.7263780453125 0.635276584375 0.695602803125 0.628668075 0.6880911281250001 0.264776646875 0.4843060921875 0.198156415625 0.4662127328125 0.0021017859375 0.44433584374999996 0 0.4562556640625 0 0.4928214515625
4 0.8244403203124999 0.144690521875 0.7127475359375001 0.1482662625 0.6808153328125 0.28437238593749997 0.693217125 0.29502104375 0.7582069 0.3043650234375 0.8172250156249999 0.3295798125 0.8215712281249999 0.340923528125 0.81578295625 0.373750453125 0.7884570234375 0.438742734375 0.7700018953125001 0.5074146500000001 0.7731711140625 0.5164353562499999 0.8215962734375 0.5207430734375 0.8288366234375 0.5156733265625 0.8981225234375 0.1767219296875 0.8671638937499999 0.1543393109375 0.8244403203124999 0.144690521875
4 0.642090053125 0.225053921875 0.6450708734374999 0.18115460781249998 0.5890385890625 0.14800440937499998 0.5946484828124999 0.13418528125 0.637642128125 0.13330433125000002 0.645967778125 0.12207953593750001 0.6487702203125 0.0971880171875 0.640893021875 0.078875278125 0.6093025515625 0.06907408125 0.5676692890624999 0.08923415 0.5082894078125 0.0660710421875 0.4150617671875 0.0729026875 0.38014874375 0.252908125 0.500142784375 0.279487209375 0.5219098437499999 0.2833253296875 0.52940866875 0.2792266765625 0.53184934375 0.2563868421875 0.5409902234375 0.24953673593749998 0.6410097609375 0.267172878125 0.6469814203124999 0.25130206718750003 0.642090053125 0.225053921875
4 0.3453125 0.45703125 0.1140625 0.1390625
4 0.55078125 0.49609375 0.08125 0.059375
13 0.391119675 0.550612040625 0.40705245156250003 0.5682297234375 0.437104159375 0.5777595953125 0.44841063124999997 0.5226354843750001 0.48941205312499997 0.5150568359375 0.500718525 0.4599327265625 0.4932947875 0.448046359375 0.42775985624999996 0.42379795 0.41472622656249997 0.42573071406249996 0.41717190937500004 0.43885478750000007 0.404148296875 0.51271536875 0.391119675 0.550612040625
10 1 0.43762645781250004 0.8556814749999999 0.40841899374999996 0.8461788296874999 0.41732078125000005 0.824019346875 0.5339953765625001 0.829996015625 0.5540884734375 0.8490063156250001 0.5722488078125 0.9606636890625 0.5986800828125001 0.9894192984375 0.603750471875 1 0.5437443328125 1 0.43762645781250004
20 0.585590584375 0.42850330468750003 0.541151759375 0.4228298421875 0.41786551406249994 0.39892885 0.5246950375 0.4408902375 0.5386764765625001 0.44335554374999997 0.585590584375 0.42850330468750003
18 0.43472888125000003 0.42026696562500004 0.4347967125 0.41988227343749995 0.41583705000000004 0.3903602078125 0.31427875 0.3724527390625 0.3140086765625 0.382982478125 0.42909631406250004 0.41927379218749994 0.43472888125000003 0.42026696562500004
21 0.058825506250000006 0.44600809531249996 0.062241009375 0.44661034062500005 0.0867224328125 0.3783399390625 0.05196274375 0.3595180359375 0.0544951140625 0.34515625625 0.02136588125 0.335083734375 0.0123217046875 0.3863758046875 0.061923859375 0.3930065296875 0.06328424375 0.4122856515625 0.0532414515625 0.44224691875 0.058825506250000006 0.44600809531249996