5 0.3786509234375 0.6700283953125 0.347303225 0.5169472875000001 0.367298809375 0.5215498453125 0.38183815625 0.5717818453125 0.39689112656250003 0.583712128125 0.4233595765625 0.6379923234375 0.42949474531250004 0.6367997671875 0.427507153125 0.6265744843750001 0.3971197984375 0.5603220875 0.3913856875 0.5062561984375 0.40172471718749997 0.5021241671875 0.438363346875 0.5268372359375 0.45438020312500005 0.5682927296875 0.466024353125 0.5872526015624999 0.4717620046875 0.5840149890624999 0.44126208437500003 0.5008058609375 0.43649185937499996 0.47626518124999995 0.44756964374999997 0.4677449 0.431042703125 0.40728761718750006 0.35395556093749997 0.4201495140625 0.36508608593749997 0.47741110000000003 0.3824116046875 0.48465499218749997 0.4196201421875 0.4795447109375 0.4297867828125 0.5072810875 0.4259804421875 0.51226561875 0.3966695375 0.49249516406250005 0.362472303125 0.48853080000000004 0.303118821875 0.3387711390625 0.2087624421875 0.3528675078125 0.2595956421875 0.4915493859375 0.2870878 0.5265296546875 0.2754330265625 0.679480290625 0.2815681953125 0.678287734375 0.283728178125 0.6566446109374999 0.2955447171875 0.6437360765625 0.29179820156249997 0.5998954703125 0.2978806296875 0.5329210468750001 0.3039595171875 0.523250125 0.31776365 0.5205668734375 0.33468456562500004 0.6403727140625 0.343887321875 0.6385838796875001 0.3439471453125 0.5897587421875 0.3721745171875 0.6776542609375 0.3786509234375 0.6700283953125
21 0.48398668593750005 0.401241003125 0.4810914890625 0.3699688765625 0.46882115 0.3723539890625 0.45853840312500005 0.384964384375 0.330041071875 0.40357475625 0.32969983593749996 0.41000806562500003 0.3351525328125 0.4216821265625 0.349354184375 0.42104393125 0.48398668593750005 0.401241003125
5 0.3476865234375 0.3469540203125 0.342743909375 0.354281746875 0.351613546875 0.3999120734375 0.3838231875 0.393651153125 0.3745560328125 0.34597577031250004 0.3476865234375 0.3469540203125
5 0.48721957656250003 0.483383325 0.49034344374999994 0.4912654109375 0.5111340656250001 0.4999580828125 0.5086855890625 0.5938163828125 0.5234008640625001 0.5548764734375 0.5432276015624999 0.534043934375 0.624121084375 0.5161975078125 0.6041853234375 0.46276981250000004 0.6018002109375 0.45049947343749996 0.612026675 0.4294107109375 0.5951584984375 0.3753867390625 0.6115764140625 0.3615837875 0.6086249359375 0.32183329375 0.6070348609375 0.3136530671875 0.593571965625 0.3099030109375 0.589653059375 0.297930809375 0.4780274453125 0.3132616515625 0.47626498125000005 0.33694983125 0.49290094531250006 0.4716673453125 0.48721957656250003 0.483383325
19 1 0.451855478125 0.9796582218750001 0.3472061015625 0.9197840328125 0.35035515781250004 0.8968897109375 0.371783975 0.8707554156249999 0.4256774765625 0.8549636890625001 0.4181354453125 0.685792715625 0.44040731875 0.6717036296875001 0.4580022453125 0.6782327765625 0.516158246875 0.54433903125 0.5315729218749999 0.5104794906250001 0.5784787546875 0.49161663750000006 0.628836503125 0.49172920312499996 0.6457932343749999 0.5212581546874999 0.8140841562500001 0.5470476718749999 0.823927465625 0.5784622765625 0.8135764312499999 0.6072630984375 0.8143450984375 0.6274188765625001 0.98299888125 1 0.9105764484375 1 0.451855478125
9 0.447421925 0.387655790625 0.4372139421875 0.382609815625 0.42727597343749996 0.33148339843749997 0.37086688749999996 0.33608123437500004 0.38086113906249996 0.39568601718749996 0.4338015234375 0.390303328125 0.447421925 0.387655790625
21 0.234516465625 0.42002053124999994 0.22711046562499998 0.417746040625 0.225193225 0.4181187140625 0.21917854062500003 0.42300192187499996 0.22230240937499998 0.430884009375 0.23641875156249997 0.43185414218749996 0.236834153125 0.431773396875 0.23459810937499997 0.4202699484375 0.234516465625 0.42002053124999994
21 0.34992006249999996 0.571353834375 0.33810651875 0.518867590625 0.3239048671875 0.5195057859375 0.33395540156250003 0.5875889328125 0.35162215625000004 0.588399515625 0.3565950625 0.6056937296875 0.34992006249999996 0.571353834375
21 0.2825128671875 0.6739921015625 0.29296800312500004 0.6295132999999999 0.28768769375000003 0.5859708312499999 0.2907185359375 0.5288305359375001 0.290483890625 0.527623390625 0.2837723296875 0.5166951281250001 0.27570585 0.5161407671875 0.2849613453125 0.5801338015625 0.2769230203125 0.67547659375 0.2814370578125 0.674599153125 0.2825128671875 0.6739921015625
21 0.6026170421875 0.3891911671875 0.6337958921875 0.5168371781250001 0.6452014953125 0.5179362890625 0.6482316328125 0.5173472890624999 0.6244876546875 0.3870622765625 0.650164609375 0.37994885625 0.653119628125 0.36239584687500004 0.5982443359375 0.36669554375 0.595289315625 0.384248553125 0.6026170421875 0.3891911671875
11 0 0.46348358906250003 0.0608445015625 0.451656615625 0.006365690625000001 0.163263484375 0 0.16450085 0 0.46348358906250003
4 0 0.5481445265625 0.0500811484375 0.8057897 0.0618330328125 0.80483181875 0.06880277500000001 0.8034770375000001 0.06519394375000001 0.768894846875 0.177903090625 0.685438940625 0.139685009375 0.4806351390625 0 0.49981970468750003 0 0.5481445265625