14 0.36559457968750003 0.7563431046875 0.395045971875 0.76749823125 0.40088712187500003 0.773164653125 0.4082199875 0.8194625453125 0.42137007187500003 0.8213347171875001 0.46644581875 0.8062855375 0.46519974218750004 0.74847708125 0.48688090468749995 0.7542713203125 0.4960889359375 0.7936806453125 0.5392356031250001 0.778937 0.5455441000000001 0.7001573078125001 0.5348682859375 0.67020865625 0.512725828125 0.65525928125 0.48455654687500005 0.5648022515625 0.47842189218750003 0.4761285359375 0.465086134375 0.40441512968750004 0.45334991875 0.3864992546875 0.383525684375 0.3514173390625 0.37915231718750003 0.33629024531249996 0.38442434375 0.3196354703125 0.3835856484375 0.2643991203125 0.3755458484375 0.2261230796875 0.3649778625 0.2093404875 0.3463400953125 0.1977909671875 0.321262071875 0.2017629359375 0.3078663484375 0.21706775 0.3022408546875 0.23773344999999999 0.304601246875 0.290092159375 0.3198421515625 0.31140788750000004 0.324730728125 0.3422731484375 0.306416446875 0.3702218109375 0.2519109625 0.41313079531249997 0.24609374375 0.45755651249999996 0.2544809609375 0.5854228781249999 0.26781671875 0.65713628125 0.308914378125 0.8167346125 0.317553284375 0.8338227390625 0.3348481296875 0.8441348156249999 0.33513105625 0.844090003125 0.34151699375 0.8353005171874999 0.3301342453125 0.8133737156249999 0.3292116546875 0.7950634453125 0.333015896875 0.7878693421875 0.3455129609375 0.804346396875 0.3497245859375 0.7997244 0.3358436359375 0.7557819359375 0.36559457968750003 0.7563431046875
15 0.625949584375 0.6097736406250001 0.643202790625 0.6070409999999999 0.6461911453125 0.5989873875 0.6398647671875 0.5340736890625 0.651283546875 0.41889013124999996 0.6238151484375 0.4140125 0.5025827375 0.42266731562500004 0.48868968593749995 0.565927353125 0.49906594687499994 0.6064699625000001 0.625949584375 0.6097736406250001
19 0.481949071875 0.49590121875 0.48889039843750004 0.5397270296875 0.48921593124999996 0.5396754703125 0.493793 0.500763375 0.4934399359375 0.498534215625 0.4900494734375 0.49335851875000003 0.481949071875 0.49590121875
19 1 0.6415778999999999 0.9907563734375 0.5365037312500001 0.9808414078125001 0.505116259375 0.84863363125 0.49441637812500006 0.8161567265624999 0.6327099234375 0.8028149171875001 0.65459776875 0.779258590625 0.655692096875 0.7370105812500001 0.6386538734375 0.687208 0.6425868859375 0.6748905609375 0.7895523125 0.6830681703125 0.797485303125 0.9645937453125001 0.9269134765624999 1 0.9217408171875 1 0.6415778999999999
15 0.734818803125 0.6363643890625 0.77087219375 0.651747115625 0.7984127859375 0.65364710625 0.80007929375 0.6533831578125 0.8154866437500001 0.6275428 0.834238290625 0.55865713125 0.852441809375 0.44791854999999997 0.84693825 0.41317044375 0.752492165625 0.43581810781249997 0.722741221875 0.43525693906249996 0.6990770656249999 0.42318520625 0.6747238578125 0.5628287125 0.6492623828124999 0.6143207171875 0.68352450625 0.5996659328125 0.691156925 0.6353698671875 0.734818803125 0.6363643890625
19 0.6838317234375 0.5020356734375 0.6809261531249999 0.4836906296875 0.6456876796875 0.485626209375 0.6410386906250001 0.5311852125 0.6465503046875 0.5909546999999999 0.65018140625 0.5932798828125 0.6545218328125 0.5925924265625 0.6729343703125 0.5577729687499999 0.6837779765625001 0.5138694625 0.6838317234375 0.5020356734375
9 0.5453477578125 0.97671469375 0.672918646875 0.8457710765625001 0.6699591500000001 0.8146002796875 0.6848808125 0.6385060671875 0.6794364953125 0.6041320046875 0.5487088578125 0.6795617046875 0.5369905234375 0.8053392203125 0.5149558937500001 0.8035559062500001 0.3748340265625 0.9114394390625 0.37575661718750003 0.9297497109374999 0.383526846875 0.9351105953125 0.534941515625 0.9796811953125 0.5453477578125 0.97671469375
19 0.6387521656249999 0.616942875 0.6386652500000001 0.6163941109375 0.5757545734375 0.60935611875 0.5055905609375 0.6152030734375 0.5057157171875 0.61599328125 0.516630084375 0.65431499375 0.54531223125 0.677914528125 0.548247453125 0.677449634375 0.6250119640625 0.63319405 0.6387521656249999 0.616942875
19 0.3272874890625 0.8478380984375 0.32710061874999996 0.84665824375 0.313516 0.8314300609374999 0.294093453125 0.7712272203125 0.2588908578125 0.6238783453125001 0.24813719843749998 0.5372545203125 0.17644816875 0.5449176687499999 0.1714018015625 0.545716934375 0.1884136015625 0.6034013109374999 0.2291638453125 0.6734093156250001 0.2324768109375 0.7005691859375001 0.1079014515625 0.725573240625 0.03435081875 0.7543605984374999 0.0636415421875 0.9392949515625 0.08234345625 0.936332859375 0.3272874890625 0.8478380984375
15 0 0.5374780625 0.0330879359375 0.746387071875 0.05425518593749999 0.7430345093749999 0.11127075156249999 0.7218756421875 0.22315732187499998 0.7041545499999999 0.232138434375 0.6965599765625 0.2293441671875 0.6789176718750001 0.186403046875 0.603192425 0.1472044828125 0.48679766874999997 0.097863196875 0.499885815625 0 0.5090798296875 0 0.5374780625
21 0.509386225 1 0.9562875765625 0.9292177796875001 0.6791291359375 0.7988342578125 0.672688878125 0.814355746875 0.675702290625 0.8521095750000001 0.5438658625 0.9810921578125 0.3746281890625 0.93011625 0.3732982171875 0.9092338718749999 0.38441139375 0.8982455203124999 0.5172782421875 0.8007392703124999 0.5354547140625 0.8031336546875 0.5364612015625 0.784517846875 0.06453778125000001 0.9449535812500001 0.07200845781250001 0.9609084234375 0.1083614015625 0.9656971953125 0.17049930468750002 0.9584921468750001 0.18756146093749998 0.9663362781249999 0.222069221875 0.93450450625 0.28379974375 0.924727353125 0.2962968078125 0.94120440625 0.295781596875 0.925466240625 0.32162717500000004 1 0.509386225 1
2 0.32063890625 1 0.31554863125 0.9734860328125 0.2946583 0.9227438640625 0.23637855624999998 0.9293378406249999 0.20024126875 0.9508811921874999 0.191111084375 0.9681470390625 0.1678543109375 0.9586474109375 0.1057164078125 0.965852459375 0.073221621875 0.960452615625 0.0682000203125 0.9699488328125 0.07295965625 1 0.32063890625 1
3 0.76451735 0 0.7694069203125 0.012926496874999999 0.7816283625 0.0900896484375 0.8124454890624999 0.40951393124999996 0.8163575609375 0.41548588906250006 0.84874451875 0.40771967187499997 0.8569221296875 0.41565266406249995 0.8493375750000001 0.480133009375 0.854064409375 0.491249178125 0.9700247921875 0.49924913593750003 0.9863261 0.5085320890625 1 0.6184558734375 1 0.4606491453125 0.9270403421875001 0 0.76451735 0
4 0 0.2159875921875 0.1939186171875 0.208353525 0.287844371875 0.21457017031249997 0.30679957343750003 0.3592191265625 0.3205487640625 0.33990338593749997 0.31606756874999997 0.31161023125 0.3027557421875 0.289988965625 0.30110228437500003 0.22960840624999998 0.3105859359375 0.2083316328125 0.32631811875 0.1952933875 0.3564764453125 0.19842666250000002 0.3807097234375 0.23281959375 0.38733565468750003 0.28713933593749996 0.3858378890625 0.34010911718750003 0.40183964375 0.359986025 0.42352080625 0.36578026406249997 0.3944763859375 0.15337278593749998 0.39194384375 0.137382940625 0 0.1349098515625 0 0.2159875921875