16 0.6968224625 0 0.6950049484374999 0.0078498625 0.6587751046875 0.8419425296874999 0.6519636734375001 0.8993618171875 0.6488299109375 0.8876959828125001 0.6353873625 0.9009534390624999 0.5668111546875 0.8891276250000001 0.539653365625 0.9000199203125 0.540425259375 0.8882859125 0.5275728078124999 0.8793942796875 0.4923764640625 0.8774040718749999 0.482248734375 0.85674434375 0.44727963437499996 0.8677729859375001 0.43501728125000005 0.836732265625 0.42543494062500004 0.8473177796875 0.41853187031249994 0.8435314281249999 0.4231639703125 0.8291254765625 0.41267338750000004 0.8436336890625 0.4139452203125 0.8605411500000001 0.3973689109375 0.862132771875 0.39859529375 0.8764364640625001 0.64960254375 0.9319600734375 0.651633959375 0.99274116875 0.68095845 0.9922293078125 0.6852526390625 0.9039898828125 0.7038264859375001 0.8489698453125 0.7046430890625001 0.7838415078125001 0.6927897765625 0.7762347187499999 0.6919716953124999 0.7293668578125 0.7008708234375 0.56772859375 0.7121787484375 0.54409014375 0.7129499015625 0.47635803593750004 0.7070005218750001 0.47125275625 0.7063187875 0.43219620625 0.7148543234375 0.24972778281250002 0.723618584375 0.1922744078125 0.7247646140625 0.036905221875 0.7241204328124999 0 0.6968224625 0
16 0.3932193 0.8734048265625001 0.39294660625 0.8577822062499999 0.43513617812499994 0.8127682078125 0.4037076640625 0.690902315625 0.4083397640625 0.676496365625 0.4286399328125 0.6644214890625 0.43445148749999996 0.549719259375 0.43031858749999996 0.5367685828125001 0.43513248281249994 0.5327777109375 0.4392653828125 0.5457283875 0.456931728125 0.5506291484375 0.46660496875 0.5452511734375001 0.49412635 0.555189040625 0.6643859359375 0.5730536546875 0.6709254140625001 0.5560098453125 0.6678825500000001 0.54955155 0.6169726875 0.5426264953125 0.5505765515625 0.54378544375 0.4281839640625 0.5263875890625 0.429180884375 0.359678134375 0.4445308109375 0.3437828203125 0.4504332640625 0.23428813124999998 0.68577170625 0.231482565625 0.6900856625 0.1988502234375 0.686315615625 0.15073160624999998 0.6795943421875 0.1573603359375 0.6800488312499999 0.1833980375 0.6734184546875001 0.19523430625 0.4331297703125 0.1942194328125 0.431719375 0.0015063625 0.417186790625 0.0082714390625 0.36774312187499997 0.9806366125 0.3689989296875 0.9992373203125 0.39843454375 0.9987235203125 0.4110234703125 0.9981130953124999 0.4147913 0.8782374125000001 0.44026895625 0.883001825 0.432412196875 0.8805344015625 0.4361815046875 0.87265491875 0.42923298593750003 0.8662647968750001 0.40184795156249997 0.8641382421875001 0.3932193 0.8734048265625001
2 0.663063453125 0.7099204953125 0.6625565015625 0.6808773015625 0.6298358546875 0.675234696875 0.6097629312499999 0.700328425 0.6080373484375 0.7133813609375 0.6053148453125 0.8931437531249999 0.6396756078125 0.897622884375 0.640617134375 0.89760645 0.6574958 0.860978171875 0.663063453125 0.7099204953125
2 0.6217685875 0.6718984234375001 0.59345755 0.6698791890625 0.569433521875 0.6924373187499999 0.5648945390625 0.880045109375 0.5753561671874999 0.8893691562500001 0.6002587875 0.8889344796875 0.6067190421875 0.70220475 0.621802459375 0.6738389984375 0.6217685875 0.6718984234375001
2 0.5672287859375 0.703219625 0.5843542890625 0.677135521875 0.5842925125 0.673596325 0.5597348796875 0.6655842640625 0.5299432671875 0.69345219375 0.5270844171875 0.8654032765625 0.53421473125 0.882208478125 0.5354363953125 0.88225226875 0.5600176015625 0.8818232015625 0.5644153843749999 0.877774478125 0.5672287859375 0.703219625
2 0.5313215718750001 0.69127936875 0.554440975 0.6644577328125 0.5544236140625001 0.6634630921875 0.5220111843749999 0.661489403125 0.49603432812500003 0.6840816203125 0.49340272343749997 0.869051553125 0.5223410125 0.8762298968750001 0.5231221296874999 0.8762162625000001 0.5286445171875 0.8736455328125 0.530188303125 0.850177515625 0.5313215718750001 0.69127936875
2 0.49003232187499995 0.734714915625 0.4648942765625 0.6542820093749999 0.4038574234375 0.682695328125 0.4478209859375 0.8512245593750001 0.45290757499999995 0.8628563078125 0.46167257343749996 0.86140103125 0.4858783984375 0.8492579828125001 0.4918230109375 0.8373034562500001 0.49003232187499995 0.734714915625
2 0.63691045625 0.3419224453125 0.631879046875 0.5348926546875 0.63203655 0.5439160125 0.659076059375 0.5472309328125 0.6689089906250001 0.5470592984375 0.6787192921874999 0.3534341171875 0.6786182484375 0.34764527031250003 0.63691045625 0.3419224453125
2 0.632002965625 0.3629335484375 0.593662365625 0.3598674609375 0.58889391875 0.3664621015625 0.58603506875 0.538413184375 0.6117057046875 0.5402440953125 0.616018190625 0.540168821875 0.630859203125 0.5324216500000001 0.6328922125 0.41387853124999996 0.632002965625 0.3629335484375
2 0.4778554890625 0.35885021875 0.4769494671875 0.530767215625 0.49905923281250003 0.53283391875 0.5007299640625 0.53280475625 0.51591511875 0.5248779390625 0.515915009375 0.516478225 0.5131317828124999 0.3570273546875 0.4778554890625 0.35885021875
2 0.5167413578125 0.530246284375 0.5369713390624999 0.5337348984375 0.544210115625 0.5336085453125 0.548141475 0.3930888453125 0.5476132484375 0.362826753125 0.520599346875 0.3595800421875 0.5167413578125 0.530246284375
2 0.5492922765625 0.3582978375 0.54557199375 0.5367102499999999 0.581818859375 0.536077559375 0.5865345640624999 0.533455796875 0.588260146875 0.5204028609375 0.589053434375 0.4091741578125 0.588219721875 0.3614108546875 0.5492922765625 0.3582978375
2 0.4772055453125 0.3579861421875 0.43364277187500005 0.3523074734375 0.4277865078125 0.52040403125 0.43108366406250004 0.524644009375 0.46102701562500004 0.524121346875 0.473700678125 0.520904878125 0.47647084843750004 0.511740553125 0.47754199374999995 0.377261275 0.4772055453125 0.3579861421875
2 0.5252118890624999 0.153804140625 0.5258027249999999 0.1876531515625 0.5289000546875 0.191636159375 0.6742880640625 0.1890984015625 0.6738540265624999 0.16423239843749998 0.6569595734375 0.14759763125 0.5252118890624999 0.153804140625