10 0 0.784249059375 0.006313448437499999 0.7893715593749999 0.0490370203125 0.7990203484375 0.1256183671875 0.8506022046874999 0.2239904359375 0.8876481890625 0.2327412484375 0.88919119375 0.36981305625 0.779424825 0.38211814374999997 0.7456315171875 0.413143425 0.5966726484375 0.42625873125 0.531290121875 0.4230895140625 0.5222694156250001 0.3879680578125 0.5054991953125 0.1211253640625 0.435177434375 0.0032775296875 0.437667875 0 0.45625566875 0 0.759786090625 0.027219268749999997 0.769787625 0 0.7741859515625 0 0.784249059375
6 0.796396903125 0.7446385156249999 0.7908837109375 0.8028996109375001 0.7783035421875 0.811258746875 0.7939662453125 0.8394061703125001 0.9277537203125 0.8784659015624999 0.9405807484375 0.880727653125 0.95805861875 0.781605728125 0.7273309859375 0.7134210828125 0.7235299281249999 0.7169817984375 0.7305002046875 0.722441790625 0.796396903125 0.7446385156249999
6 0.5412148625000001 0.72516091875 0.5495405140625 0.7139361234375 0.5880095671875 0.7207192546875001 0.6172410375 0.689910528125 0.6992488906250001 0.710717140625 0.6960796734375 0.7016964328124999 0.6783380609375 0.6943371640625 0.41736569062499995 0.6171174796875001 0.4128144625 0.6163149765625 0.3919549375 0.6988423671875 0.42743816093750003 0.71356090625 0.5280474515625 0.74134953125 0.5355489109375 0.7426722406249999 0.5686425078124999 0.7405745140625 0.5412148625000001 0.72516091875
6 0.614604209375 1 0.6458707218749999 0.887466675 0.4739778171875 0.8275407078124999 0.47107867187499997 0.8079902609375 0.48582944375 0.787321028125 0.473427653125 0.77667236875 0.43270131406249995 0.8096851875000001 0.3572102765625 0.787912190625 0.2846284015625 0.857617459375 0.24118630312499997 0.88803594375 0.22317461875000003 0.8912064140625 0.1981009640625 0.8804388359375 0.189321853125 0.8852372578125 0.2725983953125 0.9168449375 0.27784652187500003 0.905077490625 0.290880153125 0.9031447265624999 0.29187876875 0.92447553125 0.300026040625 0.9322585312499999 0.3860183390625 0.96646054375 0.550010103125 1 0.614604209375 1
4 0.32670093906250003 0 0.272738771875 0.32215759374999997 0.3590680234375 0.3387019390625 0.41126758125 0.3479061296875 0.4248011390625 0.32358462656250003 0.4346605421875 0.2766672453125 0.5327795515625 0.2960837453125 0.543097425 0.29155665000000003 0.5924141953125 0.0568757671875 0.6006729484375 0.0100380515625 0.5437443296875 0 0.32670093906250003 0
4 1 0.0811812828125 0.7434399203125001 0.046185732812500005 0.6632043046875 0.402245646875 0.6759678640625 0.4108426234375 0.94912836875 0.47289097656249995 0.96749733125 0.47612991875 1 0.291798125 1 0.0811812828125
16 0.6259423 0.396865303125 0.6395346859375 0.3992620078125 0.6697889515625 0.400894575 0.7439612125 0.052227415624999995 0.7421350078125 0.0460878578125 0.675711784375 0.0343756515625 0.5996793406250001 0.02467115625 0.5415165234375 0.29154232812499997 0.5265823640625 0.29525545000000003 0.42728636093750005 0.273515940625 0.4127239859375 0.34710519687499997 0.6259423 0.396865303125
16 0.080450184375 0 0.0321962828125 0.2736614796875 0.2730584 0.3203629140625 0.3286838390625 0.0318896125 0.330492665625 0 0.080450184375 0
20 0.4403951234375 0.8110418125000001 0.5011203625 0.745592315625 0.5029291984375 0.7353339 0.494420159375 0.7296025828125 0.3981099859375 0.69992766875 0.3908696375 0.7049974156250001 0.370967440625 0.7818760625000001 0.3811069359375 0.7963567609375 0.4403951234375 0.8110418125000001
13 0.5136087328125 0.8006811546874999 0.5071478234375 0.785262484375 0.50641076875 0.7851325218749999 0.473060771875 0.814686175 0.469713175 0.8246732640625 0.47556949531250003 0.8336389125 0.506835725 0.8391519921875 0.5135736359374999 0.8009394015625 0.5136087328125 0.8006811546874999
18 0.5868375796875 0.7543601578125 0.6962730781250001 0.7905803640625 0.7909527953125 0.8115058968750001 0.8000936734374999 0.8046557921874999 0.8062437140625001 0.769777184375 0.79592083125 0.738340371875 0.6199567953125 0.6925048609375 0.606561396875 0.6964893062499999 0.5864708046875 0.7204479296875 0.5805908375 0.7447967984375 0.5868375796875 0.7543601578125