5 1 0.476263621875 0.9940216562499999 0.4337254953125 0.9733542312499999 0.43663011249999995 0.970182184375 0.4549582765625 0.8942672109375 0.47614646875 0.8826625078125 0.477777403125 0.8731138890624999 0.465970578125 0.8371515031250001 0.46970988125 0.8365818125000001 0.7814164234375001 0.7714281890625 0.766905334375 0.6335570046875 0.84545145 0.6352471875 0.8715115046875 0.64636749375 0.880467684375 0.6573624546875 0.9796422250000001 0.6883577328125 0.9752861218750001 0.6876443609375 0.9285766640625001 0.7095835265625 0.93732723125 0.7158668031250001 0.9680012859374999 0.7205285515625001 0.9707648078125001 0.73493311875 0.9687403781249999 0.7399840234374999 0.9501481578125001 0.77251025625 0.96345925625 0.905717803125 0.94473815625 0.9524964656250001 0.9045029250000001 0.9575129734375001 0.9051127796875 0.9626479781249999 0.9346333359375001 1 0.9302719203125 1 0.476263621875
21 0.9606539296875001 0.6566098421875 0.9602351 0.6536297171875 0.943088840625 0.6624927609375 0.9416356484374999 0.6942541062500001 0.95009003125 0.782477734375 0.9535809640625 0.789693003125 0.9647105109374999 0.7881288468750001 0.9606539296875001 0.6566098421875
21 0.9626663296875 0.5291876140625 0.968529665625 0.5217891781249999 0.9680473515625 0.5071303109375 0.9675295953124999 0.503446278125 0.947074896875 0.5024514953125 0.8831270578125 0.524587575 0.8839108171875001 0.548408234375 0.884372915625 0.5516962328125 0.9031392234375 0.5490588015625 0.9626663296875 0.5291876140625
21 0.4410379265625 0.565681075 0.4149900640625 0.5417293921875 0.3942636265625 0.4854727171875 0.0796663796875 0.54152039375 0.0923583734375 0.5476259296875 0.1042000671875 0.603816390625 0.1171935078125 0.61908371875 0.548968703125 0.758263378125 0.57427434375 0.987440603125 0.61013088125 0.9847023328125 0.615221990625 0.983986825 0.5937548484375 0.7611732546875001 0.6085639109375001 0.747258059375 0.8351030453125 0.6470463171875 0.8336626468749999 0.5164576750000001 0.8305983031249999 0.49465372656250006 0.565793703125 0.485033571875 0.5604112921875 0.523921528125 0.5435461453125 0.5512744859375001 0.515137278125 0.5736754046875 0.4783890484375 0.57884003125 0.4410379265625 0.565681075
5 0.442372303125 1 0.440028209375 0.972843978125 0.45018319218749997 0.96089775 0.448975671875 0.9452889000000001 0.44669659531250006 0.9290724328125 0.30096513125 0.846436378125 0.16841537499999998 0.8926775031249999 0.12262028750000001 0.6650650046875 0.09277211875 0.5509207218750001 0.0731295 0.5444771562499999 0.0464142875 0.55086149375 0.0420616546875 0.561992253125 0.0031388453125 0.551683940625 0.0077291625 0.5899592515625 0.009082234375000001 0.599586859375 0.055112606249999994 0.6127532484375 0.06254415625000001 0.644580803125 0.013070473437499999 0.6279646578125 0.06535663124999999 1 0.442372303125 1
3 0.1615372828125 0.4528964984375 0.24663844531249998 0.44093630937499995 0.2629582109375 0.43075343750000006 0.270633696875 0.4362491171875 0.28241440624999997 0.49902255 0.4000331328125 0.47986255624999996 0.4031799796875 0.432084628125 0.4348507171875 0.43289311562500005 0.4437929703125 0.46845299375 0.557844909375 0.4589984375 0.5265643843750001 0.12415567812499999 0.5281395437499999 0.0792283953125 0.53437315 0.07095612031250001 0.5331272968749999 0.062091415625 0.5314658703124999 0.053778196874999996 0.32971825 0.0216475125 0.104998209375 0.0506000953125 0.10106899218750001 0.057726709375 0.1550710546875 0.44197135000000004 0.1615372828125 0.4528964984375
5 0.2639706828125 0.4372558609375 0.1552753609375 0.4564063140625 0.14995740625 0.446634665625 0.136418584375 0.44853742343749997 0.14541835 0.51959096875 0.1492256 0.52563029375 0.1616161484375 0.5225740359375 0.172194546875 0.5066236625 0.2713944640625 0.4900788140625 0.2639706828125 0.4372558609375
5 0.3065701984375 0.7094928484375 0.3352805125 0.6962537203125 0.3322591046875 0.6887890734375001 0.16895336875 0.635477178125 0.19002834375 0.8626192218750001 0.20664955625 0.86159814375 0.20810274843749998 0.8298367984375 0.251496684375 0.8579250500000001 0.2611672703125 0.8565659374999999 0.2693271546875 0.8514745015624999 0.266065284375 0.82826509375 0.2719286203125 0.82086665625 0.29441316875 0.812447140625 0.301665240625 0.8219469671875 0.31326994375 0.8203160328125 0.318469403125 0.8011769796875001 0.337448146875 0.79587993125 0.3639804078125 0.8092445015624999 0.370504146875 0.8556633171874999 0.38206311406250004 0.858969609375 0.3832719359375 0.8587997203125 0.38984532031249997 0.85294509375 0.381450184375 0.7791768125 0.3709759578125 0.704648825 0.3522641546875 0.6978114640624999 0.36084050625 0.7728691546875 0.359207834375 0.7823027703125 0.34917481875 0.781083059375 0.31188468125 0.7613411343750001 0.3065701984375 0.7094928484375
5 0.6496123203125 0.4144785125 0.6566779671874999 0.48580388125 0.787649 0.49113068125000003 0.7944689890625 0.49017219375 0.790462990625 0.42238963281249997 0.788249290625 0.4066383453125 0.7717631578125 0.4065154890625 0.7674105250000001 0.41764625000000005 0.7538717046875 0.41954900625 0.6750572906250001 0.4201066125 0.665508671875 0.4082997875 0.6496123203125 0.4144785125
5 0.6066819390625 0.8282443234375 0.601489425 0.7632301 0.5961104859375 0.760041421875 0.599792296875 0.821323321875 0.6095147609375 0.8632940437500001 0.6100646421875 0.8632167624999999 0.6114545125 0.8551860546875 0.636357575 0.8359076015625 0.7155378906250001 0.7958521796875 0.7226104828125 0.783024275 0.7182613250000001 0.7520784 0.7221905421875 0.7449517859375 0.7811828578125 0.7156228828125 0.7865617953124999 0.7188115609375 0.7930855343750001 0.765230375 0.8157786203124999 0.7709250828124999 0.8012111875000001 0.6672724125 0.653168684375 0.730984340625 0.6488770359375 0.73553213125 0.6758327109375 0.7448925546875 0.68235645 0.7913113703125 0.61556668125 0.8283105328125 0.6066819390625 0.8282443234375
15 0.797014921875 0.420388740625 0.794169890625 0.420788584375 0.8083986890625001 0.45928715000000003 0.9398928812499999 0.46026706562499997 0.9409285734375 0.46012150781249994 0.9365762249999999 0.42915294531250003 0.9262613515625 0.4137952796875 0.797014921875 0.420388740625
15 0.7960995859375 0.4345208515625 0.7962785375 0.4567829109375 0.8061467265625 0.455396028125 0.8058346328124999 0.4531753703125 0.7960995859375 0.4345208515625
8 0.6786462390625 0 0.6265475953124999 0.019508746875 0.610529275 0.0388534109375 0.6135437359375 0.13047133125000002 0.641443896875 0.41319398124999995 0.6482967203125 0.4349782984375 0.6484925828125 0.434950771875 0.6139131124999999 0.04889688125 0.6295690015625001 0.02697339375 0.6993487890625001 0 0.6786462390625 0
15 0.787712421875 0.404142478125 0.794991371875 0.41751742187499996 0.8265806546875 0.41307783750000004 0.8095940765625 0.37739937968750004 0.793636740625 0.3901610734375 0.7503613 0.3909835203125 0.7483661984375 0.3978383125 0.7582162640625 0.41880693124999996 0.787712421875 0.404142478125
15 0.7174682906250001 0.415789734375 0.6930949328125 0.3933778015625 0.6744178671875 0.40503153281250004 0.6747078109375 0.40709459062500003 0.6789497453125 0.4190336125 0.7010559234375 0.4180963421875 0.7174682906250001 0.415789734375
15 0.69134805 0.4431285296875 0.702237228125 0.45842861562500004 0.748776615625 0.45556959375000006 0.7519307203125 0.4551263125 0.7410415421875001 0.43982622656250003 0.694502153125 0.4426852484375 0.69134805 0.4431285296875