21 0 0.854916203125 0.003067259375 0.8547133203125 0.3397673578125 0.97161813125 0.35321725000000004 0.9774675281249999 0.353643796875 0.9842103968749999 0.381874175 0.9876766515625001 0.3839529359375 0.9707465015625001 0.41057133749999997 0.9719158515625 0.461049303125 0.894154615625 0.4729208546875 0.8872163421874999 0.4563618046875 0.99682258125 0.4765102859375 0.9992965046875 0.4981598375 0.8483357249999999 0.5504425515625 0.768697103125 0.547567253125 0.7536512078125 0.4425895265625 0.723969734375 0.4243981 0.7952003671875 0.206770840625 0.7726770562499999 0.20262606875000003 0.7679701859375 0.21582858124999998 0.6604443515625 0.0772398703125 0.6224380093749999 0.0764781875 0.6286414234375 0.1111597234375 0.65388956875 0.1411337265625 0.6533719546875 0.1646779078125 0.6667577109375 0.15384942031249998 0.6780220124999999 0.164986775 0.689884403125 0.1650142609375 0.70248165 0.0865109890625 0.7264263203125 0.0725533078125 0.7247125328124999 0.0427782265625 0.6979678453125 0.015905931249999998 0.6988662999999999 0 0.691301715625 0 0.854916203125
9 0.2607759609375 0.55720985625 0.231600553125 0.5536275671875 0.22337882343749998 0.5604892359375 0.1987510609375 0.7610662703125 0.20323610468750003 0.7736860937500001 0.4119551203125 0.799313565625 0.428277359375 0.78924855625 0.46201132031250003 0.617076346875 0.461167178125 0.5854880171875 0.2607759609375 0.55720985625
2 0 0.6928934578125 0.012788356249999999 0.698614696875 0.0409576109375 0.6999744671875 0.07743321875 0.7251805250000001 0.0875446 0.726422046875 0.1662953515625 0.7048691125000001 0.16497090625 0.6900136406249999 0.1538335515625 0.67815125 0.1623495015625 0.672899940625 0.1587125203125 0.6640574609375001 0.1395670046875 0.653310771875 0.1095930015625 0.653828384375 0.0650710703125 0.618976075 0.0217021484375 0.6388387859375 0 0.6434791203125 0 0.6928934578125
21 0 0.6466030140625 0.044509015624999995 0.6325872734375 0.053532754687499996 0.6232003546875 0.0485988140625 0.61209965 0.0010301484375 0.60206099375 0 0.6024130171875 0 0.6466030140625
15 0.13362400000000002 0.53503825 0.19874529531250001 0.5511676828125001 0.2458524359375 0.5569517125 0.2928541078125 0.55878720625 0.31516281875 0.47966619687499995 0.34987835624999997 0.40206855625 0.266893959375 0.3855824171875 0.2156883109375 0.36670128125 0.20048864531250002 0.3879237640625 0.1809727734375 0.44429892187500003 0.13362400000000002 0.53503825
15 0.3391892875 0.5660506875 0.46015585000000003 0.5809035140625001 0.4612538875 0.6104240375 0.48844273281249995 0.62137120625 0.495712371875 0.6222638046875 0.515025965625 0.6212243765625 0.5210369734375 0.5338053265625 0.54464264375 0.45694254375 0.5420212390625 0.4398288453125 0.49369089062500005 0.435993603125 0.383806709375 0.407808671875 0.3745290765625 0.41926339375 0.3391892875 0.5660506875
19 0.9423626328125 1 0.9622670859375001 0.8378912359375 0.9387229046875 0.8245054796875 0.8967124312499999 0.756377878125 0.89896999375 0.7251703890625001 0.8076410812500001 0.6740760125 0.8112230890625 0.6577239968749999 0.8679044687499999 0.58072444375 0.8709786890625001 0.5685080375 0.787994290625 0.5520218984375 0.7728221125 0.5858416265625 0.7696589171875 0.6757093249999999 0.7590843234375 0.6849058218749999 0.74512664375 0.683192034375 0.688225371875 0.65941360625 0.592834146875 0.6414041 0.59125580625 0.62861643125 0.6128303203125001 0.5682960859375 0.6191776828125 0.516600971875 0.5423692109375 0.48827926875000005 0.5338532609375 0.493530578125 0.5225719578125 0.534124984375 0.517068740625 0.617408425 0.5067480421874999 0.6245371203125 0.46408583124999997 0.613001921875 0.44312905156250004 0.71957565 0.5385477640625 0.7501824046875 0.548388159375 0.7597865671874999 0.54480615 0.7761385828125 0.49689461562500004 0.8458190234374999 0.48874250625000004 0.8993915187500001 0.49237948906250006 0.908234 0.6578679828125 0.957939134375 0.6666378265625 0.9506200203124999 0.6702198359375 0.9342680046874999 0.701435825 0.9108141234374999 0.6868297578125 1 0.9423626328125 1
15 0.768881365625 0.6820419765625 0.7748648859375 0.5820256765625 0.7928024171875 0.5128628484375 0.6340144515625 0.477099053125 0.6285380046875 0.47642662968750005 0.6232241265625 0.48364533749999994 0.6059043296875 0.5990615484374999 0.5899429796875 0.6264874421875 0.5894626765625001 0.6432203000000001 0.6985576874999999 0.6650113984375 0.7446573 0.682740846875 0.7494390937500001 0.683327978125 0.768881365625 0.6820419765625
15 1 0.5256009265625 0.9323242468749999 0.5048062296875 0.9150384515625 0.517376653125 0.8593726500000001 0.5861049890625 0.8081055140625001 0.6574723921875 0.8040157171875 0.677960015625 0.9062006031250001 0.730387340625 0.9856095078125 0.647782459375 1 0.53058130625 1 0.5256009265625
15 0.980682759375 0.6581971703125 0.9234589124999999 0.7052196687500001 0.8938212640625001 0.7414612218750001 0.8974857328124999 0.7629009484375 0.9450589515625 0.8332858046875 0.9476416203125 0.833602915625 0.9630129015625 0.8318170593750001 0.9811840859375 0.6582587249999999 0.980682759375 0.6581971703125
19 0.24472607812499997 0.37380869843750003 0.26671940625 0.387004034375 0.34815295 0.40329975312500005 0.3461217953125 0.4198421875 0.312421834375 0.48916861093749997 0.2967968390625 0.5523184453125001 0.3256626296875 0.5620284703125 0.3368630921875 0.5634037140625 0.36255693125 0.49112646875 0.37970529375 0.41556980781249997 0.38822124375 0.4103184984375 0.4450950296875 0.4214996796875 0.3839940125 0.367819884375 0.31522118906249996 0.350979728125 0.2865441453125 0.353755565625 0.24472607812499997 0.37380869843750003
19 0 0.6076383015625 0.0177880359375 0.606611140625 0.191030796875 0.65726838125 0.2150552796875 0.6539212796875 0.2241405078125 0.5542858234375 0.1548598953125 0.541581275 0.1357143796875 0.5308345875 0.191551615625 0.422246703125 0.196403096875 0.395555665625 0.1811484578125 0.391583653125 0.0103281796875 0.3853024109375 0 0.46941868593749997 0 0.6076383015625
14 0.850289115625 0.24980899375 0.8348630421875001 0.285696528125 0.8344102265625001 0.3150266296875 0.8468170531249999 0.31654999687499996 0.8468445390625 0.3291472453125 0.8067422453124999 0.424974284375 0.788324409375 0.5108699718749999 0.7955708890625 0.5159576828125 0.7941024953125 0.5535590046875 0.8280467187499999 0.55916988125 0.8436158296875 0.561081528125 0.8506399265625 0.529016246875 0.86121451875 0.5198197515625 0.885952228125 0.36963170624999997 0.8816700234375 0.3019385953125 0.8937679828125 0.28033527343750003 0.8960530328124999 0.2617250328125 0.8719735765625 0.23987763593749997 0.850289115625 0.24980899375
19 0.885756703125 0.2430130421875 0.8658495046875 0.23846976562500002 0.8506223515625001 0.247095 0.8341532140625001 0.2786565046875 0.8290478374999999 0.307415346875 0.8366031828124999 0.3356297515625 0.8050168390625 0.42620548124999996 0.788911540625 0.5060881734375 0.795451309375 0.5425737953125 0.800584171875 0.5264122015625 0.8116940390625 0.5256773421875 0.8138076546875 0.54692665 0.8329531703124999 0.5576733390624999 0.844824721875 0.5507350671875 0.8618016484375 0.515037953125 0.8870471468750001 0.36071430000000004 0.8827924296875 0.30561843906249997 0.8969215453125001 0.267472678125 0.885756703125 0.2430130421875