23 0 0.548144525 0.0500811484375 0.8057897 0.0633153734375 0.8329297953125 0.068946165625 0.8352840609375001 0.07139065156249999 0.8348089015625 0.0824596375 0.8249638765625 0 0.41464736249999995 0 0.548144525
8 0.21784555 0.44872894687500003 0.1338282 0.4586932859375 0.142344940625 0.527074571875 0.16961196875 0.5281413781250001 0.1827863703125 0.6041066125000001 0.2211311828125 0.5966531359375 0.2068205078125 0.5230310984375001 0.2320999421875 0.5138726203124999 0.21784555 0.44872894687500003
12 0.221788809375 0.583658703125 0.2195725453125 0.596823459375 0.1923617984375 0.6042350187500001 0.1819664875 0.5998886828125001 0.17844510156249999 0.5899615390624999 0.13396512031250002 0.598607571875 0.10766197656250001 0.6270659765625 0.13866843906249998 0.78658039375 0.1548014015625 0.7876891171875 0.1563316515625 0.8446944796875 0.1682044734375 0.840264309375 0.1679793421875 0.8063508484374999 0.1806472015625 0.8060107921874999 0.1835459390625 0.7799794171875 0.2096204109375 0.7749110531250001 0.2840374875 0.7646904921875 0.3035757296875 0.8160731312499999 0.306575809375 0.8161531999999999 0.312836803125 0.8149361859375001 0.3052819109375 0.7839065859375001 0.3156209390625 0.7797745546875 0.30653429062500004 0.74121661875 0.309035509375 0.7131401875 0.283935546875 0.575823253125 0.221788809375 0.583658703125
15 0.36387734374999997 0.5608147234375 0.3623649203125 0.6174830046875 0.3630048890625 0.6173586078125 0.3805766734375 0.5894035984375 0.418126446875 0.5778600109375 0.42414905156250005 0.5597107218749999 0.38950509843750003 0.4306159328125 0.44937928749999995 0.427466875 0.49397183437500003 0.4357775734375 0.58105676875 0.42521695625 0.5857414921874999 0.3842621609375 0.584102121875 0.375828334375 0.5428280625 0.3923236609375 0.42966865624999995 0.40795264218750005 0.37166949531250004 0.4043702515625 0.3312808078125 0.39312007968749996 0.3568943953125 0.4921352984375 0.36387734374999997 0.5608147234375
15 0.40155941093749997 0.41938556875 0.3827563828125 0.42091818124999997 0.4223992328125 0.5511636109375 0.4226243625 0.5850770734374999 0.4418811921875 0.5940678828125 0.6228687046875 0.5588874749999999 0.6339464875 0.5503671921875 0.6275861875000001 0.5176462875000001 0.63798858125 0.4073856171875 0.51914780625 0.4347305765625 0.4316090703125 0.434767771875 0.40155941093749997 0.41938556875
15 0.63245475625 0.3871053734375 0.6333060765625 0.39967385312500003 0.6221720109375 0.3997157703125 0.62222829375 0.40819413437499996 0.6375662171875 0.40521274375000005 0.6472227734375 0.41394733281249996 0.6714186765625 0.47291391875000005 0.6755064281250001 0.5103212171875 0.69334203125 0.5365668968749999 0.7275955484375001 0.5490096265625 0.7775679609374999 0.5399592 0.8872781281250001 0.518633703125 0.8795008281250001 0.470668721875 0.881041703125 0.35576357812500004 0.8339479375 0.3755293125 0.754588246875 0.3930775984375 0.6563129640625001 0.3952017671875 0.63245475625 0.3871053734375
15 0.678180046875 0.5306268453125 0.68212024375 0.5197798984374999 0.6743387171874999 0.5043138625 0.6714435203125 0.473041734375 0.656221703125 0.43567635468750004 0.6480986421875 0.43141891875000005 0.64659680625 0.431710846875 0.6351461265625 0.44189535781249994 0.631906153125 0.474360040625 0.6421853578125 0.5190531468749999 0.6587721203125 0.5306852937500001 0.6755726015625 0.5311336812499999 0.678180046875 0.5306268453125
15 0.602802615625 0.373768228125 0.6226258125 0.41023919218750005 0.6375662171875 0.40521274375000005 0.6347835875000001 0.3908973484375 0.64205503125 0.387361596875 0.6674470296874999 0.3951598515625 0.7327176343749999 0.3952064890625 0.76112111875 0.3903486375 0.8301897515625001 0.3769230546875 0.8427531734375 0.37169542031249997 0.8445156375 0.3480072421875 0.84139176875 0.34012515312499997 0.8169073718750001 0.3533737453125 0.6750034281249999 0.3767124234375 0.602802615625 0.373768228125
1 1 0.542051403125 0.9132655656249999 0.52154098125 0.72682535625 0.545047328125 0.63803778125 0.5304709875 0.6270725625 0.5559480015625 0.428474578125 0.598796190625 0.385415825 0.5901873546874999 0.3648503328125 0.6154081453125 0.336158534375 0.6888997125 0.32274837968750003 0.750931521875 0.3255310109375 0.7652469187500001 0.34700410625 0.761072971875 0.3539905953125 0.77244889375 0.3564213671875 0.9651081078124999 0.362327865625 0.987305590625 0.3603779359375 1 0.5481445234375 1 1 0.9121681921875 1 0.542051403125
1 0.589551415625 0.42210666406249997 0.6137966078125 0.413949778125 0.613611584375 0.4129979171875 0.6039478796875 0.371290640625 0.597415190625 0.370438140625 0.6017316140625 0.384455396875 0.5817923125 0.3883312046875 0.5839011843749999 0.4232049578125 0.589551415625 0.42210666406249997
8 1 0.45185547968749995 0.9784159765625 0.3408152984375 0.9392761265624999 0.3441786609375 0.944669 0.4046778609375 0.9704022359375 0.40604280625 0.9750563546875 0.47093025624999996 0.9983630921875 0.47475654531249994 1 0.47443836250000004 1 0.45185547968749995
12 1 0.474243640625 0.9789935125 0.47480754062499997 0.9685419187500001 0.4619828375 0.8995212562500001 0.4753990953125 0.903211490625 0.5107613359375 0.9098004625 0.520092203125 1 0.5446181109375 1 0.474243640625