15 0.1078125 0.569140625 0.19482424062499998 0.5703125 0.26270105625 0.5703125 0.278125 0.500390625 0.30625 0.419140625 0.175 0.400390625 0.1640625 0.4108072921875 0.14375 0.481640625 0.1078125 0.569140625
19 1 0.689713540625 0.9296875 0.7563802078124999 0.8984375 0.7647135406250001 0.859375 0.7001302078125 0.859375 0.664713540625 0.7765625 0.629296875 0.78125 0.6084635406250001 0.8296875 0.520963540625 0.7453125 0.510546875 0.7328125 0.5438802078125 0.7375 0.635546875 0.7203125 0.645963540625 0.6703125 0.6313802078124999 0.5625 0.620963540625 0.559375 0.610546875 0.578125 0.535546875 0.5765625 0.49596354062500003 0.496875 0.479296875 0.484375 0.523046875 0.4828125 0.6126302078125 0.4625 0.614713540625 0.3828125 0.595963540625 0.3734375 0.6084635406250001 0.371875 0.7063802078125 0.3765625 0.7126302078125 0.4765625 0.727213540625 0.4984375 0.739713540625 0.45625 0.798046875 0.45625 0.885546875 0.628125 0.9209635421875 0.615625 0.966796875 0.6141418453124999 0.9984375 1 0.9984375 1 0.689713540625
15 0.575 0.5420572921875 0.55625 0.6149739578125 0.559375 0.6233072921875 0.6578125 0.6295572921875 0.7168945328125 0.6453125 0.7223632796875 0.6453125 0.7390625 0.637890625 0.7359375 0.5462239578125 0.7484375 0.475390625 0.584375 0.456640625 0.5765625 0.469140625 0.575 0.5420572921875
15 0.328125 0.42942708281249997 0.3265625 0.47526041562500004 0.3109375 0.5710937484375 0.3703125 0.5731770828125 0.378125 0.600260415625 0.44762835624999997 0.6125 0.47499999375 0.6125 0.4859375 0.6106770828125 0.484375 0.531510415625 0.5 0.4544270828125 0.4984375 0.4335937484375 0.340625 0.4210937484375 0.328125 0.42942708281249997
15 1 0.46458333281249997 0.8796875 0.45 0.815625 0.5375 0.8 0.575 0.78125 0.6 0.7734375 0.63125 0.859375 0.6666666671875 0.85625 0.6979166671875 0.878125 0.73125 0.9609375 0.73125 1 0.6833333328125 1 0.46458333281249997
19 0.3203125 0.374739584375 0.265625 0.3726562515625 0.21875 0.387239584375 0.2015625 0.4039062515625 0.215625 0.41223958437499997 0.303125 0.4205729171875 0.275 0.5143229171875 0.2671875 0.568489584375 0.29892576718749997 0.571875 0.306494140625 0.571875 0.321875 0.5226562515625 0.334375 0.4289062515625 0.340625 0.4226562515625 0.403125 0.424739584375 0.365625 0.3955729171875 0.3203125 0.374739584375
19 0 0.655989584375 0.13254393281250001 0.671875 0.1390625 0.671875 0.1390625 0.5789062515625 0.1109375 0.5705729171875 0.1109375 0.5580729171875001 0.1546875 0.4518229171875 0.1546875 0.43098958437499996 0.1421875 0.4289062515625 0 0.4414062515625 0 0.655989584375
21 0 0.889453125 0.2671875 0.9561197921875 0.2890625 0.970703125 0.29054826875 0.9984375 0.3126611328125 0.9984375 0.3171875 0.958203125 0.353125 0.926953125 0.415625 0.8436197921874999 0.4359375 0.8311197921875 0.440625 0.8727864578125001 0.4375352203125 0.9984375 0.44998010624999996 0.9984375 0.4484375 0.8873697921874999 0.4546875 0.8061197921875 0.49375 0.7498697921875 0.4875 0.733203125 0.3671875 0.714453125 0.35 0.747786459375 0.3421875 0.741536459375 0.3296875 0.745703125 0.3171875 0.729036459375 0.215625 0.7186197921875 0.19375 0.726953125 0.16875 0.7248697921875 0.1609375 0.7498697921875 0.153125 0.751953125 0.15 0.7040364593749999 0.140625 0.689453125 0.10625 0.6873697921875 0.0921875 0.679036459375 0.0609375 0.685286459375 0.046875 0.670703125 0.0109375 0.664453125 0 0.6936197921875 0 0.889453125
9 0.3239257984375 0.7890625 0.355826821875 0.7890625 0.3703125 0.7774739578125 0.371875 0.5774739578125 0.15 0.569140625 0.1375 0.5795572921875001 0.14375 0.7837239578124999 0.3239257984375 0.7890625
2 0 0.744140625 0.00625 0.750390625 0.02155761875 0.7578125 0.031640621875000004 0.7578125 0.0421875 0.756640625 0.10625 0.7399739578125 0.121875 0.7233072921875 0.09375 0.6774739578125 0.0625 0.6774739578125 0.0109375 0.656640625 0 0.6608072921875 0 0.744140625
14 0.8375 0.23958333281250002 0.8390625 0.2166666671875 0.8234375 0.1979166671875 0.8078125 0.19583333281249998 0.7921875 0.20833333281250002 0.78125 0.24583333281250003 0.784375 0.27291666718749996 0.7953125 0.2770833328125 0.796875 0.2875 0.7703125 0.38333333281250004 0.7625 0.47083333281249995 0.7734375 0.4770833328125 0.7734375 0.5145833328125 0.8234375 0.5166666671875 0.8265625 0.4875 0.8390625 0.46666666718750005 0.84375 0.325 0.8296875 0.2541666671875 0.8375 0.23958333281250002