11 0.8446127265625 0 0.6515601015625 0.07348784375 0.66867504375 0.2811698828125 0.741027375 0.28194458125 0.7732353875 0.3791102109375 0.8578014765624999 0.37650638281250004 0.8843259343750001 0.2103234546875 0.89498575 0.2071082546875 0.9342402296874999 0.2218357234375 0.9368830078125001 0.2320320015625 0.9126249281250001 0.374933825 0.9894213125 0.3731466265625 0.9502020218749999 0 0.8446127265625 0
9 0.85447348125 0.38968687343749997 0.7363740062499999 0.40209962812500005 0.7369977421875 0.42298216093749996 0.820938571875 0.422277009375 0.8817753109375 0.4158828109375 0.9101384359375 0.41106876718749996 0.9133054515625 0.38140857499999997 0.92042185 0.3743761859375 0.9393648062500001 0.22574857656249997 0.8852537921874999 0.20420335625 0.85447348125 0.38968687343749997
21 1 0.4737961109375 0.9904965406249999 0.3833767359375 0.9210343218749999 0.3802034640625 0.9134823875 0.3830920125 0.915224528125 0.39966737812500003 0.9054357828124999 0.41117026093750003 0.8532551109375 0.4229390984375 0.6916748703125 0.42525820156250005 0.6676828921875 0.436159096875 0.5959838640624999 0.44160015937499997 0.4854954578125 0.421790825 0.053500009375000004 0.467195375 0.04482966875 0.4743910921875 0.045918507812499995 0.48475069531250004 0.058755999999999996 0.5022547015625001 0.18112212656249999 0.57528066875 0.20216485624999997 0.5961118859375001 0.209254515625 0.9326309687500001 0.20381087187500002 1 0.2430447359375 1 0.2538428890625 0.8336781406249999 0.2546923625 0.6324872015625 0.2589186484375 0.6278533828125 0.284870534375 0.635599775 0.378641996875 0.690683071875 0.469612046875 0.7041646328125 0.5364314875 0.6971416265625 1 0.5891818359375 1 0.4737961109375
2 0.71854335 0.4118292421875 0.7349538250000001 0.41848366718749996 0.7099025765625 0.4043581875 0.682367184375 0.4114418921875 0.6926210312500001 0.38941608125 0.6377975796875 0.39098863906250003 0.6104799546875 0.40014426406250003 0.56609855 0.39642970312500003 0.5463032937500001 0.41736354843749995 0.5482632015625 0.43601083437500004 0.5913084328125 0.4419606421875 0.6400051328125 0.4381516671875 0.669316378125 0.43507093125 0.6717073671875 0.4146570921875 0.679259303125 0.41176854374999994 0.68190208125 0.42196482187499995 0.70542895625 0.42158685625 0.7061118265624999 0.4131358484375 0.71854335 0.4118292421875
5 0.7098490828124999 0.657966615625 0.675444625 0.659487859375 0.6654381125 0.6689188234375 0.627818303125 0.8341731093750001 0.6300640328125 0.8555397906250001 0.6332690359375001 0.85520293125 0.6391018546875 0.851840440625 0.6652902765625 0.742252671875 0.7041979234375 0.7088359890625 0.7137393328125 0.7099279562499999 0.731545115625 0.68501359375 0.7304562765625 0.6746539921875 0.7171536828125 0.6676729140625 0.7106905859375 0.680921065625 0.6991596999999999 0.675848584375 0.699407034375 0.663253734375 0.7120563265625 0.6640190515625 0.7098490828124999 0.657966615625
5 0.7636433125 0.960511375 0.7597018984374999 0.7137381796875 0.7617505078125 0.6883851562500001 0.7699557453125 0.69171236875 0.7669069984375 0.6627054796875 0.775141803125 0.6513659234375 0.8308658921875001 0.6434142765625 0.8392888968750001 0.648813409375 0.93308195625 0.9133753296875 0.9408220921874999 0.927225471875 0.9514819078125001 0.9240102703125 0.8581539499999999 0.648925421875 0.8617269328124999 0.638075840625 0.9032477906249999 0.6295222046875 0.9208062375000001 0.61720269375 0.9194996328125 0.6047711703124999 0.9055141687500001 0.6062411015625 0.73874786875 0.648906653125 0.7467973015625 0.9497131078125 0.7538218015625 0.9745052859375001 0.7622436031250001 0.9736201203125001 0.7636433125 0.960511375
5 0.624921575 0.4034706328125 0.6628990156250001 0.39109980625 0.7209429218750001 0.4029359484375 0.7735869140625 0.3974028421875 0.772385303125 0.3859702703125 0.75494710625 0.310201659375 0.7408030078125 0.28026612968750003 0.582548415625 0.2843305046875 0.6073926953125001 0.40112337499999995 0.624921575 0.4034706328125
5 0.3991573515625 1 0.38449215625 0.7612917 0.46178321093749997 0.734314803125 0.4893885359375 0.80263686875 0.497811540625 0.8080360015625001 0.4882593328125 0.702204725 0.3866294671875 0.691938365625 0.2567114046875 0.621800946875 0.25479186249999997 0.6932262031249999 0.26762935468750004 0.7107302078125 0.25917678125 0.7199978437500001 0.25290188593749996 0.7499846875 0.2495279015625 0.8823122671875 0.2499930046875 0.8717893406250001 0.2731139109375 0.8526007625 0.2722428390625 0.8443130812499999 0.25847514375 0.8478549328125 0.2569507703125 0.8333514890625 0.27217290781250003 0.7689073109375 0.2815261171875 0.7532605859375 0.28071418124999997 0.7156393640625 0.3080022390625 0.7211505093749999 0.3547790859375 0.7476561984375001 0.37685966406250004 1 0.3991573515625 1
5 0.3256436453125 0.32141355312500003 0.30795613125 0.287660834375 0.1161965234375 0.2811067671875 0.11237998125 0.28150790312499996 0.110853028125 0.29580835156249996 0.15779930625 0.4584588125 0.334941146875 0.44350637031250006 0.3586848109375 0.4410108109375 0.3578487390625 0.4330561140625 0.3256436453125 0.32141355312500003
19 0.2042946625 0.6612198874999999 0.19456505156249998 0.6433892296875 0.133179003125 0.5974709390624999 0.11300734531250001 0.5849274046875 0.0923705828125 0.582906796875 0.0075571609375 0.5981054734375 0.046510346875000004 0.9687202750000001 0.059823425 0.9673210140625 0.1977644609375 0.9279469703125001 0.20755320625 0.9164440859375 0.2042946625 0.6612198874999999
14 0.0142586734375 0.542281459375 0.001391615625 0.5394442234375 0.0074754984375 0.5973285046875 0.0339896078125 0.594541759375 0.037914615624999995 0.5879757234375 0.0335296953125 0.56120408125 0.0142586734375 0.542281459375
3 0.35671129218750003 0.4222340328125 0.39444139843750003 0.422458053125 0.3921050890625 0.3703333875 0.41675036875 0.3656482546875 0.4553515453125 0.37415996093750004 0.4585609046875 0.4195156625 0.5048259515625 0.4146530109375 0.5065428796875 0.412770525 0.498980146875 0.3109197640625 0.5092044265625 0.303560721875 0.5651462828125 0.29768099531250003 0.57028400625 0.39140739999999996 0.59778983125 0.39899046562499996 0.6051239984375 0.39402999375 0.5809330234375001 0.2834528890625 0.663509634375 0.27686854375 0.6604313203125 0.262528428125 0.646010321875 0.259854515625 0.639506859375 0.183030128125 0.638724490625 0.1307421359375 0.6567184734375 0.122566465625 0.6523631203125 0.0811280515625 0.5538411359375 0.0705350421875 0.273707115625 0.200529140625 0.28375399375 0.28117071875 0.3263636890625 0.28297668593749997 0.3322434140625 0.3389185421875 0.35671129218750003 0.4222340328125