20 0.214711953125 0.492502653125 0.21463625 0.49219902656250003 0.12315191406249999 0.5031091140624999 0.0050226140625 0.5339040015625 0.029021382812500003 0.53731405 0.142343059375 0.518319203125 0.145185678125 0.5176104593749999 0.214711953125 0.492502653125
13 0.171722590625 0.7010134515625001 0.14210135 0.5758818046874999 0.134150390625 0.5439922453125 0.0101078671875 0.557529184375 0.0077777328125 0.5667522765624999 0.0151361890625 0.5962654374999999 0.045380501562499995 0.7111100515625 0.157878521875 0.7044651656250001 0.171722590625 0.7010134515625001
6 0.5179303046875 0.53639169375 0.41746406562500005 0.6016990843750001 0.412401103125 0.6177228171875 0.418071146875 0.6404641234375 0.4288041546875 0.6471816968749999 0.7749383140625 0.6226102203125 0.854782215625 0.60800358125 0.876140090625 0.602678465625 0.8874536046875001 0.480491696875 0.8851871156250001 0.4689792921875 0.8782570609375 0.44118436250000004 0.8552749593750001 0.4281272171875 0.8079074265624999 0.42383393125 0.71441199375 0.4525127390625 0.7200743984375 0.4873334546875 0.6922650359375 0.5170801703125 0.5179303046875 0.53639169375
13 0.682505225 0.5195135640624999 0.6496634640625001 0.516966375 0.5176460374999999 0.53646256875 0.4190749078125 0.60129745625 0.41275193593750004 0.6122675640625 0.4196819890625 0.6400624953125 0.4285198875 0.647252571875 0.782234484375 0.6207910796875 0.8545927046875 0.6080508328125 0.8740089546875 0.6032098171875 0.8852538531249999 0.5132468328125 0.8857657953125001 0.47775894531249996 0.8765012984375 0.440601078125 0.853095584375 0.428670596875 0.8057280515624999 0.4243773109375 0.714127728125 0.45258361562499994 0.7210552359375 0.484405015625 0.70840674375 0.5103717 0.682505225 0.5195135640624999
6 0.5355574984375 1 0.786029003125 0.9375504390625 0.7940307843750001 0.9185797687499999 0.8282390359375 0.7249752265625 0.8158783109375 0.6753990703125 0.21435416406250002 0.7048101124999999 0.0501300765625 0.716232990625 0.0406519859375 0.7226219796875 0.10869251875 0.9955176515625 0.11437529843750001 0.9981266109375 0.1440480171875 1 0.5355574984375 1
13 0.5355574937500001 1 0.7872800140625 0.9372385265625001 0.8281228671875001 0.7168396015625 0.823212140625 0.691896059375 0.8197471125 0.67799859375 0.812360009375 0.67380165625 0.473806284375 0.6964831171875 0.42454364218749996 0.692662334375 0.2022113734375 0.7051537625 0.154203646875 0.7144395421875 0.0537781609375 0.715323421875 0.0405098515625 0.7226574171875 0.109180390625 0.9980799015624999 0.11336270781249999 1 0.5355574937500001 1
4 0.14025404218749998 0.5507112421875 0.181842009375 0.7054014125 0.4229272046875 0.6883014546874999 0.4297449609375 0.686601596875 0.4086479890625 0.60993593125 0.41497096093749997 0.598965821875 0.5122769875000001 0.5371302499999999 0.5139857796875 0.504424328125 0.5123775484374999 0.4979740671875 0.506622225 0.4902301265625 0.4447238265625 0.49224368281249997 0.3455481609375 0.5142870640625 0.2943904109375 0.5109387859375001 0.19647984999999998 0.5299828515625 0.14025404218749998 0.5507112421875
6 0.126829546875 0.53037301875 0.1419827765625 0.538672396875 0.5082494046875 0.4834501890625 0.51013445625 0.4829801921875 0.5462556828125 0.46471473750000003 0.547401153125 0.4511438859375 0.546983059375 0.4494670015625 0.5355303171875 0.4459177546875 0.39213205 0.48435484687499997 0.32391322499999997 0.4933120421875 0.287286340625 0.4836569234375 0.22159262968750001 0.49466842499999997 0.126829546875 0.53037301875
4 0.30931634531249996 0.4791706859375 0.38195284375 0.475821765625 0.4387416125 0.46374275000000004 0.49553172031250003 0.44958338593749997 0.501977253125 0.4445543734375 0.49253227343750006 0.3985992578125 0.47358373125000003 0.3992978265625 0.464756021875 0.37600186875 0.4849747609375 0.3642510484375 0.4849824015625 0.3521716390625 0.4447154703125 0.16846802656249998 0.4235709296875 0.08366190625 0.3866328625 0.06670367656250001 0.22806863125 0.1169737390625 0.251371171875 0.222545184375 0.257686503125 0.2236544828125 0.25326118750000004 0.23012561874999998 0.30931634531249996 0.4791706859375
16 0.42305066562500004 0.08238258125 0.426213425 0.0748842921875 0.38138374062499997 0.052512965625 0.08068125312499999 0.14627374531249998 0.05351208281249999 0.1624413953125 0.12455956406249999 0.1749210265625 0.13593020312499998 0.1720860078125 0.145722034375 0.1689736578125 0.2291093703125 0.144157025 0.22786464374999998 0.11494458437499999 0.24618572656249998 0.10769273593749999 0.3889539890625 0.06672883125 0.42305066562500004 0.08238258125
10 0.5532573078125 0.379365875 0.5545045828124999 0.404551846875 0.547554153125 0.408968671875 0.5569991328125 0.45492378906250003 0.577207684375 0.4592788453125 0.605329475 0.4509686390625 0.60437430625 0.447137665625 0.5949114984375 0.4293678359375 0.5829464984375 0.373305475 0.572208396875 0.3746408375 0.5728307609375001 0.38924705937500004 0.5633526703125 0.395636046875 0.5532573078125 0.379365875
10 0.7697636015625 0.316058278125 0.7589571640624999 0.2727160234375 0.6785789765625 0.2861889203125 0.6949005234375 0.44449482500000004 0.6998876234375 0.448552084375 0.7903790703125 0.42599003281250003 0.7909210703125 0.417870325 0.7697636015625 0.316058278125