19 0.8427734375 0.4552734390625 0.8447265625 0.4474609390625 0.7490234375 0.4005859390625 0.6806640625 0.40579427187499995 0.642578125 0.4279296890625 0.6591796875 0.43704427187499995 0.763671875 0.44876302187499995 0.75 0.519075521875 0.751953125 0.6180338546875 0.7412109375 0.6349609390625 0.6279296875 0.6141276046875 0.5791015625 0.6141276046875 0.576171875 0.5919921890625 0.59765625 0.511263021875 0.6005859375 0.4474609390625 0.5810546875 0.45787760468750005 0.5322265625 0.45787760468750005 0.4453125 0.4826171890625 0.434375 0.7426866328124999 0.434375 0.7641276046875001 0.44140625 0.7899088546875 0.462890625 0.7977213546875 0.4609375 0.8237630218750001 0.4697265625 0.8328776046874999 0.5480581359375 0.846875 0.5664920296875 0.846875 0.6650390625 0.7052734390625 0.8759765625 0.7365234390625 0.89375 0.7327816625 0.89375 0.6649088546875 0.8935546875 0.647981771875 0.8134765625 0.6453776046875 0.8046875 0.6258463546875 0.80078125 0.45657552187499995 0.8076171875 0.45006510468750005 0.8427734375 0.4552734390625
21 0.962890625 0.7958333328125 0.9990234375 0.7919270828125 1 0.761979165625 0.763671875 0.7255208328125 0.8212890625 0.758072915625 0.8642578125 0.7528645828125 0.8955078125 0.7684895828125 0.892578125 0.7802083328125 0.90234375 0.793229165625 0.90234375 0.8062499984375 0.8759765625 0.8414062484375 0.8037109375 0.8075520828125 0.7763671875 0.8153645828125 0.7119140625 0.797135415625 0.70703125 0.7828124984375 0.71484375 0.7645833328125 0.751953125 0.722916665625 0.6630859375 0.7085937484375 0.576171875 0.8374999984375 0.5625 0.8687499984375 0.609375 0.8843749984375 0.6065059265625 0.9953125 0.625078125 0.9953125 0.626953125 0.9911458328125 0.6318359375 0.9117187484375 0.671875 0.9234374984375 0.6709292765625 0.9953125 0.6837890625 0.9953125 0.6865234375 0.9898437484375 0.698828128125 0.9953125 0.700390625 0.9953125 0.685546875 0.9755208328125 0.6884765625 0.9247395828125 0.9990234375 0.9924479156249999 1 0.8401041656249999 0.9658203125 0.8127604156249999 0.962890625 0.7958333328125
2 0.8349609375 0.7521484375 0.8212890625 0.7599609375 0.7548828125 0.7208984375 0.7197265625 0.7599609375 0.70703125 0.7847005203124999 0.7119140625 0.7964192703124999 0.7861328125 0.8172526046874999 0.8017578125 0.8042317703125 0.8781919125 0.8390625 0.879131609375 0.8390625 0.90234375 0.8055338546874999 0.90234375 0.7925130203124999 0.892578125 0.782096353125 0.8955078125 0.7651692703124999 0.8701171875 0.754752603125 0.8349609375 0.7521484375
15 0.576171875 0.6104817703125 0.7250108546875 0.63125 0.746142578125 0.63125 0.75 0.6261067703125 0.748046875 0.5297526046875001 0.7625 0.4574869796875 0.7625 0.4505115328125 0.7568359375 0.4451171875 0.6787109375 0.44251302031249995 0.6103515625 0.4294921875 0.603515625 0.4412109375 0.59765625 0.5167317703125 0.576171875 0.6104817703125
15 0.9109375 0.47826450937500004 0.9109375 0.4653221765625 0.80546875 0.4537109375 0.8005859375 0.4732421875 0.8083984375 0.6399088546875 0.8746582015625 0.64375 0.8983462125000001 0.64375 0.9109375 0.47826450937500004
14 0.9025390625 0.7123046875 0.89765625 0.7396484375 0.9171875 0.7266276046875 0.9259765625 0.740950521875 0.9240234375 0.7149088546875 0.938671875 0.6224609375 0.9416015625 0.7435546875 0.991699215625 0.7546875 0.9984375 0.7546875 0.9984375 0.526106771875 0.997265625 0.3724609375 0.930859375 0.40631510468750004 0.9162109375 0.444075521875 0.8947265625 0.7070963546875 0.9025390625 0.7123046875
19 0.3215821953125 0.6641927078125 0.0010767703125 0.6109375 0.0002934609375 0.6109375 0.0012680515625 0.996875 0.1550781046875 0.996875 0.3088868828125 0.9962239578125001 0.321875 0.7661487390625 0.321875 0.6911307390625 0.3215821953125 0.6641927078125
4 0.858154296875 0.2109375 0.996875 0.2109375 0.996875 0.134375 0.6677206234375 0.134375 0.666748046875 0.1979166671875 0.757568359375 0.20182291718749998 0.754638671875 0.2916666671875 0.8430501171874999 0.2953125 0.849392278125 0.2953125 0.858154296875 0.2109375
16 0.482421875 0.159700521875 0.4736328125 0.147981771875 0.4111328125 0.11412760468750001 0.3583984375 0.1115234390625 0.34765625 0.378450521875 0.3828125 0.3888671890625 0.34765625 0.3992838546875 0.345703125 0.5711588546875 0.3681640625 0.5672526046875 0.3847307453125 0.5734375 0.3951134328125 0.5734375 0.4072265625 0.5594401046875 0.439453125 0.5451171890625 0.44140625 0.4826171890625 0.4697265625 0.4708984390625 0.4765625 0.4591796890625 0.482421875 0.159700521875
7 0.7546875 0.21048391562500002 0.7546875 0.20078840156250002 0.666162109375 0.20208547812500002 0.656396484375 0.40260631093750004 0.6585721343750001 0.409375 0.6716421171875 0.409375 0.748193359375 0.3947938109375 0.7546875 0.21048391562500002
10 0.8453125 0.30559895625 0.8453125 0.2985509046875 0.7548828125 0.29466145625 0.7484375 0.38919270625 0.7484375 0.3951143546875 0.8376263828124999 0.4390625 0.837897859375 0.4390625 0.8453125 0.30559895625