21 0.6516643484375 0.8543460984375001 0.6469560328124999 0.742422728125 0.6514867875 0.7400174859375 0.8289271234375001 0.746405434375 0.8329421171875 0.6918257421875 0.647272334375 0.679747990625 0.651076459375 0.6669514578125 0.645884615625 0.615103990625 0.623564228125 0.6150984687500001 0.6158913781249999 0.6156350078124999 0.5770256781249999 0.7055443234375 0.5791656749999999 0.7137483625 0.6076581421875 0.7180212359375 0.61398694375 0.853326025 0.6469738375 0.8546740921874999 0.6516643484375 0.8543460984375001
9 0.6572839859374999 0.66612580625 0.6962912234374999 0.6863707812500001 0.8048809218749999 0.68700060625 0.8345016781249999 0.6849293203125 0.838383121875 0.6576389625 0.7878837234375 0.6298439140625 0.7723480859375 0.49727135312500004 0.6364510703125 0.50259735625 0.6501772546875 0.6540922328125001 0.6572839859374999 0.66612580625
4 1 0.5231941984375 0.8446873640625 0.5238002609375 0.8110828375000001 0.51361959375 0.7766462468750001 0.5139392140625 0.7823139609374999 0.5949912921875 0.790292646875 0.619494415625 0.99636988125 0.6266209296875 1 0.6263670875 1 0.5231941984375
4 0.5916618031249999 0.6643187687500001 0.6145654140625 0.6152056234375001 0.64700733125 0.608760221875 0.6380769046875 0.5258478734375001 0.610707153125 0.5152312296875 0.6022127046875 0.43855365468749996 0.4697348375 0.4378974125 0.4614737671875 0.4384750828125 0.43699115937500005 0.4501070703125 0.44510376406249996 0.6333207984375 0.45065180156249995 0.6454633656250001 0.49701653125 0.658928590625 0.5874770546875 0.66461139375 0.5916618031249999 0.6643187687500001
15 0 0.5174603796875 0.011572451562499999 0.68295415 0.1714035140625 0.6717776734375 0.173358709375 0.6670725328125 0.08161804843750001 0.4750877046875 0.07309795 0.4652413859375 0.0590697046875 0.4662223375 0.0476174359375 0.4816421015625 0 0.5076293828125 0 0.5174603796875
15 0.5144089984375 0.7284576421875 0.5001955359375 0.704390496875 0.4821779484375 0.6931198859375 0.32554204375 0.670658203125 0.20450533750000002 0.6645029703125 0.0110819765625 0.6759400296875 0.020528165625 0.811026828125 0.055876603125 0.8461465953125 0.5155063734375 0.88422929375 0.52060125 0.883873025 0.5144089984375 0.7284576421875
4 0.44873124531249997 0.1924103875 0.9189153703124999 0.17415085624999999 0.9242924312499999 0.2510464171875 0.9819752828125001 0.24428796875 0.975938865625 0.13844935625000002 0.9701629484375 0.11608309375 0.9668280093750001 0.008158059375 0.6921895421875 0.0229314203125 0.4195634484375 0.0440837140625 0.41590464843749997 0.058958507812500005 0.42248420937500003 0.1754499734375 0.44873124531249997 0.1924103875
19 0.481284265625 0.657940278125 0.4584452703125 0.6449183921875 0.3497327890625 0.63581294375 0.293510803125 0.6381780531250001 0.27350758124999996 0.6395768140625 0.2444682390625 0.6536158624999999 0.2374013984375 0.6645521265625 0.46989747031249995 0.6916291453125 0.474610659375 0.6912995671875 0.48799491093749997 0.6867089140625 0.481284265625 0.657940278125
19 1 0.8517572843749999 0.8397775984375 0.8791750890625 0.75872551875 0.884842803125 0.7183049140625 0.86678508125 0.5208523171875 0.8430007406250001 0.5220548171875 0.8825966453125 0.5034958171875 0.8859828375 0.0683552375 0.8454045296875 0.05077362656249999 0.84036869375 0.0205372484375 0.8111567187500001 0.033742456250000004 1 0.49506102968750004 1 1 0.9646912265625 1 0.8517572843749999
15 1 0.6437862703125 0.8923651859374999 0.6456410140625 0.849739040625 0.66324066875 0.8354600359375001 0.6830349390625 0.8234008125000001 0.756972925 0.81765615 0.87641460625 0.849406334375 0.87967651875 0.8630727671875 0.87872086875 1 0.8574014218749999 1 0.6437862703125
21 1 0.6247376796874999 0.788870196875 0.6215517796875 0.789742153125 0.6340213296874999 0.8366881859375 0.655799590625 0.8404281953125 0.667285428125 0.8431280796875 0.667096634375 0.8864210625 0.6502335078125 0.8944652906250001 0.6308752156249999 1 0.6405001046875001 1 0.6247376796874999