19 0.295842546875 1 0.326452553125 0.813278809375 0.3261942375 0.8058816484375001 0.24144421875000002 0.7742295828125 0.0703059640625 0.6863987171875 0.012275673437499999 0.8434675437499999 0.0177419078125 1 0.295842546875 1
5 0.701248753125 0.4846989703125 0.6014274046875 0.480367546875 0.5904645515625 0.4742359921875 0.5889887218750001 0.45995588437499996 0.5636135640625 0.46084200312499995 0.568005978125 0.7824992390625 0.675522496875 0.811316603125 0.806202909375 0.8285763328125 0.8239292515625 0.8279573156250001 0.827002890625 0.7755394718749999 0.8267307421875 0.7677461890624999 0.8094097546875 0.7558289546875 0.8113058828125 0.47434130625000004 0.786770365625 0.47128947343750005 0.78155075 0.48971202500000005 0.7132330171875 0.49209773281249997 0.701248753125 0.4846989703125
21 0.37708480624999996 0.6878025203125 0.38243445 0.7292426265625 0.3923416921875 0.7288966578125 0.3946263921875 0.6025029484375 0.5476952953125 0.62060945 0.5634086453125 0.6144720718750001 0.5590002875 0.48823323125 0.5582212671875 0.4743196515625 0.5191825624999999 0.47568291250000005 0.3575137921875 0.51911194375 0.35805909687500004 0.534727425 0.37394723124999996 0.5419898625 0.37708480624999996 0.6878025203125
5 0.361467290625 0.54138336875 0.3739142578125 0.7029614671875 0.3739809828125 0.7029591374999999 0.374241815625 0.57001314375 0.3733540640625 0.5445912749999999 0.361467290625 0.54138336875
5 0.35513283281249997 0.512876134375 0.3768615421875 0.5121173515625 0.3775912515625 0.512026725 0.37890699843750003 0.4937405 0.38884844375 0.4986048453125 0.41785481874999997 0.489774659375 0.422122225 0.500048653125 0.43580327656250006 0.49727458125 0.4331950703125 0.42258531093749996 0.4173528828125 0.419436828125 0.41567360000000003 0.4273127328125 0.37291279374999997 0.4340174796875 0.370597321875 0.42367532187499995 0.3510779703125 0.42435695156250003 0.35513283281249997 0.512876134375
5 0.39380193750000003 0.64884901875 0.4011118890625 0.6902858140625 0.3963250078125 0.749082440625 0.4012502890625 0.7502133234375 0.40295125625 0.71497624375 0.4256257203125 0.7206988203125 0.4248552796875 0.7546005265625 0.43581813281250004 0.7607320796875 0.44437463125 0.7539188953125 0.4462573671875 0.723886978125 0.4953284 0.7299906421875 0.4977130703125 0.7702965546875 0.5185264843749999 0.7786898718749999 0.519863915625 0.7330424734375 0.537816553125 0.7154781515625 0.5411100656250001 0.7818098671875 0.562833446875 0.7854810515625 0.5666453031249999 0.7853479390625 0.56287154375 0.6494593625 0.4508841640625 0.6325240156249999 0.4013153421875 0.6681298 0.4001555328125 0.60693508125 0.39420884375 0.604536990625 0.39380193750000003 0.64884901875
21 0.5958065671874999 0.57404525625 0.5965336406249999 0.5948658984375 0.6035017390624999 0.5985311984374999 0.774662403125 0.61392131875 0.779140384375 0.61376494375 0.778403396875 0.592660384375 0.7692344640625 0.5875321765625 0.7143985109375001 0.58423558125 0.7003714265625 0.574302403125 0.6927454546875 0.579780215625 0.5958065671874999 0.57404525625
21 0.7614955984375 0.5502795640625 0.7800277312499999 0.5496324078125 0.7791385578125001 0.5241697984375 0.5970774859375 0.50970389375 0.5926066265625 0.5215859125 0.595103865625 0.53713323125 0.6040239 0.5407303671875 0.7614955984375 0.5502795640625
21 1 0.546006903125 0.982638503125 0.5397558984375 0.9783927796875 0.5021207296875 0.8196498390625001 0.4894238765625 0.8131361609375001 0.498771478125 0.8120972125 0.636912721875 0.8175677968749999 0.6536590859375 0.9974180265625 0.6733709734375 1 0.673280809375 1 0.546006903125
7 0.43406681875 0.4167685625 0.44142584375 0.4879743828125 0.46796595312499994 0.48704758125 0.5074482296875 0.47544124375 0.508565146875 0.2975595296875 0.5016390203125 0.099221221875 0.3979673359375 0.1105502078125 0.3875497875 0.12003413437499999 0.392145653125 0.41953535625000005 0.4109162484375 0.425394259375 0.4164994015625 0.41738202968750004 0.43406681875 0.4167685625
4 0.5063350265625 0 0.388810165625 0.01621596875 0.38524814687500003 0.054123790625 0.3867931765625 0.0983676546875 0.39199110937500004 0.10730627968749999 0.5080858125 0.1019492859375 0.5118812609375001 0.23861883125 0.6378265234375 0.2355236046875 0.638921278125 0.37880184375 0.66388570625 0.38014495937500004 0.6682982609375 0.37999086875 0.6706242015625 0.251315684375 0.9908324593750001 0.2427395203125 0.986798959375 0.113244109375 0.9828443874999999 0 0.7280697218750001 0 0.6562252890625 0.0068776265625 0.6462290687500001 0 0.5063350265625 0
10 0.633090146875 0.2370039984375 0.50840650625 0.24264880312499998 0.5098864828125 0.3689761921875 0.5450540515625 0.373350484375 0.636001603125 0.3701745265625 0.6349619359374999 0.290605046875 0.633090146875 0.2370039984375
16 0 0.508486275 0.00155320625 0.5252234078125 0.01419534375 0.5234790578124999 0.10845522187500001 0.5084615375 0.1092039796875 0.5019210046875 0.035870082812499995 0.50057325 0 0.50833779375 0 0.508486275
16 0.08133454375 0.6224983359375 0.1025058625 0.61791553125 0.1129234125 0.6084316015625 0.060879034374999995 0.60112889375 0.0037968078124999997 0.6174538953125001 0.0048967609374999995 0.625167603125 0.08133454375 0.6224983359375
16 0 0.428343596875 0.0360398546875 0.42708505781249995 0.05212969375 0.42613232500000003 0.10787306249999999 0.41903711406250005 0.10786026562499999 0.4186706578125 0.093687321875 0.4129552078125 0 0.41749075625 0 0.428343596875
16 0 0.33264898125000003 0.0957668796875 0.3327556515625 0.10016432812500001 0.3326020890625 0.1001616734375 0.332526071875 0 0.32413466875 0 0.33264898125000003
16 0 0.2417083296875 0.0756114453125 0.245906159375 0.0986721703125 0.2451008609375 0.0986612640625 0.24478855156249998 0.094903903125 0.23832720312500003 0 0.22633531875 0 0.2417083296875
16 0 0.14727840781249998 0.0459359734375 0.15782566250000002 0.0657481921875 0.1571338046875 0.09865809375 0.15515490468749998 0.0984984453125 0.1505832015625 0.0981374921875 0.1486414921875 0 0.12565320625 0 0.14727840781249998