16 0.32197920468749996 0 0.28786958125 0.1765743875 0.1575028765625 0.9498100921875 0.196971065625 0.956671865625 0.211170290625 0.9047573703125 0.2180599328125 0.8978363671875 0.22409927500000001 0.8408304359375001 0.21708766562499998 0.8345855015625 0.2337594421875 0.7159596374999999 0.24288464843750002 0.7001486671875 0.24687484999999998 0.71385825 0.2575717421875 0.700897925 0.2517084078125 0.6934994875 0.2405271171875 0.6958726984375 0.26009833437499996 0.5566162515624999 0.2888626859375 0.49228507656250003 0.35023878750000004 0.11170654687499999 0.35434748437499997 0.09650543125 0.3643195171875 0.0887027515625 0.7506620578125001 0.1745567671875 0.773871465625 0.1778186359375 0.776892871875 0.17035398906250002 0.781607934375 0.17890592656249998 0.786563459375 0.1717131015625 0.7978057328125 0.17592285937500002 0.8034861171875001 0.1635723890625 0.8096509 0.1618090328125 0.81243184375 0.170089146875 0.8173873687500001 0.162896321875 0.8301403468749999 0.16337375781250002 0.812492828125 0.17667211562500001 0.79074703125 0.3314015015625 0.7922612078125 0.36974581562500003 0.82483975625 0.3835285890625 0.763578675 0.6931197828125 0.7570549359375 0.7395385984375 0.7680567484374999 0.759493115625 0.7579662203125 0.7962064953125 0.749745353125 0.784532090625 0.74049818125 0.7871771234375 0.7444274 0.7943037375 0.7359050859375 0.791791125 0.7399528 0.770007040625 0.7512560578125 0.7807997671875 0.7563910609375 0.7512792125 0.7452097703125 0.7536524250000001 0.7464800109375 0.7656648625 0.739891815625 0.7634240703125 0.7424898093750001 0.751955278125 0.734753340625 0.7508679875000001 0.7271388375 0.7629466375 0.723511065625 0.74665823125 0.68519115 0.7386429578125 0.671652328125 0.7367402015625 0.666696803125 0.743933025 0.6303110046875 0.736189575 0.621124815625 0.745417578125 0.6074640265625 0.7303488828125 0.5882448203124999 0.740796596875 0.56382615625 0.732105259375 0.555002396875 0.7387544375 0.5467815296875 0.7270800328125 0.5255062390624999 0.7240899859375001 0.52429698125 0.7186605171875 0.5351158421875 0.718866128125 0.523087725 0.7132310484375 0.515835653125 0.7227308734375 0.4940759640625 0.7091537109375 0.4728006734375 0.7061636640625 0.4674827203125 0.7159353125 0.45539361874999995 0.7037172625 0.44814154687499996 0.7132170875 0.44415134375000004 0.6995075046875 0.3935018640625 0.6950189421874999 0.384800071875 0.7148340609375 0.381897159375 0.6933880078125 0.37609480781250004 0.692572540625 0.3727109703125 0.7026160109374999 0.3629184171875 0.6880909609375 0.347929875 0.6965034953125 0.3478079078125 0.6833375578124999 0.29449945 0.6837348203125 0.260772628125 0.671105546875 0.24693236093749998 0.67836458125 0.2547298140625 0.686034840625 0.265487690625 0.6796574843750001 0.2648847984375 0.69798106875 0.2772143625 0.69445435625 0.287006915625 0.7089794078125 0.2993364796875 0.7054526953125 0.3017549953125 0.7163116328125 0.326536090625 0.7224241484375 0.6008183203125 0.7636017609375 0.6635569015625 0.7803083703125 0.7099757171875 0.7868321093749999 0.7168653593750001 0.7799111078125 0.7204321484375 0.7896165453124999 0.687023990625 1 0.766409934375 1 0.8991141125000001 0.152555265625 0.912962803125 0.054016714062500006 0.8638625109375001 0.0462237546875 0.8420399953125 0.0431568 0.826024703125 0.09442160000000001 0.8288056484374999 0.10270171406249999 0.7947773796875001 0.0992342328125 0.57138509375 0.0468004203125 0.565159328125 0.04198080625 0.56533880625 0.0196530765625 0.5592959921875 0.0345823703125 0.5357241546875 0.033899323437500004 0.5288345125 0.040820325000000005 0.47455725937500004 0.020043357812500003 0.4049290359375 0.0102577484375 0.3806826421875 0 0.32197920468749996 0
2 0.6887235281249999 0.734208603125 0.7169723609374999 0.7435039796875 0.7467384109374999 0.7476873265624999 0.74795630625 0.7477927453125 0.7540601031249999 0.739446421875 0.8182673906250001 0.4022258296875 0.8209542421875 0.3831078875 0.7815299046875 0.3685663484375 0.7092427046875 0.3636665640625 0.705255975 0.39203361718749996 0.73275703125 0.399843278125 0.6746393265624999 0.7151357609375 0.6887235281249999 0.734208603125
2 0.729969565625 0.40178405 0.66460021875 0.3862540796875 0.6056966703125 0.7001212421874999 0.619502153125 0.7282275796875 0.6678571765625 0.7350234359375001 0.7233937874999999 0.4485731421875 0.729969565625 0.40178405
2 0.6594737562499999 0.40939866875 0.6625197671875 0.387725178125 0.5821822546875 0.3699374234375 0.5281122625 0.663445821875 0.549596921875 0.7247144624999999 0.5845872453125 0.7296320328125 0.5994376140625 0.7313246515625 0.6594737562499999 0.40939866875
2 0.574188790625 0.3987463109375 0.5782119875 0.370119771875 0.513535728125 0.3545700578125 0.4621247125 0.6431926328124999 0.4699256390625 0.6929395281249999 0.472382596875 0.693350575 0.519286421875 0.699942478125 0.574188790625 0.3987463109375
2 0.504522965625 0.3780012203125 0.507743640625 0.35508492343750003 0.45006322499999996 0.3430855640625 0.3966779796875 0.6513690343749999 0.392945609375 0.677926225 0.3953328296875 0.6904112140625001 0.4487022703125 0.6965969203125 0.504522965625 0.3780012203125
2 0.36006378125 0.6291118796874999 0.387550078125 0.458095834375 0.404802634375 0.3353375125 0.34909864375 0.321203871875 0.2912858578125 0.6694111984375 0.3329815875 0.6800704625 0.3378894171875 0.6807602140625 0.347375259375 0.67729405 0.36006378125 0.6291118796874999
2 0.6734152375 1 0.6504579546875 0.933557490625 0.6354694140625 0.941970025 0.5928578484375 0.9294069625000001 0.6104470609375 1 0.6734152375 1
2 0.6108615390625001 1 0.6102175421875 0.9921339390625 0.5891182578125 0.924739525 0.574492146875 0.9305732375 0.529584034375 0.9203171749999999 0.5436125046875 1 0.6108615390625001 1
2 0.5397518484375 1 0.52752271875 0.9167402765625001 0.48037904375 0.915374184375 0.47953221562500004 0.9073658921875 0.4667792390625 0.9068884562499999 0.47032452343750003 1 0.5397518484375 1
2 0.3864452140625 0.9852072953125001 0.44358948125 0.99540795 0.4594976125 0.9976436921875 0.4665298671875 0.9977773375 0.4691278609375 0.9863085453125 0.465737078125 0.9121987421875 0.416235871875 0.90655668125 0.403784340625 0.8969174546875 0.3864452140625 0.9852072953125001