3 0.611406265625 0.5890625 0.6283593749999999 0.5890625 0.6328125 0.5791666671875 0.625 0.5479166671875 0.6265625 0.3895833328125 0.640625 0.1541666671875 0.6578125 0.05208333281250001 0.496875 0.0354166671875 0.22584634218750002 0.0234375 0.21407855312500002 0.0234375 0.21875 0.175 0.2125 0.53125 0.2546875 0.5395833328124999 0.2703125 0.5708333328124999 0.29375 0.5791666671875 0.611406265625 0.5890625
4 0.7857421875 0 0.7609375 0.0330729171875 0.7546875 0.14140625 0.7546875 0.168489584375 0.759375 0.17265625 0.871484375 0.178125 0.8895089281249999 0.178125 1 0.13515625 1 0 0.7857421875 0
4 1 0.6686197921875 0.984375 0.664453125 0.9765625 0.7040364593749999 0.9671875 0.7061197921875 0.9640625 0.683203125 0.96875 0.666536459375 0.959375 0.6561197921875 0.9109375 0.647786459375 0.9 0.6373697921875 0.8578125 0.633203125 0.8609375 0.6248697921875 0.8734375 0.622786459375 0.9640625 0.635286459375 0.9671875 0.6061197921875 0.8578125 0.5561197921875001 0.85625 0.476953125 0.74375 0.470703125 0.7375 0.49153645937499996 0.7296875 0.7623697921875 0.803125 0.8602864578125 0.8078125 0.8602864578125 0.8140625 0.8352864578125001 0.8734375 0.8415364578125001 0.8765625 0.864453125 0.9986944109375001 0.9984375 1 0.9984375 1 0.6686197921875
11 1 0.21458333281250003 0.99375 0.21458333281250003 0.8734375 0.24375 0.865625 0.3104166671875 0.853125 0.5541666671875001 0.9640625 0.6041666671875 0.965625 0.63125 0.8578125 0.61875 0.8546875 0.6333333328124999 0.9609375 0.6583333328125 0.9671875 0.6666666671875 0.9640625 0.7041666671875 0.978125 0.7020833328125 0.9828125 0.6645833328124999 1 0.6708333328125 1 0.64375 0.9921875 0.6416666671875 0.9921875 0.6208333328125 1 0.6208333328125 1 0.21458333281250003
9 0.0453125 0.5768229171875 0.0546875 0.6018229171875 0.11557615937500001 0.609375 0.130078140625 0.609375 0.165625 0.605989584375 0.190625 0.47473958437499997 0.159375 0.4601562515625 0.1375 0.562239584375 0.059375 0.5664062515625 0.0453125 0.5768229171875
21 0 0.7229166671875 0.0359375 0.7270833328124999 0.0375 0.74375 0.046875 0.7395833328125 0.0484375 0.7270833328124999 0.0625 0.725 0.15625 0.73125 0.154693603125 0.8640625 0.17188074375 0.8640625 0.1734375 0.7229166671875 0.18125 0.7104166671875001 0.19375 0.7083333328125 0.2375 0.6416666671875 0.240625 0.7354166671875 0.234375 0.7895833328124999 0.25625 0.7854166671875 0.25 0.7770833328125 0.253125 0.6645833328124999 0.2625 0.6458333328125 0.2625 0.6020833328124999 0.275 0.58125 0.2703125 0.5708333328124999 0.184179678125 0.5671875 0.1717927625 0.5671875 0.165625 0.60625 0.1140625 0.6125 0.103125 0.6270833328125 0.1 0.6458333328125 0.0890625 0.6520833328125 0.0703125 0.6604166671875 0 0.6541666671875 0 0.7229166671875
2 0 0.6563802078125 0.0512695375 0.6609375 0.07348632656250001 0.6609375 0.1015625 0.645963540625 0.103125 0.633463540625 0.1140625 0.629296875 0.109375 0.620963540625 0.121875 0.6126302078125 0.0375 0.604296875 0.025 0.6188802078125 0 0.623046875 0 0.6563802078125
21 0 0.6203125 0.0062499953125 0.6203125 0.025 0.61875 0.053125 0.6 0.046875 0.575 0.0546875 0.5645833328125 0.0382812484375 0.5609375 0.0348144546875 0.5609375 0 0.5770833328125 0 0.6203125
19 0 0.5765625 0.0011160703124999999 0.5765625 0.03125 0.5625 0.1359375 0.5625 0.14375 0.53125 0.134375 0.5270833328125 0.134375 0.4479166671875 0.0756510359375 0.4421875 0.07021722500000001 0.4421875 0.0546875 0.5270833328125 0 0.53125 0 0.5765625
15 0 0.5359375 0.044091796875 0.5359375 0.05625 0.5251302078125 0.078125 0.40638020781249995 0.075 0.38971354062499997 0.059375 0.385546875 0 0.395963540625 0 0.5359375
19 0.2578125 0.5416666671875 0.1828125 0.53125 0.1734375 0.54375 0.175 0.56875 0.2640625 0.56875 0.2578125 0.5416666671875
19 0 0.9984375 0.746875 0.9984375 0.746875 0.9977381765625 0.6090407156250001 0.729296875 0.5637282156250001 0.7376302078125 0.5324782156250001 0.7563802078124999 0.49029071562500004 0.804296875 0.46841571562500006 0.8563802078125 0.45904071562500004 0.966796875 0.44029071562500005 0.9709635421874999 0.296540715625 0.9501302078125 0.107478215625 0.9459635421874999 0.102790715625 0.941796875 0.096540715625 0.8522135421874999 0.076228215625 0.7938802078125 0.044978215625 0.752213540625 0 0.7232620468750001 0 0.9984375