21 1 0.4341737515625 0.9753803234375 0.34229186875 0.836097640625 0.38392620312500003 0.75642939375 0.39448911875000003 0.7462954265625 0.39289085625000003 0.7425209828125 0.37880443750000004 0.7333570671875 0.374789425 0.5477181984375 0.424531209375 0.194337440625 0.5364739015625 0.2069533140625 0.5654458703125 0.229486434375 0.5831332171875 0.4154529765625 0.582910615625 0.425156096875 0.588937975 0.48151712812499997 1 0.535881353125 1 0.5010576796875 0.654873221875 0.5137767249999999 0.6298969109375 0.5659532265625 0.60728895625 0.572204390625 0.5883593609375 0.58729698125 0.5843153125 0.7020032656249999 0.5837754109375 0.819622303125 0.6061801203125 0.8985346234374999 0.5807219765625 1 0.580018915625 1 0.4341737515625
5 1 0.7843218625 0.9995938109375 0.78280594375 0.8955451390625001 0.6057872921875 0.885411171875 0.604189028125 0.8837961468750001 0.6283468531249999 0.8964120187500001 0.6573188203125 0.8837987390625001 0.6585417125 0.8455254625 0.636444625 0.8453113359375 0.6537566046875 0.867952815625 0.67788539375 0.9126939765625 0.693935765625 0.9363055078125001 0.715647803125 0.9754456656249999 0.7892764203125 1 0.8220971921875 1 0.7843218625
11 0.6252617453125 0 0.6078790890625 0.0091288515625 0.4518887875 0.07896505625 0.46159709531250004 0.1453821359375 0.4881265671875 0.2504285046875 0.48963841874999997 0.280218959375 0.5159511703125 0.372382446875 0.52414503125 0.378814209375 0.5617681484375 0.36226265 0.525968996875 0.2769546859375 0.5525964546875 0.26766305625000003 0.659539725 0.256262296875 0.6712913109375 0.26389759375 0.7104314671874999 0.3375262109375 0.7242315203125 0.3467694515625 0.87344916875 0.3174360265625 0.9049515640625 0.308994984375 0.87924658125 0.218960275 0.8712616593750001 0.1348268140625 0.8431145687500001 0.023743409375 0.83967345 0 0.6252617453125 0
5 0.5354916921874999 0.30041979531249996 0.585639784375 0.415583365625 0.6389544421875 0.40129774687499997 0.72728633125 0.376281271875 0.7255603515625 0.3638027953125 0.6641012015625 0.255174853125 0.524385078125 0.271043421875 0.5230925390625 0.284330709375 0.5354916921874999 0.30041979531249996
5 0.253644940625 0.30503476875 0.0896723109375 0.320932371875 0.0913982890625 0.33341085000000004 0.1261164359375 0.3844992625 0.1983597125 0.5333741140625 0.3803324984375 0.47598735000000003 0.3126195921875 0.3560941453125 0.2815675296875 0.31265071093749996 0.253644940625 0.30503476875
5 0.39050968125 1 0.3941019765625 0.9922275468749999 0.4718249296875 0.9261084125 0.4231750328125 0.587581575 0.22502605781249999 0.584597975 0.27117589531249997 0.6843870812499999 0.3172147828125 0.7475398875 0.3550572125 0.7740660687500001 0.4295527078125 0.7864574421875 0.44184350156249996 0.7961050859375 0.4280486359375 0.84725156875 0.4185622359375 0.85410709375 0.4031445640625 0.8388268171875 0.3999067328125 0.7965578843750001 0.38125641718750003 0.79939839375 0.3728484296875 0.8102786109375 0.36068970624999996 1 0.39050968125 1
5 0.74796230625 0.5802228265625 0.6991268078124999 0.5911514328125 0.6923364390625 0.608068684375 0.688675540625 0.660813428125 0.6746613625 0.668882165625 0.503893178125 0.6413073015624999 0.49764201406249997 0.6602368984375 0.5113440796875001 0.7838181375 0.51673614375 0.80394159375 0.5342022796875 0.820829809375 0.5946965625 0.992264221875 0.63091878125 0.9825585078125 0.6341488328125 0.9342428609375 0.6284316890625 0.8947950812500001 0.6454643859375 0.885917534375 0.684707715625 0.9055978703124999 0.7169465500000001 0.9595074374999999 0.7395854374999999 0.953441365625 0.6917122124999999 0.871368640625 0.6868593546875 0.85325753125 0.6968771828125 0.757829771875 0.711533740625 0.6978250984375001 0.71443611875 0.5999902671874999 0.734487334375 0.5903039109375 0.7923809796875 0.6071437359375 0.8161086515625 0.725881796875 0.86754738125 0.8997426374999999 0.8739094968750001 0.9174493421875001 0.8935298656249999 0.9121920812500001 0.8152365859374999 0.613960546875 0.8760377968749999 0.593355259375 0.887464303125 0.5816662359375 0.74796230625 0.5802228265625
3 0.6899654875000001 0.61733128125 0.6856518359375 0.601232515625 0.6767846140625 0.5998340375 0.67316239375 0.6008046078125 0.6284083500000001 0.6230413375 0.5940204703124999 0.651666971875 0.6821154234375 0.659875175 0.6839265328125 0.6593898890625 0.6899680796875 0.6475261406249999 0.6899654875000001 0.61733128125
3 0.5005469859375 0.5925969265625 0.5093910078125 0.6376773375 0.5596299984375 0.6500977453125001 0.580759625 0.644436078125 0.5662010546875 0.59010275 0.5005469859375 0.5925969265625
3 1 0.58392843125 0.891022028125 0.582869771875 0.9053638796874999 0.6243202171875 0.9511886374999999 0.704785 0.9688689015625 0.7043612390625 0.998189796875 0.674936475 1 0.675981596875 1 0.58392843125
3 0 0.305121853125 0.085964759375 0.6149844578125 0.0941586203125 0.6214162203125 0.137387928125 0.6076761375 0.1597392421875 0.6267602140624999 0.17270946250000002 0.6232848546875001 0.2257892421875 0.6055573296875 0.22384654375 0.5801959703125 0.1975389796875 0.548422203125 0.19139098906250002 0.5134035203125 0.1787751171875 0.484431553125 0.09068332343749999 0.324705521875 0.1995666984375 0.3084712609375 0.2044169625 0.296387509375 0.19190685624999998 0.2436621234375 0.1765975453125 0.2348232890625 0.032784490625 0.2474759765625 0 0.2621345109375 0 0.305121853125
3 0.3314632875 0.09438277187500001 0.33265005937500003 0.10484890468750001 0.2666760984375 0.148408478125 0.30355885 0.298130853125 0.28609530781250003 0.311437496875 0.2867428734375 0.3198912828125 0.30981519999999996 0.3395909765625 0.38527815468750004 0.3193707390625 0.39444206875 0.3233857515625 0.419893128125 0.42440742968749995 0.43250900000000003 0.45337939687500006 0.558747559375 0.41739705312500003 0.5517378765625 0.39123656093750003 0.519287509375 0.3848338328125 0.488333434375 0.2270523984375 0.45382422812499995 0.0982622890625 0.43797571093750004 0.08741110937499999 0.33997963593749997 0.08994399843749999 0.3314632875 0.09438277187500001
2 0.333860171875 0.38706878125 0.3350469453125 0.3975349125 0.378714878125 0.4699503140625 0.43660593125 0.4565952796875 0.3928218578125 0.2871538546875 0.3047456234375 0.308596984375 0.29536758125 0.32189395 0.3087367875 0.33556628593750004 0.391315190625 0.31775311875 0.405442915625 0.37651554374999996 0.333860171875 0.38706878125
19 0.31147699375000004 1 0.29750161406250003 0.9275248703125 0.2527500796875 0.7906950562499999 0.216094421875 0.77463500625 0.0472663421875 0.742226640625 0.11633650625 1 0.31147699375000004 1