5 1 0.4706373515625 0.992789765625 0.425113721875 0.9721761796875 0.42837859375000004 0.9693244875 0.4467593265625 0.8937908609375 0.46926919062500005 0.8822163890624999 0.47110240625 0.872463165625 0.4594640265625 0.8365715171874999 0.4638303890625 0.8414419437499999 0.7754994 0.7760449890625 0.7621276078125 0.639565621875 0.8430679453125001 0.6417103578125001 0.8690945328125 0.652985278125 0.8778552718749999 0.6657093984375 0.97682281875 0.69662393125 0.9719264375 0.695095475 0.92523654375 0.71718401875 0.9336028875 0.724001675 0.9641626125 0.7287109421875 0.9668443546875001 0.7430779859375 0.9645688390625 0.747803640625 0.9458912984375001 0.78055723125 0.958632709375 0.9134177609374999 0.9375896687499999 0.9594870984374999 0.8965441656250001 0.9645134859375 0.897066378125 0.9701629109375001 0.9264928171875001 1 0.9224798984374999 1 0.4706373515625
21 0.9633169890625 0.6485464703125 0.9628462125 0.645574109375 0.9458572453125 0.6547350453125 0.9449585875000001 0.6865169156250001 0.9549513968750001 0.7745795578125 0.958567721875 0.7817328015625 0.9696682750000001 0.7799746468750001 0.9633169890625 0.6485464703125
21 0.9631052578125001 0.521108528125 0.9688385796875 0.5136088890625 0.9681005078125 0.49896067187500004 0.967518534375 0.49528623749999995 0.9470495890624999 0.49464858906250003 0.8834978171874999 0.517897340625 0.8846971859374999 0.54170069375 0.8852165984375 0.544980128125 0.9039340171875001 0.5420155796875 0.9631052578125001 0.521108528125
21 0.4421932 0.5667001015625 0.41573128906249995 0.5432066640625 0.3940261953125 0.48732028437499997 0.0804550296875 0.5488499046875 0.09325164687500001 0.554733003125 0.1060721953125 0.610708240625 0.1193301078125 0.6257464765625 0.5534685625 0.757369421875 0.5827700421875 0.986070096875 0.6185733296875 0.9827064625 0.6236511765625 0.9819022109375 0.5982986703125001 0.7594972296875 0.6128626234375 0.7453257 0.83761831875 0.6411755671875 0.8338990546874999 0.5106319515625 0.8304546453125001 0.4888848046875 0.5655224828125001 0.4838875921875 0.5608195796875 0.5228635625 0.5444343765624999 0.550506690625 0.5164207859375 0.5734000015625 0.4797682890625 0.5792051875 0.4421932 0.5667001015625
5 0.45101067031250003 1 0.4482896078125 0.9738186140625 0.45823455468749996 0.9616969765625001 0.45675480625000003 0.9461115781249999 0.4541930609375 0.92993735625 0.30704159375 0.8498572515625 0.17531904375000001 0.898404646875 0.1255585453125 0.6716260484375 0.09372283125 0.5580200734375 0.073970746875 0.5519202984375 0.047371025 0.558769909375 0.0432133140625 0.5699749375 0.0041165296875 0.5603474921875 0.0093741421875 0.5985368609374999 0.0108950328125 0.6081393875 0.0571481796875 0.62050043125 0.065134065625 0.6521934390624999 0.0153779265625 0.636443259375 0.07295965625 1 0.45101067031250003 1
3 0.1607667625 0.4588106609375 0.2456462296875 0.4453670734375 0.26178579375 0.434900934375 0.26955602343749996 0.44026182187499996 0.28243048593750003 0.502820090625 0.39969691093750004 0.48161028437500003 0.40200943906250003 0.43378471406249997 0.4336894625 0.4340403484375 0.4432509609375 0.46943874531249996 0.5571205234375001 0.45799515 0.52000095 0.12374930937499999 0.52079178125 0.078801378125 0.5268800671875 0.070421571875 0.5254796921875 0.0615799609375 0.523673434375 0.0532970046875 0.3213957828125 0.0246921953125 0.0972152609375 0.057562271875 0.0934110171875 0.0647563765625 0.1541108484375 0.44800002812499995 0.1607667625 0.4588106609375
5 0.26291159531249997 0.441384696875 0.1545670484375 0.462429228125 0.149079365625 0.4527518796875 0.13557581406250002 0.45489063124999995 0.1458142640625 0.5257762875 0.1497263359375 0.531748246875 0.16206165781249998 0.5284762109375001 0.172360071875 0.5123436484375 0.2712561328125 0.49407004218750006 0.26291159531249997 0.441384696875
5 0.31025581406249997 0.7128367578125 0.3387307 0.69909858125 0.3355794765625 0.6916878015625 0.171368190625 0.6412341046875001 0.19640413125 0.8679737453125 0.2130049921875 0.8666627421875001 0.2139036515625 0.834880871875 0.2577811859375 0.8622075171875 0.2674265796875 0.8606798359375001 0.2754963625 0.8554467656250001 0.2718299296875 0.8322978203125 0.2775632515625 0.82479818125 0.299897434375 0.8159875390625 0.307314196875 0.8253593515625001 0.31888866875 0.8235261359375 0.3237533140625 0.8042992546875001 0.3426367203125 0.7986717890625 0.3693981859375 0.811571271875 0.37673104999999996 0.8578691624999999 0.3883459609375 0.8609732187500001 0.3895516328125 0.8607822593750001 0.3960218390625 0.8548138015625 0.38634054687499997 0.781203271875 0.37456722343750004 0.7068694359375 0.3557389421875 0.7003596812499999 0.3656239234375 0.7752562640625 0.364156140625 0.7847169375 0.354103365625 0.7836725109375 0.3164743625 0.7645843953125 0.31025581406249997 0.7128367578125
5 0.648096978125 0.41188044375 0.6564063484375 0.48307163593749997 0.7874503984375 0.48611186406250007 0.7942526203125 0.4850344984375 0.7890642640625 0.417332175 0.7865760046875 0.401621921875 0.7700902375 0.40178680624999996 0.7659325265625 0.412991834375 0.752428975 0.41513058750000004 0.673636296875 0.417063609375 0.663883075 0.4054252296875 0.648096978125 0.41188044375
5 0.61239434375 0.8263324734375 0.606067965625 0.761418775 0.600634196875 0.75832445625 0.6053849640625 0.8195327656250001 0.6158384375 0.861327415625 0.616386884375 0.86124055 0.6176363890625 0.8531868078124999 0.642199203125 0.8334766734375 0.7206683953125 0.792045465625 0.7275160328125 0.77909608125 0.72262745625 0.748230821875 0.7264317 0.74103671875 0.7849031703125 0.7106827250000001 0.7903369390625 0.7137770421875 0.7976698046874999 0.7600749312499999 0.8204588203125001 0.7653727234375001 0.8040846171875 0.6619900750000001 0.6571765890625 0.7282759984375 0.6529649640625 0.732897996875 0.6800798953125 0.7417865531250001 0.6874127609375 0.7880844437500001 0.6212788890625001 0.8262436125000001 0.61239434375 0.8263324734375
15 0.7955802765625 0.415217240625 0.7927426578125 0.41566667500000004 0.80764118125 0.45391105156249995 0.9391324484375 0.45259592812499994 0.9401654421875 0.45243231718750004 0.93527328125 0.4215444296875 0.92469195 0.4063691234375 0.7955802765625 0.415217240625
15 0.7949117203125 0.4293631734375 0.7954791703125 0.4516187203125 0.8053216515624999 0.450059825 0.8049708499999999 0.4478449515625 0.7949117203125 0.4293631734375
8 0.6621825109375 0 0.6181425921875 0.01737336875 0.6024643234375 0.03699464375 0.607077278125 0.128546 0.63990738125 0.4107386671875 0.6471393484375 0.4324000671875 0.6473347015625001 0.43236912656250004 0.606022928125 0.046977528125 0.621293815625 0.0247841484375 0.6822259875000001 0 0.6621825109375 0
15 0.7859956578125 0.3991358046875 0.7935069234375 0.41238167499999995 0.8250139140625 0.40739145781249997 0.8074072484375 0.372014890625 0.791675065625 0.3850531359375 0.7484205687500001 0.3866307171875 0.7465454046875 0.393519284375 0.756759921875 0.4143128015625 0.7859956578125 0.3991358046875
15 0.715965496875 0.412007215625 0.691204709375 0.3900240703125 0.6727338734375 0.402001984375 0.6730597781250001 0.40405966875 0.6775094328125 0.41592284062499996 0.6995958859375 0.41459990781249995 0.715965496875 0.412007215625
15 0.6903263625 0.4397977078125 0.7014809046875 0.45490542031250003 0.7479633078125 0.451234609375 0.7511091953125 0.45073635 0.7399546531250001 0.43562863749999997 0.69347225 0.43929944687500005 0.6903263625 0.4397977078125