14 0.84058233125 0.3359786640625 0.8047425078125 0.30576653593750003 0.7841272171875 0.272039546875 0.772291896875 0.1999372703125 0.757416890625 0.184128234375 0.7296605953124999 0.18198374687500002 0.710220840625 0.19502429999999998 0.703900621875 0.23710797499999997 0.7122197765625 0.2800881515625 0.727799059375 0.3128396625 0.7100008812499999 0.346882565625 0.706373428125 0.3797920328125 0.7288711453125 0.5050241718749999 0.6458404953125 0.5412983765625 0.630735084375 0.5661670703125 0.634134740625 0.60173046875 0.6474872921875 0.6178909921875 0.7270096109375 0.6358800875 0.7479718171874999 0.622488046875 0.8098072421875001 0.61248848125 0.8147267406250001 0.6199052593750001 0.8119174640625 0.6355207671875001 0.8296515265625001 0.6660375734375 0.833341715625 0.6651856265625 0.854665275 0.64703299375 0.8696489546875 0.5730153312499999 0.8807721640624999 0.5447897328125 0.8899068828125 0.5426808171874999 0.8824032921875 0.4546115484375 0.84058233125 0.3359786640625
19 1 0.54955699375 0.979236296875 0.5475814671875 0.9727943437500001 0.5405161734374999 0.9859086546875 0.513969028125 0.988479690625 0.4556458515625 0.9979639375 0.4342130390625 0.9914028640625 0.4057939109375 0.930970771875 0.39408815625 0.9171547953125 0.4314879625 0.905102125 0.5390390859374999 0.89936445 0.5489162671875001 0.8744200421875 0.5589514046875 0.8469072093750001 0.6551048515625 0.826530159375 0.66408553125 0.8175119499999999 0.6597531484375 0.8093093031249999 0.610331671875 0.751572590625 0.6172468421875 0.745249759375 0.631535384375 0.7746476296875 0.654682221875 0.7545062109375 0.6785754359375 0.759780459375 0.722258584375 0.75498008125 0.736195640625 0.6259263078124999 0.8023383234375 0.6208929109375 0.8291579765625 0.6261671609375 0.8728411250000001 0.6566266703125 0.9769919375 1 0.8977179578125 1 0.54955699375
15 1 0.449978153125 0.9965586453125 0.43507200937499996 0.996289878125 0.435134059375 0.9709165265624999 0.53239716875 0.9720894515625 0.5513695796875 1 0.5527309234375 1 0.449978153125
15 0.901077678125 0.5469171359375 0.927425315625 0.36483918593750003 0.8530581265625001 0.3691794046875 0.884807071875 0.4858613296875 0.8735699640625001 0.548323359375 0.8946041906250001 0.5484116593749999 0.901077678125 0.5469171359375
15 0.64158815 0.46731179999999994 0.6269539984375 0.522005565625 0.630819690625 0.53180376875 0.6961686703125001 0.52313116875 0.732355409375 0.506224265625 0.71184879375 0.382670578125 0.6724980281249999 0.3789266171875 0.64158815 0.46731179999999994
19 0.5047391859375 0.4580140703125 0.5121210453125 0.49693437031250004 0.5452733234375 0.591910975 0.636635434375 0.6127792390625 0.6383372171875 0.6123863515625 0.63533108125 0.5582907015624999 0.6539500484375 0.5347489734375 0.6284178703125 0.5214003390624999 0.65663236875 0.4143942296875 0.5125844703125 0.4433740421875 0.5047391859375 0.4580140703125
19 0.233125540625 0.8096363171875 0.25338608125 0.8070969359375001 0.272359796875 0.8198215765624999 0.3084300265625 0.8093559734375001 0.3172126078125 0.798775821875 0.30057168437500004 0.6850203359375 0.27023651718749997 0.6578136234375 0.2943601390625 0.6372773125 0.29013969687499996 0.591212740625 0.2794799125 0.5658780078125 0.21963297656249997 0.54976089375 0.18121950625 0.55007680625 0.033658053125 0.5777296515625 0.007191190625000001 0.588116275 0.07701974843750001 0.8905769843750001 0.09177563125 0.8850321843750001 0.0942327703125 0.8609454421875 0.12479834375000001 0.8474744218750001 0.233125540625 0.8096363171875
9 0.5542414390625 0.6863237984375 0.6191191593750001 0.6478261265625 0.6112712640625 0.634671021875 0.561379834375 0.6269461640625 0.5436929421875 0.5989575015625 0.5241288453124999 0.5350539546874999 0.5147584953125001 0.5222503359374999 0.39483421875 0.530693834375 0.402684725 0.5716440734375 0.4363056515625 0.668650615625 0.4447387046875 0.677394359375 0.5542414390625 0.6863237984375
21 0.543493478125 1 0.5505502718749999 0.975957634375 0.562962915625 0.9602631484374999 0.5727966906249999 0.9195064390625 0.5662356171875 0.8910873125000001 0.5573339171875 0.88031363125 0.5566296390625001 0.8633711578125001 0.5111864484375 0.8332380078125 0.504156728125 0.8027889406250001 0.5095422640625 0.784440525 0.5171545296875 0.7826830953125 0.52277830625 0.8070423468750001 0.535895228125 0.8082903343750001 0.54210155 0.8004430906250001 0.5334328671875 0.776786809375 0.53706293125 0.771672478125 0.6672896296874999 0.7245022062500001 0.6872032546875 0.7690818562499999 0.7548928625 0.7427638109375 0.761099184375 0.7349165671875 0.75008465 0.673315465625 0.7781904749999999 0.6561360578125 0.7607392109375 0.64305993125 0.5513344984375 0.5973269421875 0.5437222312500001 0.599084371875 0.5534447203124999 0.620359228125 0.6118857109375 0.6303865296875 0.6172738578125 0.639833246875 0.5676206703125 0.6748160578125 0.5281533953124999 0.6775133953125 0.4418395984375 0.671782903125 0.4311798140625 0.646448171875 0.40436081250000006 0.648363559375 0.3866739203125 0.620374896875 0.3455676828125 0.6298650203125 0.2749496765625 0.6504447375 0.2686268453125 0.664733278125 0.4792097078125 0.785028946875 0.5241878625 1 0.543493478125 1
2 0.41674155468749996 0.60474706875 0.38172513124999996 0.612831246875 0.3864116109375 0.633130625 0.38793406406250003 0.6327791375 0.38887136093749997 0.6368390125000001 0.3903938140625 0.6364875265625 0.393790859375 0.6442557921875001 0.3953133125 0.64390430625 0.3957819609375 0.64593424375 0.39929551406249997 0.6472612078125 0.4002328109375 0.6513210843749999 0.40175526406250006 0.6509695984375 0.40222391249999995 0.6529995343749999 0.40526881875000004 0.6522965625 0.40573746718750003 0.6543265015624999 0.41334973281250004 0.652569071875 0.41288108437500004 0.6505391328125001 0.4311505234375 0.6463213 0.428338634375 0.634141675 0.42681618125 0.6344931609375 0.4235356453125 0.6202835984374999 0.4220131921875 0.620635084375 0.41873265625 0.6064255203125 0.41721020312499996 0.6067770078125 0.41674155468749996 0.60474706875
16 0.8123254843750001 0.303882234375 0.81853180625 0.29603499218749996 0.8520257765625001 0.2883022984375 0.8671390234375 0.34681900312499997 0.8453560296875 0.3497098703125 0.8645627640625 0.34955191406249997 0.8719420124999999 0.36067708125000003 0.86467405 0.2875203484375 0.882474840625 0.281272578125 0.864790559375 0.2810790484375 0.854480303125 0.23642042187499998 0.8774336109374999 0.2247068328125 0.9057881218749999 0.361415625 0.8636019656249999 0.09533583906250001 0.7209573984375 0.102610328125 0.6964816375 0.1146754046875 0.7117140046875 0.19454594375 0.7357211171875 0.18045093125 0.8136018609375 0.1774376796875 0.8082189375000001 0.2235812296875 0.7777698734375 0.23061094999999998 0.77706820625 0.2414636109375 0.8454620921875 0.23208803906250003 0.8536647390625 0.2815095140625 0.8055313937499999 0.2883457046875 0.8107978078125001 0.248643453125 0.8068156046875 0.24528655000000002 0.7932352578125 0.2975988921875 0.8151373718749999 0.3160618609375 0.8123254843750001 0.303882234375