21 0.6742249640625 1 0.7022451828125 0.8561432703125 0.86230940625 0.714437690625 0.855400096875 0.7306435375 0.8602636921875 0.7391118828125001 0.8544479921875 0.7383978046874999 0.8483492828125 0.756015040625 0.82825201875 0.871614965625 0.83505418125 0.8803213359375001 0.8316702796875 0.8838414296874999 0.844429646875 0.884096221875 0.8740823109375 0.706700190625 0.8811674843749999 0.6970752453125 0.88913604375 0.648202915625 0.9124372984375 0.6283091125 0.914191478125 0.6140224625 0.9144102000000001 0.6106384765625 0.6380785484375 0.5373533640625 0.6228145953124999 0.5735231765625 0.6013832140625001 0.5958171078125 0.5655712687500001 0.6150334640625 0.54167373125 0.6173466640624999 0.5035371328125 0.60741663125 0.46825684843750004 0.5742237984375 0.45119990468750004 0.5288380312500001 0.451765925 0.4921754015625 0.43802009374999995 0.48392831562499994 0.3384840984375 0.4612119375 0.3281908859375 0.4809378796875 0.31624211875 0.48209447812499995 0.30105095312499996 0.4776055140625 0.29647036718750003 0.45080585468749995 0.2538219 0.44556928124999995 0.015740078125 0.44379490937500005 0.0149928125 0.4498808921875 0.015198259375 0.4818630703125 0.044594128125 0.48284870468749996 0.1819837125 0.53382643125 0.21268341093749998 0.5402196015625 0.224597821875 0.52331644375 0.23880252500000002 0.5198131140625 0.288887890625 0.5285865484375 0.29491381250000004 0.5516280890624999 0.28440223593749997 0.693330359375 0.65684755 0.8492572812500001 0.635621859375 1 0.6742249640625 1
5 0 0.7753389828125 0.0011174625 0.7568058093750001 0.1928899890625 0.8616879421875 0.1921636390625 0.9612346578125001 0.252785684375 0.968678109375 0.26182936093750003 0.9252508265625 0.2578794390625 0.9654335515625 0.26027070625 0.9695971546875001 0.37576081875 0.98377755625 0.37775320625000003 0.982775921875 0.37176164218749996 0.97548094375 0.3222766546875 0.9457914390625 0.27247429843750004 0.9186866890625 0.2613361296875 0.9212546796875 0.29004890625 0.5351572250000001 0.22850800312500003 0.5315365375 0.2139090703125 0.6504352953125 0.20668239375000003 0.669225896875 0.002502225 0.5772507765625 0.0066280109375 0.5436489531250001 0.0119504796875 0.540366884375 0.0827597015625 0.572674675 0.126712 0.5833187875 0.1558248578125 0.6026357375 0.21302975468750002 0.6175307859375 0.21983599062499998 0.5540852593750001 0.21610036093749999 0.54444355 0 0.47474395625000004 0 0.7753389828125
5 0.6297483671874999 1 0.6365382937499999 0.977802209375 0.6466762203124999 0.8952354218749999 0.639067346875 0.8943011703125 0.617142734375 0.912598953125 0.6037829890624999 0.9332602328125 0.6031826109375 0.9541763031249999 0.6138619078125 0.9633587265625 0.609362925 1 0.6297483671874999 1
5 0.9358336890625001 1 0.9437574765625 0.926137 0.9534564375000001 0.896827096875 0.9902804609375 0.5969194921875001 0.8946585734375001 0.9253558609375 0.864735115625 0.9046275187499999 0.718287434375 0.8472901515625001 0.70425859375 0.8573743828125 0.6815880265625001 0.97790579375 0.6793545234375 1 0.9358336890625001 1
21 0.07422354375 0.561262859375 0.0252661453125 0.5513160609375001 0.0207886328125 0.5717560796875001 0.0293878578125 0.589866134375 0.1842558421875 0.6548622875000001 0.20609970937500002 0.6575443765625 0.2070284703125 0.6575928203125 0.21055772031250003 0.6392665359375 0.2119541390625 0.6278936109375 0.20741862656249999 0.6143492875 0.1356573 0.5897957640625 0.1429183359375 0.586751721875 0.1404865375 0.5825175484375 0.1130292359375 0.581769940625 0.07422354375 0.561262859375
19 1 0.52125893125 0.9031274390625 0.5442686375 0.8375678984375 0.5493375546875 0.7063800984374999 0.527982271875 0.7032064171875 0.5538298265625 0.9176454390625001 0.6103324484375 0.9154238609375 0.6284257390625 0.8909259468749999 0.6516550062500001 0.852318259375 0.8699310765625 0.8865777250000001 0.87938505625 0.8963777046875 0.8556629703124999 0.9115688703125 0.860151934375 0.915587509375 0.851462328125 0.9927591203125001 0.589553540625 1 0.5305813078125 1 0.52125893125
19 0.8459726828124999 0.7337022921874999 0.74399589375 0.8218143140624999 0.7891105171875 0.84703161875 0.8056062046875001 0.850796309375 0.8267875921875 0.8533970578125001 0.8449634187499999 0.74192209375 0.8459726828124999 0.7337022921874999
14 0.831765515625 0.32053968906249997 0.815163371875 0.3355554046875 0.808781653125 0.37150395625 0.8123757765624999 0.390311325 0.795456265625 0.407911796875 0.756895153125 0.42547873750000004 0.7415240515625 0.486560765625 0.76189618125 0.49693332031250004 0.7598848265625 0.5373540718750001 0.80073381875 0.54322240625 0.8243117265625 0.5461174093750001 0.840811396875 0.5433550203124999 0.8453960546875001 0.498002784375 0.8739813234374999 0.4975770296875 0.8771721828124999 0.479602753125 0.8797791359374999 0.4583708296875 0.8762756890625001 0.4388249609375 0.8401848046874999 0.4042207390625 0.850795384375 0.3819100421875 0.8578118390625 0.340791978125 0.8472740484375001 0.3224438984375 0.831765515625 0.32053968906249997
15 0.8549452171875 0.5467302609375 0.917020621875 0.5412991375 0.9787544203125 0.5241171671875 0.978778421875 0.5239216859375 0.8497368078124999 0.4963055953125 0.8448401359375 0.4993250984375 0.8409301609375 0.5311692859375 0.8409576484375 0.543766534375 0.844490175 0.54544654375 0.8549452171875 0.5467302609375
15 0.545899365625 0.48517069062499996 0.5497553875000001 0.45376590937500005 0.5316790234375001 0.4222918921875 0.5004860921875001 0.41190257499999994 0.49893361093750005 0.44057291249999997 0.5114443265624999 0.474905578125 0.5437087875 0.4849017203125 0.545899365625 0.48517069062499996
15 0.58903005625 0.496763409375 0.621129496875 0.5007047250000001 0.6215590765625 0.49720607499999997 0.6186395375 0.48091785 0.57098596875 0.476378590625 0.5693991296875 0.48930236718750003 0.5757080609375 0.49401259218750004 0.58903005625 0.496763409375
15 0.5809825046875 0.4516967390625 0.6037800515625 0.4544959265625 0.6109883296875 0.4550868171875 0.6117144296875 0.44917320937499994 0.6031687796874999 0.4186070453125 0.5838174703125001 0.4319733453125 0.5561843046875 0.4246448328125 0.5557254328125001 0.436395246875 0.5770496656249999 0.4390135328125 0.5809825046875 0.4516967390625
11 1 0.3759322828125 0.9115093234374999 0.3618156796875 0.8858065796875 0.4990289875 0.9853115875 0.5186586828124999 0.9923793125 0.519526490625 1 0.5165901140625 1 0.3759322828125
4 1 0.21939701718750002 0.815189146875 0.20673374687499999 0.8039054015625 0.2906192890625 0.955256759375 0.311892215625 1 0.3173859953125 1 0.21939701718750002
3 0.058080121875 0 0.0154614046875 0.3471015859375 0.06861330624999999 0.35493968124999997 0.098961278125 0.3481710484375 0.10625667187500001 0.3608735640625 0.09962630156249999 0.4308999921875 0.10319293593750001 0.4371101125 0.1148243515625 0.4385382703125 0.122254365625 0.4389258171875 0.29926431249999996 0.4396701171875 0.3059634015625 0.40113680937499996 0.31660833906249997 0.394572671875 0.3592387359375 0.095455103125 0.3843761984375 0.01853731875 0.38506730624999996 0.0129086953125 0.363051959375 0 0.058080121875 0