14 0.157105203125 0.3077185734375 0.15294749375 0.31892360000000003 0.16606759531249998 0.3643048828125 0.185412296875 0.367832553125 0.19054651250000001 0.381520828125 0.1734004609375 0.4106027734375 0.16894319687499998 0.43240175937499997 0.1679845734375 0.5512018484375 0.1773543453125 0.6103602640625 0.05639150625 0.6519302328125 0.040413682812500004 0.682145465625 0.07186594843750001 0.8432714750000001 0.0822074921875 0.8430177656250001 0.096516053125 0.8407515125 0.1593275140625 0.8149174703125001 0.15183290625 0.7488704875 0.1599026890625 0.7436374171875 0.25056939218749996 0.729277221875 0.2529597671875 0.738126821875 0.2442369640625 0.7579647734375 0.2531754234375 0.76445894375 0.250539409375 0.7727863312500001 0.28216551875 0.766458934375 0.29640598749999997 0.7127892218749999 0.31852451406250004 0.67764645625 0.31719454062499997 0.6567640781249999 0.33371755625 0.598777903125 0.3231765609375 0.532224684375 0.2929194484375 0.42858561875 0.23469966874999998 0.348161375 0.23883344687500002 0.2868642078125 0.23475963281249998 0.26114315625 0.2036248015625 0.23311657968750002 0.1669723046875 0.238921765625 0.1537383234375 0.2739756703125 0.157105203125 0.3077185734375
19 0.5093862328125 1 0.8625632078125 0.9440622624999999 0.8898030125 0.921027840625 0.8902403765625 0.8800908375000001 0.9207821515625 0.8357040765624999 0.8967806640625 0.578039934375 0.888788228125 0.5275776828125001 0.8810804796875 0.516368653125 0.7462366890625 0.513996159375 0.7268620046875001 0.5539776 0.38788327968749997 0.673582253125 0.39198707499999996 0.6557941953124999 0.3854689734375 0.6146405140625 0.40068594687500003 0.585864103125 0.40745573906250004 0.516239546875 0.42430223749999996 0.4977515546875 0.38047861875 0.4770079421875 0.34860081875 0.5941135765625 0.3521594234375 0.604096459375 0.3365889828125 0.6368837968750001 0.3216176484375 0.6484832203125 0.319197290625 0.68314273125 0.297078765625 0.718285496875 0.28435999375 0.76907756875 0.24892964218750002 0.78259906875 0.2391225046875 0.7643776578125 0.2489596234375 0.739089959375 0.24311847343749998 0.7334235375 0.1817953328125 0.7457727968750001 0.1780450046875 0.75954993125 0.16606315 0.7588110421875001 0.156309928125 0.7471726609375 0.152505684375 0.7543667625 0.1595929109375 0.8178416421874999 0.051204903125 0.8626458843749999 0.057771054687500004 0.9041029421875001 0.0734179265625 1 0.5093862328125 1
19 0 0.53935085625 0.040926359375 0.79774971875 0.05582533125 0.8029009390624999 0.0610941453125 0.8020664421875001 0.0416964859375 0.71583954375 0.039851303125 0.6792190015624999 0.05278573125 0.6547590515625 0.06547452031249999 0.6474760890625 0.1563868625 0.6159389078124999 0.1482092515625 0.608005915625 0.10606907031249999 0.604133753125 0.103678696875 0.5952841531249999 0.143434553125 0.4967054671875 0.14357374843749998 0.486971840625 0.142431415625 0.4797594375 0 0.5061016765625 0 0.53935085625
15 0.389216725 0.6243956953125 0.3926286953125 0.6704576890625 0.396947690625 0.669773628125 0.6087782390625 0.593575509375 0.619460103125 0.5299229109375 0.6160095250000001 0.48333970312499996 0.6159529453125 0.48298246718750004 0.605471325 0.4728143875 0.5958259296875 0.47434206718749994 0.5562378671875 0.49906859687500005 0.48100379374999996 0.510984503125 0.41682898437500004 0.5053290265625 0.4088670296875 0.5237281578124999 0.4043258703125 0.582453221875 0.389216725 0.6243956953125
15 0.7246878984375 0.5514875703125 0.75425316875 0.4822075078125 0.7543314734375001 0.4477431671875 0.753861196875 0.44477396562499993 0.7317333125000001 0.4211769171875 0.6990468015625 0.43953709375 0.6539949859374999 0.5046784125 0.614782959375 0.585465759375 0.6148841640625 0.58610474375 0.62257251875 0.5865788625 0.63072288125 0.5852879718749999 0.7246878984375 0.5514875703125
15 0.57824671875 0.47464351562499996 0.577404796875 0.4693278328125 0.5625704671875 0.463064375 0.442044990625 0.463697340625 0.42742984218749996 0.5012676328125 0.42749221249999997 0.5016614234375 0.47319939843750003 0.508990728125 0.559721759375 0.49528693281249997 0.577811371875 0.484380103125 0.57824671875 0.47464351562499996
15 0.38209258749999997 0.454736471875 0.378153559375 0.4454729984375 0.30646453125 0.4531361453125 0.30141334375 0.45393617500000005 0.333994353125 0.5724337 0.33643864218749997 0.58786633125 0.3255950359375 0.6317698359375 0.3355321828125 0.6352055390625 0.3361308640625 0.6351107171875 0.379944828125 0.4755105109375 0.3826357640625 0.4581659453125 0.38209258749999997 0.454736471875
15 0.1318859078125 0.52211161875 0.10664009062499999 0.5999357468750001 0.1714592203125 0.6089869109375 0.17714256718750002 0.6080867578125 0.168861890625 0.55580461875 0.1671492015625 0.466021853125 0.165083778125 0.45298128125000003 0.1318859078125 0.52211161875
21 0.7332067828125 0.418306915625 0.7538814578124999 0.44271696250000003 0.7599382640625 0.4747155078125 0.9179849156250001 0.4800045984375 0.940031375 0.7190825515625 0.9440731484375 0.727077353125 0.9550147859375 0.72534436875 0.9353466234375001 0.4772547734375 0.9972180625 0.45307288906250004 0.9884058890625 0.3974350140625 0.89220600625 0.39839716875 0.8767733765625 0.40084145624999995 0.8749521250000001 0.414313053125 0.8575904171875001 0.417062878125 0.8470224312499999 0.4002802890625 0.7157372453125 0.40789067812499996 0.7162524546875 0.4236288453125 0.7332067828125 0.418306915625
4 0.8205099203125 0.3399479890625 0.8471066296875 0.337449290625 0.8613642890625 0.33519109999999996 0.8544246265625001 0.23570287968749998 0.9603392656249999 0.220229334375 0.9292382640625 0.023865334375 0.9265857921875 0.02428544375 0.8104752968750001 0.058099815624999995 0.7695572609375 0.061943967187500004 0.623923778125 0.11005800937500002 0.63446178125 0.1703497109375 0.7069520125000001 0.15359513125 0.7208568953125 0.24762973281249998 0.8073119734375 0.23789153437500002 0.8205099203125 0.3399479890625
7 0.7338864296875001 0.3689114171875 0.714995975 0.2193650296875 0.7045643171875 0.15350212968750002 0.6549441109374999 0.16389284843750002 0.6322564609375 0.17671441875 0.6556089625 0.38658260625 0.669586728125 0.3892953328125 0.6957793453125001 0.38514682968749997 0.7015533859375 0.383260665625 0.7041893984375001 0.374933278125 0.7338864296875001 0.3689114171875
16 0.34415325 0.444925703125 0.3842780890625 0.43857055312500004 0.400542071875 0.47303921562499995 0.441315240625 0.46658137968749996 0.4932171 0.45717445156250003 0.4470248328125 0.17551616406249998 0.3168060453125 0.16239195625 0.287484046875 0.16703610468750002 0.28172316249999996 0.180604353125 0.2875223375 0.24718352968750001 0.31335510625 0.42027341875 0.34415325 0.444925703125