16 0.64661619375 1 0.6566204625000001 0.9159283546875001 0.6789870687499999 0.8623379890624999 0.68434480625 0.797425265625 0.673050990625 0.789010159375 0.6755042390625 0.7421994 0.6956570046875 0.5815756515625 0.70858631875 0.5587835828125 0.714080346875 0.4912702609375 0.7085015859375 0.48576240937500004 0.7105459578125 0.44675344375000003 0.7317890578124999 0.2653249125 0.7445397125000001 0.20862285468750003 0.7565209578125 0.053712084375000003 0.7586614171875 0.012869696875 0.732281603125 0.011487190625000001 0.728860584375 0.0226515734375 0.6345356328125 0.852185165625 0.623735425 0.9089894421875 0.6214230640625 0.897133425 0.60708846875 0.9094208828125 0.5395042343750001 0.8928402406249999 0.5116527921875 0.9018115703125 0.513241328125 0.8901599906250001 0.5010404359375 0.8803934765625 0.46606865781250006 0.87595294375 0.4574067484375 0.8546370671875 0.42175351250000004 0.8631995218749999 0.41168632031249996 0.8313790375 0.40138891250000003 0.8412703359375 0.39476678125000003 0.8370116734374999 0.40039250624999995 0.8229639328125 0.3889154359375 0.8367050171875 0.389004765625 0.8536600125 0.372357809375 0.8540914515625 0.3725834296875 0.8684458484375 0.6191061078125 0.9413435859374999 0.6169698484375 1 0.64661619375 1
16 0.4613279375 0 0.4516897703125 0.0036925078125 0.33453777812499996 0.97024003125 0.33449300625 0.9888830296875 0.3638927578125 0.9904238062499999 0.3764936 0.9906930265625 0.38861435625 0.8713721859374999 0.41369760156249996 0.877902225 0.4060321 0.874892753125 0.41034187031249997 0.8672953968750001 0.40385603124999997 0.8604361359375 0.3766860453125 0.8564044781250001 0.3674320078125 0.8650465859375001 0.3682497578125 0.849443 0.4134765765625 0.8074816484375 0.39062555468750004 0.6837202734375001 0.3962512796875 0.669672534375 0.4173442984375 0.6590431406249999 0.4311429203125 0.5450257125 0.42792348125 0.5318182874999999 0.4330040390625 0.5281729375 0.43622347812499995 0.5413803625 0.4535049296875 0.547501528125 0.4635297546875 0.5428114234375 0.4902908640625 0.5546448765624999 0.658889534375 0.5843426828125 0.6666019999999999 0.5677965625 0.66401705625 0.561141740625 0.613714275 0.5506822609375 0.54739903125 0.5472068265625001 0.42651819843750005 0.5213136765625 0.4391417546875 0.35507985937500003 0.455563090625 0.340294021875 0.4690891296875 0.23147779218750003 0.7040500046875 0.24509543906250003 0.7106297703125 0.21284351406250002 0.710225490625 0.1645791265625 0.70305819375 0.17072285625 0.701695278125 0.196728834375 0.694255396875 0.208073759375 0.4546228375 0.1902996671875 0.466531059375 0 0.4613279375 0
2 0.6125389734375 0.90644685625 0.631931584375 0.8710851984374999 0.648022925 0.7207838718749999 0.6495431593750001 0.6917760609375 0.6172958265624999 0.6838647250000001 0.5955213484375 0.707497109375 0.5928894437500001 0.720397878125 0.57763398125 0.8995324671875 0.6115985937499999 0.9063975734374999 0.6125389734375 0.90644685625
2 0.5923539890625 0.709156534375 0.609379359375 0.6819120453124999 0.6094809375 0.6799738343749999 0.5813797187499999 0.6759846406250001 0.5558406375 0.6968119890625 0.5382258515625 0.8836461531250001 0.548011584375 0.893677253125 0.5728838640625 0.8949807546875 0.5923539890625 0.709156534375
2 0.5332367609374999 0.885079715625 0.53790625625 0.8813476296875 0.5528891359375 0.7074142359375 0.5717924562500001 0.6825882859375 0.5719777125000001 0.6790534015625 0.54803879375 0.6693478046875 0.516375784375 0.695069690625 0.501529196875 0.8664024859375001 0.5074698703125 0.8836641359374999 0.5086855046875 0.8837930390625001 0.5332367609374999 0.885079715625
2 0.5025105453125 0.8747334921875 0.5056876171875 0.8514303312499999 0.5179023 0.6929983046875 0.5428363671875001 0.6678547328125 0.54288843125 0.6668613031249999 0.510692634375 0.6626314468750001 0.48320310468749994 0.683356575 0.467675059375 0.8676923593750001 0.49604211875 0.87687185 0.49682228593750005 0.8769127375 0.5025105453125 0.8747334921875
2 0.4615497921875 0.8474221343749999 0.46831383125 0.8359114046875 0.4736837171875 0.7334478515625 0.4542176234375 0.6514573359375 0.39134744062500004 0.6755437234375 0.42344790468750004 0.8467291703125 0.4277107125 0.85868740625 0.4365558765625 0.8578470906250001 0.4615497921875 0.8474221343749999
2 0.6885078609375 0.366257971875 0.688810871875 0.36047617656250003 0.64760388125 0.3518579046875 0.6291238078125 0.544007075 0.6286514890625 0.5530194390625 0.65539389375 0.558212465625 0.665214846875 0.5587271609375 0.6885078609375 0.366257971875
2 0.6282788171875 0.54147095 0.638576025 0.42335841093750004 0.641242684375 0.37247549687500003 0.6032093609375 0.3667423734375 0.5979925109375 0.3729883203125 0.5831459234375 0.5443211156250001 0.6086263078124999 0.547938259375 0.612933540625 0.5481639921875 0.6282788171875 0.54147095
2 0.514726778125 0.517548259375 0.5230730625 0.3582916546875 0.48775554374999996 0.35764932968749996 0.4748594046875 0.52908434375 0.496771146875 0.5326883125 0.49843984218750004 0.5327757656250001 0.514140953125 0.5259275203125 0.514726778125 0.517548259375
2 0.5570659874999999 0.36648223281250003 0.53034436875 0.36135903593749996 0.514590703125 0.5313404234375 0.5345280515625 0.5362317125 0.541758009375 0.5366106187499999 0.55548195 0.3967074546875 0.5570659874999999 0.36648223281250003
2 0.5951721953125 0.41560745781249997 0.5976723140625 0.3679023484375 0.5590568453125 0.362081471875 0.5429002046875 0.5397997671875 0.579102909375 0.5416970703125 0.5839900109375 0.5394106453124999 0.5866219171875 0.5265098765625 0.5951721953125 0.41560745781249997
2 0.475709184375 0.51007064375 0.4861585203125 0.37599366875 0.48716745625 0.3567420203125 0.444106925 0.34803839999999997 0.426539103125 0.5153169703125 0.4295324609375 0.5197766171875 0.45943933281250005 0.5213439703125 0.47230649218750004 0.51901940625 0.475709184375 0.51007064375
2 0.696852490625 0.17717775625 0.681159575 0.1594050125 0.5492998765625 0.15640615 0.5475280859375 0.1902139203125 0.5503400296875001 0.194403284375 0.69555090625 0.20201346406249998 0.696852490625 0.17717775625