19 1 0.43709001406250003 0.9672588515625 0.31575527187499997 0.9010933171875 0.325396178125 0.8687571437500001 0.393373328125 0.6767297171875 0.43134676406250005 0.6681740296875 0.44846742656250005 0.6830699296875 0.507832828125 0.638869271875 0.50889223125 0.5382068484375 0.533168615625 0.5182027515625001 0.6207576640625 0.534382184375 0.718871603125 0.557298453125 0.8043962859375 0.57960195625 0.8159442859375 0.6890909671875 0.7906508421875 0.726432303125 0.945103196875 0.7316883625 0.9507045234374999 1 0.8788106375 1 0.43709001406250003
5 0.184381903125 0.3765033671875 0.246045525 0.512306440625 0.258983884375 0.5304078734375001 0.2800070953125 0.5409509109374999 0.27692092343749997 0.69545165625 0.2827096109375 0.6264997890624999 0.3048744234375 0.5922524124999999 0.31626159062500003 0.5932452765625 0.3330440640625 0.6521051734375 0.32785193437500004 0.60631584375 0.3362721703125 0.5811433781249999 0.3742607421875 0.6825126828125 0.37459604375 0.6824228390625 0.3535899609375 0.5967233281250001 0.35904650781249997 0.583129109375 0.3731974328125 0.598209603125 0.373397365625 0.5725437296875 0.38161766875 0.5730371359374999 0.368679309375 0.55493570625 0.3638935296875 0.5333017828125 0.37413585625 0.5413414859375 0.3915181296875 0.5232037625 0.40667844531249997 0.523185615625 0.3938078109375 0.5091100843749999 0.36840516874999996 0.501088528125 0.3688760015625 0.49152625624999996 0.398522625 0.4889745328125 0.408968128125 0.5090919375 0.409239028125 0.525195540625 0.42069392031249997 0.53021430625 0.421097028125 0.5166261359375001 0.406136646875 0.490978409375 0.419759625 0.47824251562500003 0.4076578125 0.43307793749999995 0.40370503125 0.4215331328125 0.33059948281249996 0.43168559531249995 0.33316330625 0.471439096875 0.31395570156249997 0.41862107656249997 0.27938460468750004 0.3537435015625 0.184381903125 0.3765033671875
5 0.35849891718750004 0.4020351015625 0.348843753125 0.366001540625 0.336918028125 0.3705450453125 0.332335421875 0.360988825 0.312795675 0.3635284515625 0.32457324062500004 0.411125459375 0.35849891718750004 0.4020351015625
5 0.5028285984374999 0.5630032296875 0.513406309375 0.5534288609375 0.5249523218750001 0.5790478546875 0.5260440546875 0.578755325 0.529979125 0.5247239031250001 0.5414340171875 0.52974266875 0.5555817015625 0.5070795859375 0.565959478125 0.5231710921875 0.5848252171875 0.5181160328125001 0.58260001875 0.498492034375 0.5869794500000001 0.4959705546875 0.6042972390625 0.5115505046875 0.5852928078125 0.47081018593749996 0.5848832171875 0.40891120625 0.5731920625 0.32037876249999997 0.5670248890625 0.2973625609375 0.5652660203125001 0.29419420625 0.4583375921875 0.3214975765625 0.48233746093749996 0.471436671875 0.47694863906249996 0.48905679218750003 0.501745 0.49858881874999994 0.5028285984374999 0.5630032296875
9 0.3610831234375 0.407543540625 0.3988146015625 0.397433421875 0.4006070078125 0.39884036875 0.40966257187500005 0.3964139375 0.4150954015625 0.394427996875 0.4089933828125 0.371654953125 0.4065608296875 0.369745525 0.39982075 0.34459120625 0.40097268750000004 0.3417213140625 0.4009052875 0.341469771875 0.39719244374999996 0.33855537812500003 0.37644013125 0.34411594375 0.37387955 0.34210601875 0.343088084375 0.3517045828125 0.35724225 0.40452865156250006 0.3610831234375 0.407543540625
21 0.386762628125 0.42263539375 0.39363491562499997 0.4180979390625 0.41109951406249995 0.41705795781250005 0.46912109218750003 0.40151112187500004 0.46820134375 0.39339986875 0.4667859265625 0.3881174625 0.4638412578125 0.38580604687500003 0.378271425 0.40603838437500006 0.32342533281249997 0.41264625468749994 0.3121736140625 0.4197051921875 0.3193845265625 0.4352972390625 0.386762628125 0.42263539375
2 0.4477236234375 0.3796102328125 0.44516304218749997 0.37760030625 0.44213162656250005 0.38515265 0.4443919703125 0.3903434609375 0.46433305625 0.3850002640625 0.46207512968750003 0.3765735671875 0.4590430671875 0.376577196875 0.45648248437500005 0.3745672703125 0.45459591093749996 0.37507277656250004 0.4533833453125 0.3780937140625 0.4477236234375 0.3796102328125
21 0.19800219375 0.4501625296875 0.20440364843749997 0.45518734375000003 0.206290221875 0.4546818375 0.2088508046875 0.4566917640625 0.22017024687500003 0.453658728125 0.2204733890625 0.45290349531249996 0.21946237656249998 0.4491303453125 0.217541940625 0.4476229015625 0.216193925 0.44259203906250005 0.210466478125 0.44008265625 0.2085799046875 0.44058816093750003 0.2073673390625 0.44360910000000003 0.20480675625 0.4415991734375 0.203594190625 0.4446201125 0.19793446875 0.4461366296875 0.19732818593749998 0.4476470984375 0.19800219375 0.4501625296875
21 0.26065310625000004 0.5489002265625 0.26469715312500003 0.56399281875 0.2634845875 0.56701375625 0.2702246671875 0.592168075 0.2690121015625 0.5951890125 0.27079822187499997 0.60185490625 0.27645794375 0.6003383890625 0.27534583125 0.5961879265625 0.2770969546875 0.58763061875 0.2757489390625 0.5825997562499999 0.27750006250000003 0.5740424484375 0.2754780390625 0.566496153125 0.27626620625 0.5645325421875 0.26838031406249996 0.5351019921875 0.2654356453125 0.5327905765625001 0.263549071875 0.5332960828125 0.2609884890625 0.53128615625 0.2584956328125 0.5333021296875 0.261865671875 0.5458792906250001 0.26065310625000004 0.5489002265625
21 0.60180564375 0.449804990625 0.6043662249999999 0.451814915625 0.620406965625 0.5041334796875 0.624921846875 0.5096638 0.6349609984375 0.5056258 0.6020700609375 0.39042144218749997 0.5981614625 0.383380653125 0.5999803109374999 0.378849246875 0.6301654937500001 0.3707611515625 0.6331969078124999 0.36320880624999996 0.631174884375 0.3556625109375 0.6254474375 0.353153128125 0.57949565625 0.3627698390625 0.5776768078125001 0.3673012453125 0.588460934375 0.40754815468750005 0.5910215171875 0.40955808125 0.60180564375 0.449804990625
3 0 0.5652602765625 0.016032765625 0.625095375 0.0324733734375 0.626082190625 0.0717012828125 0.7800290390625 0.0815097421875 0.796542696875 0.0862805171875 0.795264371875 0.17289902343750002 0.7124727109375 0.1386828 0.58232348125 0.11992409531249999 0.5123150421875 0 0.538091171875 0 0.5652602765625