4 0.641948834375 0.6884020453125 0.9924973921875001 0.72357410625 0.9988956328124999 0.5403524546875 0.654375146875 0.5116447078124999 0.641948834375 0.6884020453125
4 0 0.630898721875 0.2776488515625 0.653270925 0.314850103125 0.654570021875 0.3256110125 0.47944826718750005 0.001463359375 0.449367353125 0 0.49127247812499997 0 0.630898721875
4 0.0753488921875 0 0.0732227296875 0.18530460937499998 0.11487557968749999 0.20135138125 0.369263765625 0.2218304171875 0.38932242499999997 0.22253088124999998 0.401695821875 0 0.0753488921875 0
4 1 0.05178181093749999 0.607510590625 0.018041803125 0.6010462765625 0.0240698734375 0.60046461875 0.0407263875 0.6043494828125 0.06379268593750001 0.6104502609375 0.0681749359375 0.8161383750000001 0.0878653421875 0.78438519375 0.459900471875 0.7912477390625 0.487239959375 0.814307425 0.4984682375 0.9997681203125 0.5153676843749999 1 0.50872751875 1 0.05178181093749999
21 0.9828443874999999 1 0.9925655546875 0.721622171875 0 0.6309511015625 0 0.9812809359375001 0.536043878125 1 0.9828443874999999 1
6 0.4136439125 0.46571533125000003 0.41571441093750006 0.4511954125 0.41110247343750006 0.4489497546875 0.3209689234375 0.43329460312499996 0.0433041796875 0.415259925 0.0024858046875 0.42008832500000004 0.001467903125 0.44923722499999996 0.9988229265624999 0.54243451875 0.9998408281250001 0.51328561875 0.8236767140625 0.49879542031249996 0.7835854125 0.4828031796875 0.6136674921874999 0.46853110156250005 0.6178431859375 0.48326914375 0.5771702249999999 0.48393341406249996 0.4136439125 0.46571533125000003
5 0.325024809375 0.49623490937500003 0.3162305453125 0.6585268578125001 0.3520007390625 0.6639451875 0.35280051874999996 0.6410424796874999 0.359337540625 0.6329323453125 0.4934125609375 0.6438681578125001 0.6054804921875 0.6582046734375 0.60741651875 0.685111546875 0.6420619265624999 0.6863213921875 0.6513883765624999 0.507631775 0.618668571875 0.504404571875 0.6163799515624999 0.5251706828125 0.4822322234375 0.5163169359374999 0.365406940625 0.50389889375 0.364645171875 0.4809416578125 0.3319253671875 0.47771445312500005 0.325024809375 0.49623490937500003
13 0.530635671875 0.5181375109374999 0.5744406125 0.5229244046875 0.613557390625 0.5242903921875001 0.6167389437499999 0.5148904937500001 0.6169570656250001 0.5086443 0.566842109375 0.511063453125 0.414319340625 0.49114501875 0.40175424687500005 0.49279083906250004 0.4013907109375 0.5032011609375 0.4620729671875 0.511574040625 0.529364953125 0.509754721875 0.5355384390625 0.512054909375 0.530635671875 0.5181375109374999
13 0.39566046875 0.667293846875 0.6077401890624999 0.683038246875 0.6055622875 0.65586235 0.396751078125 0.6360628828125 0.39566046875 0.667293846875
13 0.6117387546875 0.568394415625 0.39980444843749996 0.5484858874999999 0.3997664359375 0.59434583125 0.5753949390625 0.6073841609375 0.610339475 0.6086044515625 0.611739090625 0.5685247140625 0.6117387546875 0.568394415625
20 0.42714588437499995 0.4470345375 0.4160696328125 0.45081695312500003 0.4108760375 0.4652278109375 0.5753721140625 0.479180265625 0.6173484890625 0.4806461140625 0.5970638046875 0.46130661406250006 0.42714588437499995 0.4470345375