21 1 0.52867725 0.8966288406249999 0.5001257859375 0.8753612531250001 0.5217614015625001 0.684192984375 0.49016875000000004 0.596753615625 0.46417347031249995 0.5796438453125 0.4442327796875 0.36837997499999997 0.4006348421875 0.0549259640625 0.351710859375 0.0442463234375 0.3582896390625 0.0453366328125 0.3880985 0.0593688796875 0.40749654062499996 0.21080942500000002 0.49343281406250006 0.08388081875 0.9343402671875 0.1254273953125 0.94166605 0.206676653125 0.714828665625 0.2541748546875 0.5624279999999999 0.271457996875 0.5273969859375 0.5386724765625 0.66759488125 0.6940057734375 0.7584484953125 0.6831577703125 0.8559628890625 0.6551917234375 1 0.760271590625 1 0.783269003125 0.8820770890625 0.78824705625 0.88083938125 0.7887922109375001 0.8957438109375 0.7790245015624999 0.9511392484375 0.7875335390625 0.956870565625 0.8206477453125001 0.8590513609375 0.8888017312500001 0.8414521374999999 0.9471829968750001 0.8432844421875 1 0.5437443296875 1 0.52867725
11 0.6910728890625 0.33417584218749996 0.6995052609375 0.43932082968749997 0.8104098265624999 0.462710590625 0.8840195640624999 0.47568997343749997 0.9421561781250001 0.3319082140625 0.9983317796875 0.094303253125 0.98366769375 0.08748663437500001 0.616005259375 0.1030457671875 0.5797368625 0.2997359921875 0.6910728890625 0.33417584218749996
9 0.7918146375 0.5006834640625 0.857325409375 0.513821384375 0.87939643125 0.5177131015625 0.9568906015625 0.356322096875 0.9566212500000001 0.33141780625 0.9562686171875001 0.3313556265625 0.9399642171875 0.35333751874999997 0.8754479375 0.49427554999999995 0.8374323468749999 0.4939187921875 0.7815834484375 0.4777247078125 0.7789593859374999 0.48360843124999997 0.7918146375 0.5006834640625
2 0.6774425515625 0.43847156875 0.6671246765625 0.44299866562499995 0.6090134843749999 0.4306366234375 0.5899164984375 0.43996214218749996 0.5851218328125001 0.45815596249999996 0.6927706546875 0.48956575312500006 0.71725344375 0.4938827296875 0.7271414078125 0.48954426093750003 0.78715313125 0.500125946875 0.785522675 0.491376565625 0.752663515625 0.47077430312499996 0.7440627828124999 0.45656492968749995 0.6774425515625 0.43847156875
5 0.0963654234375 0.8287847781250001 0.138442128125 0.743123265625 0.156125759375 0.686584265625 0.15671429375 0.6832465265625001 0.1578908640625 0.6598182453125 0.017210334375 0.9209978578125 0.0329119296875 0.9237664734375001 0.036730493749999996 0.9240431375 0.08079942343749999 0.845079321875 0.0963654234375 0.8287847781250001
5 0.141517334375 0.625463503125 0.157691415625 0.6443136875000001 0.16215141875 0.6451001062499999 0.1666826828125 0.6447091375 0.21074159374999998 0.4938175046875 0.11723386250000001 0.4392510703125 0.11344282187500002 0.514739603125 0.1222319515625 0.5818689984375001 0.141517334375 0.625463503125
3 0.5463325484375 0.2642293015625 0.55392965625 0.22114396093750002 0.5715695546874999 0.1480973578125 0.605330628125 0.14558845781250002 0.6130194296875 0.110981175 0.518426396875 0.0625697890625 0.1696290171875 0.091195009375 0.15439666093749999 0.16550382187499998 0.28619005625 0.20989727343750003 0.2970530859375 0.22027460625 0.3061172953125 0.3128381734375 0.31707201875 0.3316935609375 0.3117372078125 0.370946859375 0.3169008 0.3947308828125 0.5426310828124999 0.43453322187500004 0.5480747328125 0.425312375 0.55050038125 0.2945808125 0.5696890609375 0.29373335 0.574213653125 0.28606926875 0.5656129203125 0.2718598953125 0.5463325484375 0.2642293015625
5 0.1007887015625 0.15459690312500002 0.11093320468750001 0.20504151093749998 0.1137606921875 0.3599695375 0.3137997671875 0.39524182343750003 0.305724153125 0.25208124375 0.2945860421875 0.21626974062499998 0.10839081875 0.147475471875 0.1007887015625 0.15459690312500002
5 0.3966112953125 0.987367615625 0.4147146734375 0.9926752015625 0.39123641249999996 0.7389096421875 0.399200296875 0.7297365296875 0.46726258749999994 0.7036592500000001 0.47549654375 0.6839563984375 0.357817071875 0.5955112234375 0.325859825 0.5517978015625 0.27064276875000004 0.5230222953125 0.24404036875 0.583911209375 0.19871276875 0.7240017796875 0.1932862640625 0.7547770218750001 0.197179015625 0.7596943609375 0.201158453125 0.7371258515625 0.231113459375 0.70221375625 0.2372685078125 0.7032990578125 0.22677726250000002 0.762797859375 0.20713512343749999 0.7572189484375 0.2022487640625 0.7669347109375 0.2065949765625 0.7782784265625 0.1885832921875 0.781448896875 0.1842370796875 0.77010518125 0.17754188437500001 0.7900793609375001 0.176094815625 0.798286090625 0.1876813796875 0.8045600593750001 0.2035274703125 0.8496635937500001 0.191135696875 0.9109427531250001 0.205708090625 0.9092813156249999 0.21656610937499998 0.8836947390625 0.2333141140625 0.9056871140625 0.22090731406250003 0.8590745453125 0.23637661250000003 0.7983380375 0.253843140625 0.7802631375 0.257104053125 0.7977619015624999 0.23585149218749998 0.92728924375 0.23621826875 0.9612014703125 0.2577609375 0.9650000234375 0.2725983953125 0.9168449375 0.33078625625 0.8297933109375 0.381208646875 0.8767626359375 0.3966112953125 0.987367615625
5 0.5745774328125 1 0.6123747140625 0.8434819265625 0.6704758890625 0.7839161515625 0.6897562625 0.791546746875 0.69780683125 0.75488778125 0.6027603390625 0.700050021875 0.585110421875 0.701168809375 0.5776866843749999 0.68928244375 0.544103990625 0.6727835484375 0.4442928859375 0.8519230625 0.44176051562499996 0.8662848421874999 0.45325538437499996 0.8640807546874999 0.508274028125 0.7680084203125 0.536873659375 0.7497811125 0.57325879375 0.7413884890625 0.5950865640624999 0.8425490312499999 0.5627349625 1 0.5745774328125 1
5 0.694775921875 0.43914800468750004 0.69539774375 0.35463876562499996 0.6897828421875001 0.332493984375 0.558425709375 0.2929372703125 0.55371325625 0.29210633750000004 0.5465862718750001 0.298782678125 0.5454336296875 0.43978719843749997 0.5846427796875 0.4467008296875 0.6136749906250001 0.4311941390625 0.66526936875 0.444522565625 0.694775921875 0.43914800468750004
3 0.5108017984375001 0.7081631796875001 0.5150260046875 0.7089080203125 0.5268660703125 0.707558103125 0.5453262062500001 0.674850096875 0.33287532343750004 0.557001334375 0.3322434828125 0.56958275625 0.3571387578125 0.59935813125 0.5108017984375001 0.7081631796875001
19 0 0.8722656125 0.0164177390625 0.8760365359375 0.046102671875 0.85165418125 0.0546983953125 0.829899646875 0.091236865625 0.62267968125 0.08218267343749999 0.6020439343749999 0 0.5319387296875 0 0.8722656125