4 0.7651346609375 1 0.8467505875000001 0.76950161875 0.8449188421875 0.758226678125 0.706931290625 0.6996847703125 0.325199690625 0.5607340656249999 0.3177617546875 0.5522706000000001 0.325202284375 0.5305392046875 0.3390023359375 0.521295965625 0.37598048125 0.5161064515625 0.45144343593749997 0.5363266906249999 0.6648939421875 0.6150888343750001 0.684302778125 0.5728392578125 0.678159975 0.54746821875 0.6195155890625 0.5188135515625001 0.324565090625 0.41821355000000004 0.2813228171875 0.55544776875 0.283046203125 0.57316415 0.3066551421875 0.5816469734374999 0.3111803265625 0.613055046875 0.24820154374999998 0.8420580265625001 0.61357969375 1 0.7651346609375 1
6 0.7930513515625 0.589576603125 0.781408125 0.5907704593750001 0.7075627890625 0.564513184375 0.7016341125000001 0.556454125 0.7045468640625 0.533509515625 0.6248812125 0.492751740625 0.48408926875 0.4507130015625 0.438489009375 0.42771032187499997 0.32130600625 0.39415440468749996 0.2575946375 0.36629886875 0.249509134375 0.366289190625 0.24659638281250001 0.3892338 0.61291290625 0.5132699203125 0.6810436921874999 0.5487801125 0.682767078125 0.5664964968749999 0.6742481359375 0.5922525828125 0.682225278125 0.5987037015625 0.827675496875 0.6525051453125 0.863968440625 0.6622298109375 0.8736844640625 0.6629459890625 0.8755188031250001 0.6440260703125 0.8498639921875 0.606956328125 0.8035103984375 0.5686540156250001 0.7924063796875 0.567835528125 0.7930513515625 0.589576603125
6 0.8600523921875001 0.7560808265625 0.86490525 0.7379697171874999 0.83709620625 0.678754496875 0.3794708046875 0.5151544578125 0.3348380046875 0.5247633890625 0.324056471875 0.5348154390625 0.3186644078125 0.5549388921875 0.8600523921875001 0.7560808265625
5 0 0.78095414375 0.0095965453125 0.7847292859375 0.0451711984375 0.8028887859375 0.036218815625 0.8544106390625 0.0466057734375 0.8621814734375001 0.0513615125 0.8634557703124999 0.059396909374999994 0.8584643640625 0.08560389375 0.7425474578125 0.12473627031250001 0.7595034218750001 0.11589224843749998 0.8045838328125001 0.1340033578125 0.809436690625 0.1763891265625 0.602954559375 0.2128384375 0.47899795 0.2033520359375 0.47214242500000003 0.21014499843749998 0.45886481718749994 0.219200553125 0.46129124531250004 0.2240534109375 0.4431801375 0.21251854374999998 0.4379325515625 0.1918197640625 0.43669998125 0.17952897031249998 0.44634762656250004 0.171012621875 0.441908853125 0.167238178125 0.4559952703125 0.15699585 0.464034975 0.1462169109375 0.44389216249999996 0.1305825203125 0.4720553203125 0.11969522031249999 0.45835394999999995 0.1284282875 0.44990984218749996 0.094577021875 0.449466725 0.0803461234375 0.4542808671875 0.081207815625 0.463139059375 0.0637416796875 0.48002727656250005 0.032047239062499996 0.47153477656250004 0.02471506875 0.48682473125000003 0 0.483785428125 0 0.78095414375
21 0 0.4997147375 0.131302153125 0.4874807234375 0.15793738906250002 0.406187775 0.0213507375 0.3544917125 0 0.4341737515625 0 0.4997147375
4 0.14072656875 0 0.0969858296875 0.1748473234375 0.218972190625 0.2176435890625 0.24295524531249998 0.22406982968750003 0.2519003125 0.218513359375 0.2998896765625 0.0394146109375 0.1664418375 0 0.14072656875 0
18 0.127649034375 0.3441513984375 0.195996540625 0.366778709375 0.2419218796875 0.370457065625 0.2315737859375 0.35474335 0.2065639484375 0.33941468124999996 0.0441031703125 0.2937266234375 0.034291690624999996 0.306195421875 0.0402203671875 0.3142544828125 0.1055493546875 0.33607298281250003 0.1273265484375 0.3332808640625 0.127649034375 0.3441513984375
4 0.5172079484375 0.1942976046875 0.46727588593749997 0.3987577109375 0.485601121875 0.42092254531249995 0.50694746875 0.41370132968749995 0.5260286296875 0.42097093750000003 0.49443995625000003 0.43623185624999994 0.4988593734375 0.44388651250000005 0.5391503046875 0.46519695937499994 0.558393346875 0.47035311718750006 0.5661284671875 0.4705385140625 0.597183121875 0.39690021875000003 0.6470042312500001 0.2290764125 0.637626190625 0.215779446875 0.5289595359375 0.1866623046875 0.5172079484375 0.1942976046875
13 0.2079155875 0.5275554609374999 0.22483992343749998 0.5428744515624999 0.25887645937500003 0.55671256875 0.272179659375 0.5602771515625 0.298367959375 0.4978714671875 0.3158392828125 0.4205935296875 0.2445816171875 0.3907159703125 0.23283003125 0.39835126875000004 0.23768029531249998 0.41043502031249995 0.2079155875 0.5275554609374999
20 0.27480309375 0.3684834328125 0.24138267343750003 0.3724694109375 0.2518391265625 0.3817416859375 0.3646027140625 0.40764294687499997 0.35921324375 0.397571540625 0.27480309375 0.3684834328125
10 0.7014195875 0.5280883109375 0.7158701984375 0.4912502609375 0.7676158531249999 0.5094291171875 0.7730079171875001 0.4893056640625 0.7389425234375 0.47155056718750005 0.7373274984375 0.44739274375000004 0.6538874015625 0.42072138593749997 0.630701528125 0.5072522421875 0.6612638796875 0.5173286218750001 0.7014195875 0.5280883109375