8 0.0537334515625 0.43865360000000003 0.058374684375 0.43699270625000003 0.07399065625 0.361443071875 0.10481232656249999 0.3605393296875 0.12043237343749999 0.2914320453125 0.0431078578125 0.26571154375 0.023451704687499998 0.344548071875 0.033560309375 0.3492155421875 0.012892073437500002 0.42565261718749997 0.0380988 0.43475544375 0.0537334515625 0.43865360000000003
12 0 0.618938940625 0.045864240625000004 0.6292606703125 0.044888834375 0.684842378125 0.051191853125 0.6892319812500001 0.054782034375 0.6901271140625 0.062049420312500006 0.6547672046875 0.0671016859375 0.6538797656249999 0.08727406875 0.5923488406249999 0.12507436562500002 0.4407401328125 0.06291479531250001 0.42524201250000004 0.0502902453125 0.43712414062500005 0.0169363296875 0.4288080765625 0.014400009375 0.4131459171875 0.0083356609375 0.4116339046875 0 0.4440088796875 0 0.618938940625
8 0.8345390140625 0.56623305 0.860816496875 0.5706376515625 0.8749286078124999 0.5140370671875 0.8046805234375001 0.4922280296875 0.7860201515624999 0.547694603125 0.8047212765625 0.5566515421875 0.7855569 0.6141395671875001 0.8153787124999999 0.6301634265625 0.8345390140625 0.56623305
1 0.8901949515625001 1 0.943311459375 0.7822989 0.9104533984375 0.75907668125 0.8720431421875 0.7452057062499999 0.847765371875 0.706945903125 0.81591939375 0.6861231390625 0.765380440625 0.6692281390625 0.7315062203125 0.6371641171875 0.5622084734375 0.5928063359375 0.523790065625 0.5660506578125 0.49245624218749995 0.5560911468749999 0.470231165625 0.56772670625 0.38432228125 0.5506014390625 0.291336965625 0.529564709375 0.2579749 0.508363940625 0.23068533281249998 0.5015598875 0.17057845625 0.535957128125 0.1120080421875 0.60294413125 0.0892952625 0.6423705453124999 0.119621078125 0.6563729546875 0.12569357812499998 0.6707696703125 0.0919090125 0.7804373765625 0.0773091984375 0.864828815625 0.0788538125 0.9103032765625001 0.43860772187499997 1 0.8901949515625001 1
12 0.7174397078125 0.616077465625 0.738177225 0.6491603609375 0.7649709375 0.670870565625 0.8124777171875 0.6870095593750001 0.839775434375 0.706698315625 0.8507409546875 0.7243279140625 0.8602046578125 0.72668748125 0.8670731515625001 0.726387071875 0.884729590625 0.6814057453125 0.8887534718750001 0.6523494484375 0.7244998390624999 0.5942195234375001 0.718439565625 0.5991498640625 0.7174397078125 0.616077465625
2 0.8653327624999999 0.6410080359375 0.8572854968750001 0.6300105953124999 0.8234235015625 0.6172736296875 0.8214074859375 0.6253594265625 0.832528175 0.63242635 0.8389718 0.634435509375 0.8653327624999999 0.6410080359375
15 0.3043636390625 0.3546023484375 0.2832036234375 0.452387928125 0.2817079125 0.48422168125000004 0.2731235453125 0.4928169171875 0.26959959218749996 0.5134094140625 0.282740371875 0.5188328890625 0.2847686140625 0.5300741453125 0.3059938328125 0.5353661875 0.4651789 0.568614146875 0.48033569531250003 0.565951825 0.48485950468750005 0.5284317265625 0.5373492703125 0.43416330781249995 0.4443680296875 0.4195689296875 0.3043636390625 0.3546023484375
15 0.18692011875 0.5217811140624999 0.1879533203125 0.5220387203125 0.22670815156250002 0.5045941 0.2726906921875 0.5074703875 0.2848112375 0.497609709375 0.30345938437500003 0.42281608125 0.29941105156250003 0.4132182703125 0.3059427265625 0.354727671875 0.35850584531249996 0.37642157656249997 0.3807512984375 0.3969977734375 0.467680415625 0.42940719375 0.47977651093749996 0.3808924078125 0.3387804125 0.3457381328125 0.2609396671875 0.30271202656249996 0.25183499375 0.28755930625000004 0.20244260781249998 0.48566135 0.18931812812499998 0.5060072796874999 0.18692011875 0.5217811140624999
15 0.5438108953125 0.4147058390625 0.5372547703125 0.43454232968750006 0.5378036015625 0.5033867453124999 0.5262196609375 0.562764784375 0.5572908234375 0.5931905625 0.714827709375 0.6324689203125 0.7202584296875 0.5789374078125 0.76011549375 0.48366641406250005 0.6853313734375 0.480050421875 0.63125624375 0.4644208640625 0.5589799171875 0.4313705703125 0.5438108953125 0.4147058390625
15 0.5085150890625 0.38188479218750004 0.506523525 0.42862469843750006 0.5413894515625 0.43087641562499995 0.5433973171875001 0.4099059140625 0.5085150890625 0.38188479218750004
15 0.5953975078125 0.4403163 0.6247071656250001 0.44547690781249993 0.6535250453125 0.4719860171875 0.67563585 0.479377584375 0.7073599578125 0.48728729218750005 0.7187127140625 0.48179779375000004 0.7277970109375 0.46473875781249996 0.725260690625 0.4490765984375 0.6934310124999999 0.45402323906250003 0.563551528125 0.4194935359375 0.5953975078125 0.4403163
15 0.568107940625 0.433512246875 0.5938854953125 0.44638064843749997 0.6065141203125 0.440940871875 0.628362334375 0.4611496375 0.6879499671875 0.476006503125 0.6964754125 0.47410629843749996 0.6919230765625 0.4665299390625 0.6964631875 0.4547792453125 0.6272312609374999 0.4418120109375 0.5691077984375 0.4165846453125 0.568107940625 0.433512246875
15 0.49642934843750003 0.54661458125 0.51348788125 0.5548935875 0.52556919375 0.557905796875 0.5302872671875 0.5529091984375001 0.5398551921875 0.50161695625 0.5403347453125 0.46094139843750004 0.5266899609375 0.457539371875 0.49086085312499994 0.53019641875 0.49642934843750003 0.54661458125