19 0.8977179578125 1 0.9501618374999999 0.7728406 0.8438257421875001 0.7333240437499999 0.8165354812500001 0.7612337265625 0.8041176140624999 0.8011295078125 0.616273321875 0.7256902328125 0.5390916328124999 0.7613247734375 0.505711559375 0.7878285140625 0.4924755171875 0.8104303359375 0.44514467656249995 0.987658903125 0.4506057421875 1 0.8977179578125 1
21 0.6217805890625 0.6948896812500001 0.68595664375 0.7225346921875 0.68147455625 0.7487611234375 0.6822650609375 0.7489436265625 0.68841378125 0.7466214375 0.6946227140625 0.7266735453125001 0.8102100390625001 0.7747403187499999 0.8383210859375 0.7363294609375 0.8824722296875 0.74652255625 0.9103502593749999 0.6952290999999999 0.9091799453125 0.6864063765624999 0.8933702546875001 0.67848015625 0.8396157437499999 0.66820808125 0.8311826906249999 0.6769518265625 0.8069399484374999 0.6777693484375 0.8363325968750001 0.7102127796875 0.8284847 0.723367884375 0.8177110187500001 0.7144661828125 0.7522455296875 0.699352284375 0.7233215296875 0.6648789171875 0.728010621875 0.6167844062500001 0.7135181859374999 0.6118349640625 0.7078089890625 0.6105168921875 0.5892265250000001 0.6553019812499999 0.6122963421875001 0.67345686875 0.5977825 0.729439290625 0.5992913578125 0.7297876375000001 0.610768665625 0.7286956499999999 0.6217805890625 0.6948896812500001
19 0.6489882015624999 0.6117703453125001 0.683535978125 0.6218844609375 0.7050859515625 0.6118927296875001 0.7299138515625 0.61548656875 0.7362445171875 0.5463897109375 0.7614219453125 0.5693074453125 0.7569658703125001 0.630284553125 0.8224313593750001 0.6453984515625 0.8409416515625001 0.5791134828125 0.7695054703124999 0.5412398046875 0.6821404796875 0.516793740625 0.5906741656250001 0.5170584125000001 0.545916971875 0.7248150234375 0.57592635625 0.737222203125 0.5822540484375 0.7386830671875 0.603068528125 0.7273188328125 0.615253378125 0.6745404546875 0.5897238109375 0.66009395625 0.607175075 0.647017828125 0.6143213046875 0.6230100625 0.6489882015624999 0.6117703453125001
19 0.70996114375 0.7644248390625 0.76488596875 0.7835196359375 0.7806982703124999 0.7636507234375001 0.6961451671875001 0.72702503125 0.691342178125 0.7408831109375 0.7082056718749999 0.75119075625 0.70996114375 0.7644248390625
19 0.6849028374999999 0.7201532687500001 0.6202581359375 0.6945381953124999 0.6135805546875 0.716516025 0.6831447546875 0.73471431875 0.6849028374999999 0.7201532687500001
15 0.6756024921875 0.6215183843750001 0.6541865203125 0.6101641718749999 0.6149522640625 0.6203494328125 0.6080293546875 0.6436069546875001 0.6092187734375 0.6438815531250001 0.6755992625 0.6215323734375 0.6756024921875 0.6215183843750001
9 0.726980884375 0.6698663781249999 0.75028371875 0.7009038640624999 0.8056187671874999 0.7164852671874999 0.8351004468750001 0.72329165 0.8389381453125001 0.7128188171875001 0.8100141453124999 0.67834545 0.7581342265625 0.6599536265625 0.7635302078125 0.5671215109375 0.736830328125 0.5438522875 0.726980884375 0.6698663781249999
4 0.127223415625 0 0.3323284640625 0.11491233906250001 0.3354898796875 0.1220566109375 0.3214304390625 0.18295473906249998 0.3688595078125 0.2067334046875 0.37728994843749997 0.22578479375 0.48491547968750004 0.2527702390625 0.5306073578125 0.0687488859375 0.48587366875000004 0.026349296875 0.47838052343750004 0.00323803125 0.4747912109375 0 0.127223415625 0
11 0.3175126046875 0.43608723125 0.3715236375 0.2090857015625 0.139647321875 0.102099496875 0.07802141093750001 0.35513872968750004 0.1355224953125 0.376966434375 0.1276719875 0.417916675 0.184940053125 0.42686177968749994 0.17919976875000002 0.44477973281249994 0.12157956406249999 0.4443058625 0.12029012812499999 0.45683697343749996 0.1618650140625 0.46429716093750006 0.1568024015625 0.480099796875 0.1594167171875 0.480703359375 0.19020646875 0.46656403125 0.27850875468749997 0.4869502203125 0.2793295421875 0.4764490484375 0.201451409375 0.44564066249999995 0.20367814062499998 0.4290496765625 0.3175126046875 0.43608723125
4 0 0.6657975140625 0.06677899375 0.66083534375 0.0775552875 0.6419419109375 0.0938336234375 0.6478381953125 0.09324585625000001 0.6712219671875 0.11245259062499999 0.671379925 0.2398752359375 0.6473444203125001 0.247021465625 0.6233366546875 0.2545172234375 0.6186527859375001 0.39611059531250004 0.5957507203125 0.42048029375 0.49019396249999997 0.3314763390625 0.4589551140625 0.22619143749999998 0.4496151140625 0.23497401875 0.460195265625 0.27971031874999996 0.474799721875 0.2854479921875 0.484676903125 0.18906479062499998 0.46456322187500004 0.1580279578125 0.480917271875 0.16423689218749998 0.4609693828125 0.1200857484375 0.4507762875 0.1369570765625 0.3776985328125 0.1293156828125 0.374330778125 0.1200858171875 0.3721998953125 0.0198446875 0.35707540781249997 0 0.44303219374999997 0 0.6657975140625
2 0.7890977265625 0.6709774796875 0.8136314312499999 0.6766415328125001 0.8372438656250001 0.6715358578124999 0.835840534375 0.6498305375 0.784545771875 0.635850075 0.756672965625 0.6315532640625 0.7536254484375 0.6586454265625 0.7890977265625 0.6709774796875
3 0.48307361406249993 0 0.48320953906249997 0.0239969984375 0.5320419390625 0.069480984375 0.5104841296875 0.16285811562500002 0.4838903125 0.2572107265625 0.4255684421875 0.24588419374999998 0.3694498 0.46812287656249996 0.39814078125 0.48971364843750004 0.42191487499999997 0.4909260609375 0.39972825312500004 0.5939132546875 0.4020947640625 0.5944596078125 0.5749757625 0.5711637546875 0.66952093125 0.210265321875 0.7002108484375 0.14679224062500001 0.574326325 0.004408428125000001 0.555231325 0 0.48307361406249993 0