5 1 0.16156475625 0.9643409734375 0.145224178125 0.91469776875 0.1690010015625 0.8581242937500001 0.246522040625 0.5729852609375 0.7982930171875 0.311004421875 0.8242970046875 0.30937489687499997 0.8345854234375001 0.40575698750000005 0.9152392203125 0.3986733359375 0.9499754203125 0.376343565625 0.9850653312500001 0.4425718859375 0.9955548656250001 0.43123524062499996 0.9741164390625 0.4360375546875 0.9537840281250001 0.44903546875 0.951624090625 0.5068792671875 1 0.8137771125000001 1 0.8437177828125 0.9867146984374999 0.8872741984375001 0.9514273093750001 0.9128770046874999 0.91962425625 0.9488896312499999 0.8620490249999999 1 0.53935085625 1 0.16156475625
3 0.3770720078125 0.25733956406249997 0.4467584875 0.2768140265625 0.45188670625 0.25442393124999996 0.4754478203125 0.24549983125 0.48316413437500005 0.24672197499999998 0.487947303125 0.2664632765625 0.516703753125 0.26468994375 0.5180744921875 0.28600007031249997 0.49389039375 0.40872782656249995 0.5548705890625001 0.42168192656250003 0.5727627578125001 0.4245157671875 0.5812908390625 0.41624278906249995 0.6391102828124999 0.1111144390625 0.5530997203125 0.084835890625 0.387999403125 0.168370290625 0.385698921875 0.2228477921875 0.3770720078125 0.25733956406249997
5 0.4943348421875 0.286063190625 0.375263946875 0.258767003125 0.34027700781250003 0.37978375781249996 0.476649703125 0.407710978125 0.4943348421875 0.286063190625
5 0.2865358046875 0.6097549843750001 0.2098424734375 0.8043195843750001 0.1861564 0.885335665625 0.1879485625 0.885619515625 0.19965315156250002 0.8786406375 0.3060326765625 0.6065150781249999 0.39919400625 0.627598290625 0.393001809375 0.6666942859375 0.394554753125 0.8167007156249999 0.40877002500000004 0.8168428921875 0.4091053953125 0.62494949375 0.44899059062499996 0.6228294796875 0.46456240937500004 0.5938974359375 0.4653125921875 0.58916096875 0.47650085625000005 0.509065746875 0.28083235625 0.47596559843749997 0.24756120625000003 0.5761610828125 0.265342290625 0.593742446875 0.287839425 0.6015242468750001 0.2865358046875 0.6097549843750001
5 0 0.5567698984375 0.0375203625 0.55317673125 0.04630065625 0.5376929734375 0.02521255 0.471073875 0.024905790625 0.433057846875 0.006386632812499999 0.4301247015625 0 0.4692074078125 0 0.5567698984375
9 0.317449196875 0.384078071875 0.3375766796875 0.3872659515625 0.38608593281250003 0.22040429375 0.23729303281249997 0.17205351093750001 0.2339457265625 0.17152335000000002 0.21452494843749997 0.2248712390625 0.18766649375 0.33451960468749997 0.13519555 0.3262090234375 0.1313709515625 0.34036838125 0.1775825796875 0.358234096875 0.317449196875 0.384078071875
11 0.64130535625 0.1072435 0.5816167453125 0.41418510468749997 0.6586936328124999 0.43693939843749996 0.663563065625 0.44614784687500003 0.6932109671875 0.4487343140625 0.7032757359375 0.46509353124999997 0.7226863453125 0.4723864765625 0.732920059375 0.4751938203125 0.74169735625 0.47658400624999997 0.7464871015625001 0.4719375390625 0.8150328046875 0.328815040625 0.83348484375 0.302207325 0.88680873125 0.0554274140625 0.81273210625 0.0436948296875 0.64130535625 0.1072435
21 0.5560847265625 0.5953643453125 0.56220980625 0.526727484375 0.7029726468749999 0.5469128249999999 0.709797509375 0.5437751734375 0.7380938203125 0.4849777984375 0.7338761984375 0.471653978125 0.592068525 0.428100825 0.3757720578125 0.385405621875 0.225097828125 0.367869075 0.088811396875 0.3294090046875 0.0662279984375 0.332160053125 0.02212518125 0.32095625 0.0045263046875 0.43207118749999995 0.54369065 0.5237943390625001 0.497172478125 0.8075103078125 0.5197558765625 0.804759259375 0.5560847265625 0.5953643453125
2 0.48638133281249996 0.35625609687500004 0.47612489374999994 0.40103628750000003 0.4831187015625 0.4055716125 0.4848548765625 0.4058465953125 0.492554384375 0.35723381249999997 0.48638133281249996 0.35625609687500004
3 0.44940790625 0.6396381625 0.510294946875 0.714670096875 0.53873495625 0.5251187359375 0.4869158234375 0.5126927859375 0.47854769687500004 0.5155860109375 0.4636423234375 0.5997066281250001 0.44940790625 0.6396381625
3 0.5995250453125001 0.7605741218750001 0.6893696703125001 0.5828575984375 0.6949100578125 0.5478769703124999 0.5637327 0.52710051875 0.5286212078125 0.7387975453125 0.5512717234375 0.7655873609375 0.57790200625 0.7828564921875001 0.5825317937500001 0.783589778125 0.5995250453125001 0.7605741218750001
2 0.0849807875 0.3136416875 0.061266295312499996 0.303557775 0.07182949375 0.2967936109375 0.0385295171875 0.2873008078125 0.0274007703125 0.287647490625 0.021860382812500002 0.32262811875 0.039639943750000003 0.32742159375 0.067788440625 0.33187987812499997 0.08237354687500001 0.330103159375 0.0849807875 0.3136416875