16 0.3001916 0.38947235625 0.29035942187499997 0.4108495625 0.3131857421875 0.4284290171875 0.3134789484375 0.463878921875 0.320190409375 0.4426652640625 0.329770628125 0.446335571875 0.3336884703125 0.4315269 0.3443929140625 0.42679351875 0.36174103281250003 0.4592634203125 0.359451334375 0.41557337812500006 0.3767243140625 0.4167543328125 0.3816985953125 0.45195891093749996 0.38274768125 0.4122662765625 0.413845821875 0.40855030000000003 0.4141994609375 0.29587737812500003 0.4284946484375 0.2700938890625 0.425298790625 0.2389684921875 0.41462824062500003 0.214493403125 0.4117933765625 0.16040096875 0.36356518437499996 0.1358080015625 0.312870475 0.12386145 0.275639934375 0.12998500625 0.28338129375 0.2776989578125 0.288825603125 0.29201698125000003 0.306316646875 0.297358890625 0.31118189687500003 0.3304829921875 0.2897730078125 0.3399497546875 0.2984470671875 0.3561847046875 0.3001916 0.38947235625
14 0.8287984640625 0.2952718609375 0.825854565625 0.23909894999999998 0.8105029390625 0.21486918593749998 0.785319134375 0.212016628125 0.77015168125 0.22115629062500003 0.7604285359375 0.24461397499999998 0.7685647828125 0.340152421875 0.7065526765625 0.38095380156249997 0.699514115625 0.3959260234375 0.690929903125 0.5903917953125 0.6943777203125 0.5964696796875 0.7349470453125 0.5943435312500001 0.751783890625 0.5872025734374999 0.7746874375 0.5982586296875 0.9085253421875 0.5912444828125001 0.904432371875 0.42482436718749994 0.8964464062499999 0.3918638171875 0.8446613640624999 0.359112484375 0.82150794375 0.3352915953125 0.8203085781249999 0.3124063359375 0.8287984640625 0.2952718609375
21 1 0.7407646109375 0.903180465625 0.7293436796874999 0.8899417171874999 0.80514041875 0.6854257015624999 0.8137724578125001 0.6708373078125 0.804106040625 0.6430367046875001 0.75132200625 0.6439428640625 0.7387573625 0.6763832953125 0.730798653125 0.6648065859375001 0.718888209375 0.5688614750000001 0.7093131328125 0.57844169375 0.712983440625 0.5761932421875 0.7297908140625 0.5875518859375 0.7375403046875 0.58976644375 0.7499413984375 0.5413614328125 0.781684890625 0.49179094843750004 0.761334653125 0.4622531671875 0.7649688546875 0.414679175 0.75285875625 0.40455379062499996 0.7387860578125001 0.4205183703125 0.7150012734375 0.46155772187500005 0.6919885671875 0.495776578125 0.6881090421875 0.47494675 0.6787697234375 0.4341593578125 0.6767349171875 0.29620095156250004 0.761154128125 0.2300529359375 0.8126032249999999 0.2859738875 0.8347068406249999 0.2931747359375 1 0.3119572609375 1 0.306006590625 0.8586912796874999 0.319940784375 0.855874828125 0.446732075 0.886781440625 0.47325817187499997 0.8853912671874999 0.9329027046875 0.9764340593749999 1 0.9729176390625 1 0.7407646109375
9 0.8283825203124999 0.8098008578125 0.8455464515625 0.808901334375 0.8945069453125001 0.8026845874999999 0.9116900765624999 0.5931648187499999 0.700679778125 0.5943139859375 0.6889510921875 0.5949286609375 0.6820992890625 0.601024778125 0.675143221875 0.736991834375 0.6424847234375 0.7407895859375 0.64680480625 0.7635112953125 0.67583866875 0.809972121875 0.8283825203124999 0.8098008578125
19 0.6316626359375 0.4447262671875 0.640479621875 0.43383322812499997 0.6876174796875001 0.4376214140625 0.6950921734375 0.4309711046875 0.6193565859375 0.3890440046875 0.5611871828125 0.383747765625 0.5150306234375 0.3986838828125 0.4833534234375 0.4212059375 0.5104246875 0.4302181546875 0.5966805453124999 0.43404244687500004 0.5796329874999999 0.5267283359375 0.5785500078125 0.5956294421874999 0.566830371875 0.6108469890625 0.4172879015625 0.59364986875 0.4422462859375 0.5026355828125 0.44920970625 0.4563744140625 0.44554382343750004 0.446135571875 0.2749947046875 0.47593559531249996 0.27006166875000004 0.501228434375 0.2777352421875 0.707359325 0.28482735625 0.7569258734375001 0.310566028125 0.7555769671875 0.42487898125 0.678785925 0.6763899296875 0.701070065625 0.681390753125 0.6173602875 0.6343619265625 0.6156525796875 0.6293537515625001 0.6096564703125 0.6316626359375 0.4447262671875
15 0.6300136875 0.44311765468750003 0.62792286875 0.6122088125 0.6765120546875 0.6138347468750001 0.68946495 0.5922939890625 0.6955222109375 0.5585974640625 0.695657784375 0.441763584375 0.64039103125 0.4321428375 0.6300136875 0.44311765468750003
15 1 0.48690703593749995 0.9986673828124999 0.4614791828125 0.9092908062499999 0.457818440625 0.910538771875 0.6309070046875 0.9982393046875 0.6413053234375 1 0.64121305 1 0.48690703593749995
15 0.44071318593750003 0.5032374765625 0.41586383437499996 0.5963322421874999 0.56022353125 0.6079335625 0.5739156750000001 0.6072159874999999 0.5786863 0.5982300390625 0.5850633078125 0.4810690609375 0.5982681624999999 0.434480790625 0.45975723593750006 0.418791725 0.4481466328125 0.43608975 0.44071318593750003 0.5032374765625
19 1 0.6377245593749999 0.916684803125 0.6287594875 0.9058374328125 0.6606208609374999 0.9063148125 0.729440190625 1 0.7427630953125 1 0.6377245593749999
19 0.0827845578125 1 0.079003725 0.6472350234375 0.006573028125 0.6385138015625 0.0255177171875 1 0.0827845578125 1
4 0.6824647609375 0.1900257234375 0.6872622234375 0.28156676406250003 0.757587396875 0.27996737031249996 0.767344434375 0.227301215625 0.7821847890625 0.21192011875 0.7992397 0.2089401171875 0.8237354124999999 0.22851827343750003 0.8293977874999999 0.24699725312499998 0.82758546875 0.272126540625 0.834154003125 0.2780408765625 0.9888475765625 0.274106115625 0.979688784375 0.09934594687500001 0.9531626875000001 0.10073612031250001 0.5948253640625001 0.1299467453125 0.59642696875 0.1903623875 0.6824647609375 0.1900257234375
7 0.6832458921875 0.234785765625 0.6808226281249999 0.1885471390625 0.603446215625 0.192602265625 0.5937337546875 0.198848303125 0.5973053125 0.386418440625 0.6466577296875 0.40260772187500005 0.679852653125 0.42329461718749994 0.6868560640625 0.422927584375 0.6832458921875 0.234785765625
10 0.7073361734375 0.3660486203125 0.7072271406249999 0.3639681421875 0.719710009375 0.36331394375000003 0.7196009765625 0.36123346562499997 0.7383252796875001 0.360252165625 0.7384343125 0.36233264374999996 0.74155503125 0.36216909375 0.741445996875 0.360088615625 0.752259475 0.3574357125 0.752150440625 0.355355234375 0.75973416875 0.350785403125 0.7592228953125 0.31117454375000003 0.760783253125 0.31109276874999997 0.7603471203125001 0.30277085625 0.7619074796875 0.30268908125 0.761471346875 0.2943671671875 0.7630317046874999 0.2942853921875 0.762268471875 0.2797220453125 0.76059908125 0.2777233421875 0.6840324734375 0.279649834375 0.6866153781250001 0.3587897828125 0.6881757375 0.3587080078125 0.6918416203125 0.3689468484375 0.7073361734375 0.3660486203125
2 0.46068599375 0.7649206000000001 0.488554384375 0.7592876953125 0.5352222171875 0.7839624390625 0.5913199875 0.7497295937499999 0.5891054296875 0.7373285 0.576186428125 0.7296607859375001 0.5816646296875 0.7147703390625 0.4659048828125 0.6853717796875001 0.4190602296875 0.717033496875 0.4072315609375 0.730170565625 0.404983109375 0.7469779421875 0.46068599375 0.7649206000000001
18 0.9044318328125 0.33524851093749997 0.904540865625 0.33732898906250003 0.9029805078124999 0.33741076406250003 0.9033076078125 0.3436522 0.9017472484375 0.343733975 0.90283758125 0.36453875625 0.9012772218749999 0.36462053125 0.9014952890625001 0.3687814875 0.8999349296875 0.3688632625 0.9000439640625 0.370943740625 0.8953628874999999 0.371189065625 0.8957990203125 0.379510978125 0.8973593796875001 0.379429203125 0.8974684125 0.3815096796875 0.9005891296874999 0.3813461296875 0.9023675546875 0.3854253140625 0.9054882718749999 0.3852617640625 0.905549603125 0.3864320328125 0.9183738015625 0.3857599453125 0.9194224671875 0.382445309375 0.916192715625 0.38052838125 0.9157565828124999 0.37220646875 0.9092970828125001 0.36837261250000003 0.907661584375 0.337165440625 0.9044318328125 0.33524851093749997