14 0.36027636093750004 0.8047863515625 0.34487029687500004 0.7613550953125 0.3746227015625 0.7608776296875 0.4044454609375 0.7709981203125 0.4104808078125 0.7764572390625 0.4194249796875 0.8224710125 0.4326323921875 0.8238831140625 0.4771554703125 0.8072699796875 0.4738926671875 0.7495402265625 0.49576283749999994 0.754574275 0.506340625 0.7936382359375 0.5489464625 0.7773977765625 0.5525017453125 0.6984459109375 0.5407872421875 0.6688880828125 0.518136546875 0.6547205765624999 0.4868275203125 0.5653017453125 0.4776019359375 0.4768961421875 0.4617715390625 0.40569183437499995 0.44941721875 0.38819645937499997 0.3784111765625 0.35557274687499996 0.3735125453125 0.3406074953125 0.3782001171875 0.323778875 0.3754342125 0.26860544375 0.36606349531250004 0.23063330624999998 0.35491624375 0.2142297546875 0.3358867578125 0.2033377171875 0.3109626296875 0.2081824765625 0.2981091984375 0.22394547187499997 0.293208353125 0.2447949109375 0.2973946 0.297039346875 0.3133701296875 0.3178101921875 0.3193329109375 0.348486040625 0.302005178125 0.37705683749999996 0.2490304 0.421841896875 0.244767159375 0.46644356875000004 0.2576117390625 0.59393933125 0.2734421359375 0.6651436390625001 0.3200846609375 0.8232104578125 0.329314671875 0.8399866828125001 0.34695886875 0.84968889375 0.3472400578125 0.8496342359375 0.35331535625 0.8406272375 0.3411743078125 0.8191110453125001 0.339613259375 0.800844128125 0.343164115625 0.7935216406250001 0.35622860625 0.8095525171875 0.36027636093750004 0.8047863515625
15 0.4909974078125 0.5662819156250001 0.5027822640624999 0.6064377015625 0.629703903125 0.6053111921875 0.6468512328125 0.6019780890625 0.6495566984375001 0.5938250890625 0.64096871875 0.529171721875 0.648360696875 0.41365982187499994 0.620738803125 0.40974379375 0.49988229375 0.42262428906249994 0.4909974078125 0.5662819156250001
19 0.49339277656249997 0.49876405156250003 0.48982374999999995 0.49370983281249997 0.4818170234375 0.49653368281250004 0.4902836203125 0.5400905484375 0.49060715468750005 0.540027659375 0.493823421875 0.5009795312499999 0.49339277656249997 0.49876405156250003
19 1 0.5864306406249999 0.9917313796875 0.51935434375 0.9807270484374999 0.48833201875 0.8482263874999999 0.48225264062499995 0.8205956421874999 0.6215953703125 0.808025834375 0.643935503125 0.78452205 0.6458512703125 0.7417051515625 0.6302978593749999 0.69207016875 0.6359665609375 0.6848892515625 0.7832723328125 0.6933387375 0.790915096875 0.9792097921874999 0.9104393249999999 1 0.9066566828125 1 0.5864306406249999
15 0.6868909984375 0.59320030625 0.6957648171875 0.628616121875 0.73943480625 0.6280862609375 0.7760030828125 0.6422013718749999 0.8035932078125001 0.643139053125 0.8052494890625 0.6428171046875 0.8197456375 0.6164547781249999 0.8360817859375 0.5469566515625 0.8504094953125 0.435650234375 0.843696596875 0.4011153671875 0.7500984390625 0.42704535625 0.7203460328125 0.42752282187499996 0.6962749953125 0.41628430937500005 0.6768101109375 0.5566926640625 0.6531611921875 0.60904189375 0.6868909984375 0.59320030625
19 0.674845271875 0.5517024515625 0.6841500609375 0.5074472546875 0.68379078125 0.4956187984375 0.68024675 0.4773863328125 0.6450972921875 0.4805505390625 0.642041121875 0.5262440359375 0.6496353046875 0.5857847609375 0.6533453406249999 0.587981803125 0.65765913125 0.5871432875 0.674845271875 0.5517024515625
9 0.3987829390625 0.9389103921874999 0.5516608625 0.9781695453125 0.5619572359375 0.974841678125 0.684880546875 0.83952566875 0.6808350062499999 0.8084771453125 0.6896019796874999 0.631969446875 0.6829613421875 0.5978063265625 0.5549457984374999 0.67775240625 0.5476241749999999 0.8038622656250001 0.52554073125 0.8028490359375 0.38926930312499997 0.9155570296875 0.3908303515625 0.9338239500000001 0.3987829390625 0.9389103921874999
19 0.5544109640625 0.675657725 0.6295842140625 0.62875005625 0.6427488890624999 0.6120292546874999 0.6426428750000001 0.611483859375 0.5795249 0.6066457046875 0.5096076843749999 0.6149377874999999 0.5097603421875 0.6157231453125 0.52200546875 0.6536406078125 0.55149375625 0.6762247734375 0.5544109640625 0.675657725
19 0.0792385328125 0.9542560359375001 0.0978256796875 0.9506430609375001 0.33953207500000004 0.8536537843750001 0.3393041421875 0.8524811703124999 0.32519634375 0.8377363609374999 0.303684578125 0.77824803125 0.2633610265625 0.63221746875 0.24959079062499998 0.5460217109375 0.17821287187499998 0.5561821015625 0.173197471875 0.5571569968750001 0.19221206562499998 0.6142125296875001 0.235380728125 0.682755725 0.2396395421875 0.7097834296875 0.1160127 0.73911986875 0.0435115359375 0.7704565718749999 0.0792385328125 0.9542560359375001
15 0 0.5466091203125 0.041971151562499996 0.7625319765625 0.063008503125 0.7584427296875 0.119250903125 0.7353069359375 0.23045085781250002 0.7136918546875 0.239161453125 0.7057884703124999 0.23575318125 0.6882544328125 0.19019544531250002 0.6140739374999999 0.14695864218750002 0.49911809687500003 0.0981041828125 0.51392025625 0 0.5266043984375 0 0.5466091203125
21 0.523578071875 1 0.9709891031250001 0.91303210625 0.6894491796875 0.7924007 0.6835545390625 0.8081374953125 0.6878837046874999 0.8457631578125 0.5606290140625 0.97926819375 0.38971540312499997 0.934229646875 0.38765745625000003 0.91340640625 0.398380375 0.9020369046875001 0.527763365625 0.799953065625 0.546012328125 0.8017116421875 0.5463685203125 0.7830720484375 0.080331709375 0.959879940625 0.0883546515625 0.975564340625 0.124852575 0.9790814953125 0.18670117343749998 0.9697122546875001 0.20402669062499998 0.9769561453125 0.23740251875 0.9439394625 0.2987542171875 0.9320139 0.311818709375 0.9480447765625 0.31075455937499996 0.9323341765625001 0.336898109375 1 0.523578071875 1
2 0.3368375703125 1 0.33218541875 0.9796348578125 0.3095369375 0.9296526625 0.25152282187499997 0.93827655625 0.2161594 0.96106795625 0.207637346875 0.978641925 0.18406320781250002 0.9699597328125 0.1222146109375 0.9793289734374999 0.0895511671875 0.9750664718750001 0.0848640390625 0.9847321546875 0.0878318078125 1 0.3368375703125 1
3 0.7506442718749999 0 0.7522441843750001 0.00382104375 0.7671511375 0.0805106671875 0.8090972375 0.3986648625 0.8132153437499999 0.404496653125 0.8453115359375 0.395604878125 0.8537610234375 0.40324764375 0.8484314203125001 0.46795340625000004 0.8535433234375001 0.4788978390625 0.9697122625000001 0.482845965625 0.9863276093750001 0.4915543546875 1 0.5770013390625001 1 0.45185547656249997 0.9121681921875 0 0.7506442718749999 0
4 0 0.2328956625 0.1839267578125 0.21921327499999999 0.278012253125 0.22214817031249998 0.302004084375 0.366047484375 0.3150707890625 0.3462636703125 0.30960490625000003 0.3181441421875 0.29554661718749997 0.2970006234375 0.2917869171875 0.2367145515625 0.3005222421875 0.215119765625 0.3157898140625 0.20154041718750001 0.3460391171875 0.203619271875 0.37145793125000004 0.2371455234375 0.37997555781250003 0.2912009328125 0.38032732187499996 0.34419071875 0.3970130234375 0.363497065625 0.41888319375 0.36853111250000004 0.382443553125 0.15726666250000002 0.379354515625 0.1413749421875 0 0.15222625 0 0.2328956625