4 0 0.2806243390625 0.111350709375 0.283523584375 0.2269894265625 0.26639469375 0.31680040468750004 0.2521700328125 0.2844934640625 0.0282958125 0 0.0733551515625 0 0.2806243390625
4 0.618286296875 0 0.47873012031249995 0.0161199765625 0.47890264531250004 0.0371856734375 0.49085572656250004 0.0627134234375 0.70423819375 0.041572775 0.741362553125 0.38583704218750003 0.7538140640625001 0.4344881734375 0.775506009375 0.44159901875 0.817825921875 0.43911480625 0.971260771875 0.41903171875 0.951150596875 0.15222615781249998 0.9270403421875001 0 0.618286296875 0
4 1 0.46064914218749997 0.9967773171875001 0.44030192343749996 0.5771631515625 0.48777855781249996 0.5970625109375 0.653370996875 1 0.61542215625 1 0.46064914218749997
5 0.255186725 0.53244670625 0.2485152421875 0.5103010390625 0.21764998281249998 0.515189615625 0.2127805515625 0.52439806875 0.23511462500000002 0.68538628125 0.27093557968750004 0.6818221015625 0.27011124531249997 0.6566410359375 0.2901736640625 0.6534634609375 0.3643365515625 0.652263725 0.4977089828125 0.6353582109375 0.5107068984375001 0.6375181484375 0.5158351171875 0.6599082453125 0.5448312093750001 0.6532064109375 0.5246059453125 0.48555628906250003 0.4934147796875 0.4883871828125 0.4920440421875 0.509697309375 0.286703796875 0.5316734984375 0.255186725 0.53244670625
6 0 0.53935085625 0.00022842968749999998 0.5407931046875001 0.2407378203125 0.5111373671874999 0.26673365000000004 0.51545724375 0.3791522078125 0.5060891015625 0.5118728296875 0.4850682203125 0.5412810890624999 0.49095692187499995 0.9569853140625 0.448186334375 0.9970217453125001 0.44184518749999996 0.9918276328125 0.40905084687500004 0.9202719859374999 0.42671205624999997 0.8220686984375 0.435938021875 0.7766622609375 0.4389110890625 0.751557884375 0.4302314171875 0.603644275 0.4452214234375 0.575865540625 0.44962114218749993 0.56856139375 0.4634338203125 0.39286905 0.48282354375000003 0.375241346875 0.48139689375000005 0.38254549375 0.46758421562499997 0.3680043171875 0.46566870624999995 0.0452898171875 0.4956886390625 0 0.508599378125 0 0.53935085625
4 0.332902303125 0.5248836984375 0.3701214765625 0.5189887609375 0.36949682500000003 0.515044865625 0.3646155984375 0.5044365328125 0.2556094703125 0.5153735 0.253586921875 0.532568259375 0.2585426171875 0.53389265625 0.332902303125 0.5248836984375
21 1 0.61601781875 0.026382317187499997 0.7059222484375 0.07295965625 1 0.5293626406249999 1 0.63063183125 0.9839605359375 0.62882023125 0.943775228125 0.6460166218750001 0.8925376328124999 0.6806010734375 0.851201853125 0.726400534375 0.82074560625 0.8191496953125 0.7870718609375 0.9364376859375 0.76849526875 1 0.76798929375 1 0.61601781875
4 0.2717156140625 0.656782421875 0.2728658546875 0.684021171875 0.3738844890625 0.6734264796875 0.390988978125 0.6707173953125001 0.3872207 0.6469254234374999 0.2717156140625 0.656782421875
4 0.26174772343749997 0.57412091875 0.2651364046875 0.615242925 0.37213198593749997 0.604097071875 0.381777371875 0.60256939375 0.37566665 0.5639878171875 0.26882743593749997 0.572999603125 0.26174772343749997 0.57412091875
4 0.20539366406249998 0.687456990625 0.23324596718750001 0.6830456203125 0.21361089687499998 0.51965245625 0.009488007812500001 0.53932653125 0.00046759062500000004 0.5422053124999999 0.011325409375000001 0.6107588796875 0.0256969140625 0.7015947812500001 0.20539366406249998 0.687456990625
20 0.565573609375 0.4453188109375 0.397968409375 0.4639549828125 0.38621481874999997 0.46581656875000005 0.3705569203125 0.482534328125 0.41848433749999997 0.4854898828125 0.5581412671875 0.46706167656249997 0.5765832453125 0.46414075468749993 0.576162284375 0.4614829125 0.565573609375 0.4453188109375
13 0.49431580625000004 0.5040642421875 0.49284923281250004 0.4948046640625 0.4927699125 0.49455356406249995 0.37109177656250003 0.5053882796875 0.3702865859375 0.520280925 0.375831784375 0.5228302671875 0.49431580625000004 0.5040642421875
13 0.3887028546875 0.646295178125 0.3910704546875 0.671231815625 0.3960261484375 0.6725562140625 0.5158351171875 0.6599082453125 0.5100550875 0.6334027796874999 0.3887028546875 0.646295178125
13 0.5000443015625 0.5502207453125 0.37560554218750003 0.5636020015625001 0.379928571875 0.60088474375 0.385210171875 0.6042668250000001 0.4635834765625 0.5959404859374999 0.5062161296875 0.5891881375 0.5000443015625 0.5502207453125
13 0.5796230234374999 0.49332136562500006 0.527717628125 0.495214465625 0.5469651765625 0.6566915359375 0.5718664640625 0.6547250296875 0.599805540625 0.650299915625 0.5796230234374999 0.49332136562500006