5 0.17076306875 0.7846619609375 0.1476897734375 0.9874151578125 0.1789350140625 0.9879605453125 0.19310622500000002 0.8475614828125 0.20396039843749997 0.8412395359374999 0.24769449687499998 0.853723453125 0.2365661515625 0.98766421875 0.252143321875 0.9905406828125001 0.2571390140625 0.9841164750000001 0.2638610265625 0.9347471031250001 0.27662257968750004 0.9310630124999999 0.31059254062499997 0.9433764953124999 0.2778241984375 0.9930725953125 0.2833522 0.9931690859375 0.30682249375000004 0.9914951125 0.338840365625 0.9477764078125 0.3475599171875 0.9518354531250001 0.3468327328125 0.9934957750000001 0.362455353125 0.9937684687499999 0.3722500125 0.745985003125 0.372560334375 0.728206703125 0.2892507421875 0.711197834375 0.2786275078125 0.42451043750000006 0.26091585781250004 0.420815346875 0.25798662031249997 0.42076421562500005 0.252059815625 0.43576723125 0.20310278125 0.4427263734375 0.1894329890625 0.442487765625 0.185754578125 0.42940074062500005 0.1584149921875 0.4289235265625 0.1552657859375 0.463856525 0.1550718703125 0.4749659453125 0.17076306875 0.7846619609375
4 0.2546908765625 0.5760037796875 0.2095485984375 0.588238634375 0.1966507 0.5997340359375001 0.1977775640625 0.646310275 0.20924179999999998 0.646510384375 0.25877758906250004 0.621654971875 0.2546908765625 0.5760037796875
4 0 0.744436025 0.0038855203125 0.744503846875 0.1634908734375 0.6669083484375 0.15391148906250002 0.4323304375 0.1725769734375 0.4261448375 0.18815414375 0.42902130156249996 0.191878003125 0.4395045546875 0.21726476093749997 0.43994768281249996 0.2495256859375 0.4354625421875 0.24979978281249998 0.41975951250000004 0.00150004375 0.4348792140625 0 0.568765709375 0 0.744436025
4 0.083941259375 0 0.0889623328125 0.00694401875 0.0934126359375 0.03176505 0.1311973546875 0.0493542453125 0.1262463734375 0.109172784375 0.187918771875 0.1571314203125 0.13028763593749998 0.157427746875 0.12529194375 0.1638519546875 0.12206506718750001 0.348719628125 0.17950539062499998 0.353759325 0.196338765625 0.3540531515625 0.20403911406250003 0.296756940625 0.26557590468750003 0.2965287875 0.2727035 0 0.083941259375 0
6 0.3098667640625 0.3806341015625 0.2781479203125 0.37364796562499997 0.0027992390624999998 0.36884173593749997 0.0015725593749999999 0.40554466875 0.001166928125 0.42878331562499994 0.0435996046875 0.42952398125 0.2402715640625 0.41726440781249996 0.2444499140625 0.4017099609375 0.3051239140625 0.39495534062500004 0.30984538906250003 0.3818586625 0.3098667640625 0.3806341015625
20 0.026295587500000002 0.371270403125 0.0282461578125 0.3714346796875 0.1724624625 0.373951984375 0.13765220625000002 0.37060957656250004 0.13197551875 0.3600922359375 0.1027285546875 0.3569771640625 0.0732997953125 0.3642771734375 0.059811798437499994 0.3536234875 0.030519385937499997 0.3531121875 0.017666934375000002 0.3620038171875 0.026295587500000002 0.371270403125
5 0.89992701875 1 0.915238825 0.8838678796874999 0.9424464984375 0.556167809375 0.900574328125 0.5489255203125001 0.8962596328125001 0.5722912765625 0.8513900484375 0.5689035125 0.5979315109375001 0.54103830625 0.5925275171875 0.5148983453125 0.561282278125 0.5143529578125 0.5402035625 0.994526965625 0.8537534296875 1 0.8565653984375 1 0.8628753343750001 0.9181154765624999 0.695523003125 0.881335009375 0.5921140421875 0.8743208703124999 0.58711835 0.8807450796875 0.5828483640625 0.957505165625 0.5870743796875 0.7713526515625 0.6115074484374999 0.7704768515625 0.87441198125 0.8167388796875 0.862511003125 0.9949437375000001 0.86510718125 1 0.89992701875 1
21 0.8353060937500001 0.5111270296875 0.6715412749999999 0.492641125 0.6470627578125 0.4961206953125 0.6346640578125 0.5349727265625 0.6374796765624999 0.54153328125 0.8733627671875 0.5690917062499999 0.8928910421875 0.5694325734375 0.8991585656250001 0.5461009031249999 0.9420298734375001 0.5520583515624999 0.9443001046875 0.589864146875 0.9251779140625 0.790081746875 0.98960065625 0.8007780203125 0.9948244718750001 0.8008692015625 0.9994088859374999 0.538228365625 0.991259603125 0.5294765890625001 0.8762700234375 0.514446621875 0.8681405703125 0.532536665625 0.844706640625 0.532127625 0.8379399171875 0.5281026671875 0.8353060937500001 0.5111270296875
21 0.869211128125 0.7564826859375 0.87839109375 0.7566429234375 0.87892761875 0.725905415625 0.8566164484375 0.7171292796875 0.622777084375 0.684397403125 0.597390325 0.683954275 0.592394634375 0.6903784828124999 0.5920310421874999 0.71120864375 0.598797765625 0.715233603125 0.869211128125 0.7564826859375
21 0.8846867734374999 0.664551271875 0.885295790625 0.6296607515625 0.8733790718750001 0.6241133890625 0.6141075 0.593542153125 0.59739484375 0.5997618421875 0.596940353125 0.6257995421875 0.609565559375 0.6299267625 0.8841688703124999 0.66454223125 0.8846867734374999 0.664551271875
21 0.3867816859375 0.9934117171875 0.39569699375 0.993567334375 0.41023401406250004 0.718583846875 0.4210881875 0.7122619 0.5340340421875001 0.73246531875 0.55070125 0.7288494015625 0.5544450624999999 0.6038957093749999 0.5549946625 0.5724091421875 0.515779815625 0.5472226921875001 0.49865885781249997 0.5208782109375 0.356223028125 0.5898198906250001 0.356046875 0.59991174375 0.35637366406250004 0.6147634578125001 0.3806703859375 0.62169896875 0.3683581484375 0.991332053125 0.3867816859375 0.9934117171875
5 0.411050525 0.9627759125 0.41053581406250006 0.992263609375 0.4320651421875 0.9926394046875 0.44157153750000006 0.7809892234375 0.45163866874999997 0.763801190625 0.4520265 0.741582353125 0.419954828125 0.73242748125 0.40841891874999997 0.77780598125 0.4076008375 0.8246738406249999 0.4173195265625 0.8274480437499999 0.41709228125 0.8404668953125001 0.41377598437499996 0.9185459093749999 0.403421009375 0.9522244859375 0.411050525 0.9627759125
3 1 0.00987878125 0.9651962296875001 0.0082392109375 0.9729159031249999 0.069581196875 0.9717342296875 0.1372792171875 0.9397573703125 0.514382746875 0.9982645921875 0.5305755734375001 0.9995420765624999 0.530597871875 1 0.5043634546875 1 0.00987878125
5 0.81771946875 0.49747166875 0.8229704046874999 0.5072002078125 0.831025825 0.507340815625 0.83586771875 0.5069294609375 0.8361692546875 0.48965445 0.8363402437499999 0.4378917390625 0.8205358265625 0.44803412343750004 0.7191251421875 0.4384503046875 0.7154012828125 0.4279670515625 0.70263973125 0.4316511421875 0.7005498171875 0.4954264640625 0.7182616125 0.4879219359375 0.81771946875 0.49747166875