11 1 0.12014339375000001 0.9409706734375 0.12500231875 0.7080301078125 0.1268152234375 0.6580038890625 0.3226647171875 0.7491154515625 0.3586664125 0.7462957296875 0.4542314390625 0.7509795984375 0.4617271953125 0.870432615625 0.49999576562500003 0.8835495390625001 0.498747778125 0.9548848796874999 0.36340935625 0.9673001343750001 0.351308709375 0.983928 0.376528890625 0.981584759375 0.386678578125 0.9151689171875 0.514600221875 0.9492480453125 0.526744275 0.9412836406249999 0.5334580812499999 0.96927295625 0.5441961921875 1 0.4416361140625 1 0.12014339375000001
21 1 0.5555424234374999 0.91797819375 0.5302157296875001 0.8974820250000001 0.5425888828125001 0.874761734375 0.5437578921874999 0.80613483125 0.5214997218749999 0.66208693125 0.4925199125 0.5893613156249999 0.46717734687499995 0.5687512484374999 0.44531406875 0.53877083125 0.43625441093750006 0.07231498750000001 0.3242883265625 0.0617743234375 0.3282692234375 0.058025139062499995 0.34450872499999996 0.07172460625 0.37546723125 0.1313306890625 0.42985291718749996 0.194802465625 0.4744404015625 0.048017403125000004 0.90880365 0.0876011875 0.9179422859375 0.239300525 0.5317525265625 0.25323823437500004 0.5200033656249999 0.5413183640625 0.7447337875 0.4777132921875 1 0.5807515984375 1 0.6456633578125001 0.7859287953125 0.659248928125 0.7826508703124999 0.8448743234375 0.791295734375 0.809725721875 0.94354105625 0.79238835625 0.990853615625 0.8066755921875 0.9984283515625 0.8468549796874999 0.9007978156249999 0.8732157781250001 0.79356260625 0.8827026359374999 0.7872002859375 0.9468813015625 0.7870501640625001 1 0.5569678015624999 1 0.5555424234374999
5 0.5362218140625 0.766809365625 0.5412012015625 0.745241271875 0.536448071875 0.744143925 0.4670399359375 0.8580114078125 0.46534464218749994 0.8720524203125001 0.4662871125 0.87227000625 0.4773449703125 0.868943046875 0.529468353125 0.789036934375 0.5362218140625 0.766809365625
5 0.757663928125 1 0.7560102953125 0.8289103624999999 0.7547260828125 0.78585120625 0.7475824640625001 0.7820638390625 0.7370418015625 0.7860447359375 0.73528110625 0.8284009187500001 0.71326770625 0.784832321875 0.7021418859375 0.7844018562499999 0.6681766546875 0.8064942359374999 0.6605643890625 0.8047368046875001 0.6571699546875001 0.7847099359375 0.6490890406250001 0.7849824437499999 0.6338592859375 0.8370578500000001 0.624841075 0.8413902328124999 0.6199189656249999 0.8766021437499999 0.6296388421875 0.883122421875 0.6489673093749999 0.8341314125 0.6899596484375 0.8093851015625001 0.7228658515624999 0.8405015656250001 0.7385564203125 0.8697816218750001 0.7409117875 1 0.757663928125 1
5 0.5963080234375 0.42989381875 0.637679790625 0.44358787499999996 0.664100721875 0.44968762812499996 0.6744217859375 0.4457896671875 0.697258584375 0.45106195781249997 0.7327776234375001 0.4655429390625 0.744654809375 0.468285003125 0.7465293984375 0.460165265625 0.753128540625 0.38271147656250004 0.7496175968750001 0.35624330937500004 0.60568881875 0.305909665625 0.5933822375 0.4078370109375 0.5963080234375 0.42989381875
5 0.092300725 0.7586672421875 0.011478526562499999 0.900367984375 0.0302166125 0.9025558796875 0.0675815 0.8449001031250001 0.08644131875 0.7979390296875 0.092300725 0.7586672421875
5 0.148649775 0.5771062921875 0.1559099015625 0.587334959375 0.194802465625 0.4744404015625 0.14866283281249998 0.438130625 0.143743334375 0.44554740312499996 0.14104273125 0.5197585953125 0.148649775 0.5771062921875
5 0.14190833125 0.341958815625 0.35057244062500004 0.39013272187500003 0.3516406828125 0.38550565937500003 0.353753253125 0.2648508234375 0.34790168125 0.2207372125 0.15701248125 0.1445949640625 0.1560647390625 0.25983537343749996 0.14190833125 0.341958815625
5 0.26092205 0.695099765625 0.2212034765625 0.8740857640625 0.21113001250000002 0.9448575625 0.23259648593749999 0.9498134874999999 0.2876219296875 0.7183689875 0.3665564796875 0.7237636625 0.38433012187500004 0.9848439578124999 0.4026551734375 0.9890746296874999 0.3927903234375 0.7212676874999999 0.4726647796875 0.6948073546875 0.373594034375 0.6099291984375 0.24302041874999997 0.515639896875 0.1981545515625 0.633569809375 0.26092205 0.695099765625
19 0 0.8215263453125001 0.0200938515625 0.8213751796875 0.049605618750000004 0.832464775 0.06647172500000001 0.8149772875 0.09833195781250001 0.760326928125 0.1337161890625 0.5931690703125 0.054908595312499996 0.48303515937499997 0.0188409765625 0.44477442500000003 0.0010401859374999998 0.4385266546875 0 0.44303219531250004 0 0.8215263453125001
9 0.7699793406250001 0.48361960000000004 0.7472590515624999 0.4847886078125 0.7775889953124999 0.5131721640625 0.8626992937500001 0.540438525 0.8761872484375001 0.543552465625 0.9009077078125 0.5416425312500001 0.9830193421875 0.3874106765625 0.9811473609375 0.36773529374999997 0.9626449031250001 0.3506348640625 0.87409131875 0.5119320093749999 0.7699793406250001 0.48361960000000004
2 0.6748569375 0.4441528953125 0.653190453125 0.4477033265625 0.6109139015625 0.42939048125 0.5837427625 0.43594633125 0.5724978203125 0.4568697015625 0.669699196875 0.49427734218749997 0.7001482625000001 0.5013070625 0.705536409375 0.4918603453125 0.7649120843749999 0.5055683 0.7438333687500001 0.4857349609375 0.745122803125 0.47320385 0.731304215625 0.46359917656249994 0.6748569375 0.4441528953125
3 0.2939462453125 0.093623203125 0.307296184375 0.10525781249999999 0.2859818390625 0.10033700937500001 0.276611490625 0.11314062968750001 0.287618190625 0.134924928125 0.27953205312499996 0.19078770312499999 0.34780681874999997 0.2215171078125 0.35611291718750004 0.31751260000000003 0.41103774218750005 0.3366073953125 0.41466780468750003 0.341721728125 0.402366446875 0.38805880937500004 0.43644557500000003 0.4002028609375 0.3969783015625 0.3975055234375 0.43234954375 0.41542685468749996 0.44227401562499996 0.4177180984375 0.4656052046875 0.41976369375000006 0.46232728125 0.40617812343750004 0.4471027484375 0.4026632640625 0.4754546484375 0.293749603125 0.549938346875 0.30453112031249996 0.5550908640625 0.30999693906250003 0.5239270765625 0.4310902234375 0.573699384375 0.4447192015625 0.5896281937500001 0.4312915890625 0.593377378125 0.4150520875 0.6020538953125001 0.3080104078125 0.6308639984375 0.30824734375 0.6640188874999999 0.1854756046875 0.6713981359375001 0.1743504375 0.6961095265624999 0.17150297812499998 0.7040765421875 0.1369940375 0.6320552046875 0.0947089984375 0.60921840625 0.0894367078125 0.3734659515625 0.103429240625 0.3268550578125 0.096944534375 0.3315389265625 0.104440290625 0.2939462453125 0.093623203125