21 0.2141051 1 0.13967690625 0.625842425 0.1570139734375 0.6181638 0.15609772500000002 0.6030500703125 0.15508094375 0.598266490625 0.0041171890625 0.56067574375 0.003068890625 0.5608985671875 0.036931009375000004 0.7248897546874999 0.1275494734375 0.7003035140625 0.18961090625000002 1 0.2141051 1
5 0.093367234375 0.847142625 0.11597984218749999 0.9394452125000001 0.1313684234375 0.93617426875 0.1234434796875 0.8900031109375 0.1594866234375 0.8716925218749999 0.1544706265625 0.8527911156249999 0.11993955781250001 0.8641244390624999 0.1171201390625 0.8367691 0.133772703125 0.8305671421874999 0.153274934375 0.8377718125 0.1466352109375 0.8065343703125001 0.1096522609375 0.8157265109375 0.098282090625 0.7622340640624999 0.1328962546875 0.7418976625 0.1245910015625 0.7028245234375 0.1181635359375 0.7007677078125 0.037681107812499996 0.7298277890625 0.041260190625 0.7466660515625 0.0751409296875 0.8976077890624999 0.0904244859375 0.89435916875 0.0812200625 0.8510557593750001 0.093367234375 0.847142625
5 0.12246578125 0.47488506093750005 0.13864721875 0.5885887828125 0.15487058125 0.594458609375 0.155187546875 0.5677677828125 0.1691020953125 0.5674724984374999 0.17660080625000002 0.5698721171875001 0.1820151734375 0.5953447109375001 0.191014865625 0.679957990625 0.1617045265625 0.6688828499999999 0.1571485625 0.6192666906250001 0.142549509375 0.6210386406249999 0.1410374359375 0.62801590625 0.1613258953125 0.7328596171874999 0.1686815390625 0.7392831625 0.182789725 0.7868689359375 0.17540325 0.7990883625 0.1775689953125 0.8092773984375 0.1901145359375 0.811935453125 0.1958150375 0.829360190625 0.1846076734375 0.8423917718749999 0.18785629375 0.8576753281249999 0.2352190375 0.8409522015625001 0.24784597968750002 0.87687226875 0.2558246171875 0.8777721453125 0.2644407203125 0.8759407359375 0.265326115625 0.865169715625 0.20863806875000002 0.664231509375 0.1846828796875 0.46698509843749997 0.15397270000000002 0.47750626562500004 0.1277987453125 0.46709564062500003 0.12246578125 0.47488506093750005
7 0.33742895 0.6783221890625 0.351706275 0.674097225 0.3509954 0.670752825 0.34005473125 0.6577964734374999 0.2573160234375 0.23002600625 0.237322015625 0.13596159531250002 0.2259238234375 0.1349437875 0.1871426640625 0.1591610484375 0.18617202500000002 0.168685571875 0.28140321875 0.6542891640625 0.3060650984375 0.67167705625 0.33742895 0.6783221890625
4 1 0.451771115625 0.996240128125 0.434456084375 0.3873916859375 0.4587081765625 0.41662926718750004 0.5962601828125 0.4288886734375 0.6069660921875 0.44689915156250004 0.6870017234375 1 0.8287224296875 1 0.451771115625
4 0.4607376296875 0 0.1689507296875 0.065120115625 0.1831253546875 0.144018696875 0.18572424999999998 0.156245540625 0.1947152203125 0.1581504796875 0.21821282343749998 0.1371818390625 0.238543209375 0.134191653125 0.26370459999999996 0.2619607015625 0.269834303125 0.2673136546875 0.319250559375 0.246160525 0.3382119375 0.24612367812499997 0.36687725000000004 0.3997713953125 0.447986178125 0.38645811874999997 0.47857717343750006 0.37995580156250003 0.483414365625 0.3750006671875 0.4573131703125 0.2381131734375 0.713629703125 0.15700795781250002 0.7016058609375 0.086349209375 0.668331565625 0.080110153125 0.6978466375 0.0498754234375 0.6894592125 0 0.4607376296875 0
13 0.39326135 0.570610215625 0.363748571875 0.3944461375 0.29648464375 0.40208766406249996 0.2963107453125 0.4247545625 0.32417931875 0.56525990625 0.3893520375 0.571441165625 0.39326135 0.570610215625
10 0.335418575 0.24425475468750002 0.3301102671875 0.2453830703125 0.26808860156250003 0.2670856875 0.29501737031249997 0.398472584375 0.3527735359375 0.39072211874999996 0.36282348125 0.3885859375 0.34065697500000003 0.2688994890625 0.335418575 0.24425475468750002
6 0.5107477453125 0.404999321875 0.421529121875 0.40798925468749997 0.4098111515625 0.3998306046875 0.388254825 0.401750196875 0.37351270625 0.4075460765625 0.3717144953125 0.42257119843749996 0.38448450625 0.45446733593750005 0.3982559875 0.45819598125 0.97932055 0.4316628234375 0.994367546875 0.42846448437499995 0.9784325734375001 0.353496325 0.8829366296875 0.3711480015625 0.7612404484375 0.3810412515625 0.7473259 0.38133653437500004 0.7331560500000001 0.37103670312500003 0.5107477453125 0.404999321875
20 0.8812117796875001 0.371445484375 0.9701962140625 0.3537319015625 0.978124446875 0.35204670312499997 0.9745991671875001 0.3354615703125 0.93556263125 0.335931746875 0.7576359874999999 0.363101840625 0.7540704 0.3745091125 0.73428145 0.3800465546875 0.8812117796875001 0.371445484375
18 0.5681117140625 0.3014212328125 0.5581302890625001 0.315523403125 0.560439103125 0.3216885125 0.5691945859375 0.3065157515625 0.5927735921874999 0.318809121875 0.6008951437500001 0.3570180125 0.589687778125 0.37004959375 0.6012626796875 0.3822321703125 0.539331715625 0.3820842765625 0.4690436375 0.4036803328125 0.562606378125 0.39883520781250004 0.6654078875 0.37698407343749996 0.615718665625 0.384484146875 0.6109579703125 0.3761778546875 0.618344446875 0.36395843125 0.60525746875 0.35875311718749997 0.5960530453125 0.315449709375 0.5681117140625 0.3014212328125