7 0.2554728 0.579973021875 0.18388354843750002 0.23515613124999998 0.1698293296875 0.22984826875 0.0634906234375 0.2415696921875 0.03023228125 0.2642149203125 0.117398203125 0.6139881875000001 0.2554728 0.579973021875
21 0 0.5569678031249999 0.0165641515625 0.628715028125 0.063291553125 0.6157890234375001 0.07035255 0.6328675328125 0.087197240625 0.6289786296875 0.0752329390625 0.5702694671875 0.08846636875 0.5650761546874999 0.0847171859375 0.5488366546875 0 0.54364865625 0 0.5569678031249999
5 0.0852151234375 0.5509934624999999 0.0880270125 0.5631730875 0.0778384875 0.5676634265625 0.087915725 0.6252046546875001 0.0905727375 0.624992134375 0.101867025 0.62238464375 0.0834518171875 0.48084214531249997 0.058507409375 0.49087728437499994 0.0450383484375 0.4811580609375 0.03133626875 0.48432143437499997 0.04082835 0.546274021875 0.0852151234375 0.5509934624999999
4 0.550021846875 1 0.7903489593749999 0.9445161140625 0.7422367546874999 0.6601603609375 0.435177684375 0.8165758750000001 0.0278409953125 0.677560403125 0.045880026562499995 0.7140203015625 0.1133916328125 1 0.550021846875 1
6 0.7484430765625001 0.65231311875 0.7418820046875 0.623893990625 0.731341340625 0.6199130937499999 0.28993335625 0.576427075 0.21591830625 0.5892385296875 0.026901087499999997 0.6457053937499999 0.021279921875 0.6491412750000001 0.028309643750000002 0.6795903390625 0.42456176093750003 0.817289521875 0.439142240625 0.813923353125 0.47031061875 0.8020503968750001 0.7484430765625001 0.65231311875
5 0.06534123593749999 0.6177212171875001 0.054215415625 0.61815168125 0.0490628984375 0.6236175 0.051816206249999996 0.6355433859375 0.0672548328125 0.631979096875 0.06534123593749999 0.6177212171875001
4 0.3901216234375 0.2324431234375 0.41307493125 0.22072953437499998 0.417517946875 0.142730975 0.40779284687499995 0.0936609859375 0.34811551406249996 0.09086805 0.34424595 0.091761409375 0.2528547578125 0.1379837984375 0.2944472703125 0.3181407625 0.445197325 0.2833373703125 0.4402486828125 0.25508051875 0.396214046875 0.2588323140625 0.3901216234375 0.2324431234375
4 0.68499584375 0.02324923125 0.454758490625 0.1234426515625 0.445390753125 0.138434165625 0.4989122453125 0.141044690625 0.5685929546875 0.116405096875 0.59975674375 0.2374983828125 0.7043373671875 0.21121590937499998 0.755867759375 0.2121479828125 0.768283015625 0.2242486296875 0.7715635515625 0.23845819375000002 0.7721565421875 0.31743223125000003 0.7832901984375 0.40038716875 0.81069435625 0.3940604203125 0.754446146875 0.03928736875 0.74355334375 0.0268352359375 0.68499584375 0.02324923125
6 0.4637767890625 0.44034341250000003 0.41318369375 0.44347121562499997 0.453352634375 0.42992121718750004 0.444334425 0.42558883437499995 0.278034884375 0.455429575 0.2768645703125 0.46425229687499997 0.28892768593749996 0.46788170781250005 0.459445059375 0.4563104078125 0.6135090703125 0.4433259625 0.6489925984375 0.4351339453125 0.6864097109375 0.4252928234375 0.68207536875 0.41346468437499995 0.6369869296874999 0.419597903125 0.6255089703125 0.41155713125000004 0.6017348765625 0.412769546875 0.4637767890625 0.44034341250000003
6 1 0.44303219531250004 0.9909342171875 0.40376397500000005 0.8576599984375 0.42384208437500004 0.831074015625 0.412874871875 0.8202977234375 0.393981440625 0.79140023125 0.3990493515625 0.7817421765625 0.40127908906250004 0.78094956875 0.41803261249999996 0.80086058125 0.43481712968749997 0.8029708031249999 0.45784941406249996 0.7293078921875 0.4791321046875 0.65599450625 0.4810909 0.5813942984375 0.49831371406249997 0.49848015781250005 0.52814661875 0.49122003125 0.5383752859375 0.4954378640625 0.5566447250000001 0.50340226875 0.56335853125 0.759509278125 0.5763935765625 0.76406933125 0.5753408062500001 1 0.4735139609375 1 0.44303219531250004
4 0.6338834421875 0.42004713281250006 0.66336658125 0.4157794484375 0.68330399375 0.411176534375 0.67861713125 0.37764754375 0.6667870328125 0.361135534375 0.6338782187499999 0.36445686718750003 0.6341138484375 0.3793694015625 0.6219342234374999 0.3821812890625 0.6338834421875 0.42004713281250006
10 0.8591824515625 0.42349059687499996 0.9909342171875 0.40376397500000005 0.953911021875 0.2433989 0.8215741 0.26753688593749997 0.800143246875 0.2788989890625 0.8255693609374999 0.40986945625000004 0.8591824515625 0.42349059687499996
13 0.5028118874999999 0.5121796265625 0.48875244687499997 0.45128149687499997 0.40419673281249996 0.46011205312500003 0.4311453 0.590731034375 0.506801925 0.5989219296875 0.492742484375 0.5380238 0.5041013234375 0.5247107375 0.5028118874999999 0.5121796265625
20 0.4212932453125 0.4369218109375 0.413095821875 0.4430906015625 0.4763371921875 0.43918084999999996 0.5722517453125 0.41703723125 0.5035057203125 0.41794156562499996 0.4212932453125 0.4369218109375
4 0.40530911875 0.457984371875 0.2873759421875 0.468106321875 0.31010667812500003 0.5804558640625 0.42417416875 0.5880641796875 0.43178398125 0.5863073156249999 0.40530911875 0.457984371875
4 0.6137127328124999 0.4438134765625 0.4962482046875 0.455965365625 0.489456725 0.4682239703125 0.50058776875 0.5233837718750001 0.5085521734375 0.530097578125 0.624960284375 0.49253197968749995 0.6183992125 0.46411285468749996 0.6212084890625 0.44849734531249996 0.6137127328124999 0.4438134765625
4 1 0.4672736609375 0.851024765625 0.54096679375 0.76096700625 0.5745870656250001 0.5074137609375 0.56684230625 0.5119837328125 0.5935829796875 0.5199481375 0.6002967859375 0.74141335625 0.621864053125 0.7484430765625001 0.65231311875 0.74012914375 0.6649232078125 0.7418872265625 0.6794842578125 0.7918401296875001 0.9441718515625 1 0.8961143578125 1 0.4672736609375