19 0 0.9132034000000001 0.19591086875 0.947747771875 0.265110653125 0.7703503734375 0.266395940625 0.76306115 0.19007874687499998 0.7144802390625 0.040941335937500004 0.59298704375 0 0.6578070796875 0 0.9132034000000001
5 0.7000322484375 0.526875303125 0.6032927890625001 0.5018845062499999 0.593844321875 0.4936076359375 0.59536974375 0.47933273906249996 0.5703648593749999 0.474923703125 0.5077849890625 0.790465190625 0.6069605484375 0.84100676875 0.7311967796875 0.885059315625 0.7486644609375 0.8881393390625 0.762569215625 0.8375059968749999 0.7639233296875 0.8298264328125 0.7494585781249999 0.8145683828125 0.8098378437499999 0.5396261421874999 0.786473 0.5315397796875 0.7775371796874999 0.548474534375 0.7102163375 0.536604053125 0.7000322484375 0.526875303125
21 0.3407244578125 0.658143078125 0.3373413171875 0.6997898734375 0.34710399375 0.7015112968749999 0.375617496875 0.5783546078125 0.5215769234375001 0.6278902546875 0.53822293125 0.62515398125 0.5601574375 0.5007572125 0.5622882375 0.486985709375 0.523819184375 0.480202578125 0.35665386093749996 0.489069753125 0.3539406078125 0.504457375 0.367971603125 0.5148644390625 0.3407244578125 0.658143078125
5 0.3558904765625 0.5116764734375 0.33447147187500004 0.6723115734375 0.33453722343750003 0.672323165625 0.36243338125 0.5423365921875 0.36685053437500004 0.517285678125 0.3558904765625 0.5116764734375
5 0.35562142812499997 0.48247518281249996 0.3770330734375 0.486250634375 0.3777656796875 0.486313703125 0.3828545953125 0.46870063437500004 0.391567440625 0.47552562500000006 0.42177585625 0.4729191640625 0.42381392656249994 0.483855890625 0.4377727765625 0.4839868890625 0.4507503375 0.41038748125 0.435908946875 0.40401402500000005 0.4326288671875 0.4113686796875 0.3894084921875 0.409036440625 0.3892938734375 0.39843886875 0.3700593484375 0.395047303125 0.35562142812499997 0.48247518281249996
5 0.36517516875 0.6235164906249999 0.3637101859375 0.6655676171875 0.34680340468750004 0.7220841484375 0.35138593125 0.7242143421875 0.3603759296875 0.6901009296875 0.3813651125 0.7004127390625 0.3735629453125 0.733413428125 0.38301141250000004 0.7416902984375 0.39279747187499997 0.7368049937500001 0.40088305156250004 0.7078207890625 0.44761274218749997 0.7239935140625 0.44156523124999997 0.763914446875 0.460178753125 0.776451703125 0.4709775859375 0.7320798765625 0.49218974375 0.718631940625 0.4816201453125 0.7841989093749999 0.5021055375000001 0.7923064140625 0.5058617703125 0.7929687390625 0.5304233 0.659265046875 0.4244041703125 0.619416290625 0.3685156875 0.643938065625 0.38010432031249997 0.5838394609375 0.37478617187499996 0.5802573890625 0.36517516875 0.6235164906249999
21 0.5783180890625 0.5923464953125 0.57470041875 0.6128633234375 0.580754190625 0.6178972765624999 0.744974796875 0.6685373890624999 0.749387434375 0.66931545625 0.7530544375 0.648518853125 0.7451520828125 0.6415963812500001 0.6921998265625 0.6269707890625 0.6805444921875 0.6143382796875 0.6719462640625 0.618110859375 0.5783180890625 0.5923464953125
21 0.7453275828125 0.6035488265625 0.7635892953125001 0.606768859375 0.7680135265625 0.5816778 0.59293855625 0.5296753843750001 0.5860949859375 0.540368209375 0.5853051859375 0.5560949859375001 0.593282409375 0.561468096875 0.7453275828125 0.6035488265625
21 0.8065488078125 0.5639029921875001 0.776811384375 0.6988095109375 0.7786806578125 0.7163273234374999 0.950502396875 0.773001425 0.9593021921875 0.7745530671874999 0.9812569296874999 0.650041565625 0.9638259765624999 0.6392333234375001 0.967497825 0.6015378375 0.8148636234375 0.556113928125 0.8065488078125 0.5639029921875001
7 0.45281240624999997 0.4048790890625 0.44520609687499996 0.47605892031249997 0.47135893281249996 0.4806703703125 0.5123915218749999 0.47752648593749997 0.55046771875 0.303764134375 0.584929796875 0.108319971875 0.481168159375 0.0978468359375 0.46900643906250006 0.1049575859375 0.41123207031250003 0.398869521875 0.4283743484375 0.4085030203125 0.4355013328125 0.4018266796875 0.45281240624999997 0.4048790890625
4 1 0.080450184375 0.9627629078125001 0.0738842796875 0.7553372984375 0.0501345984375 0.74073876875 0.034735434375 0.6152911875 0.012615640624999999 0.4918242859375 0.0036701437500000003 0.4804586265625 0.0400090046875 0.47277107812499997 0.08360726406249999 0.47599697812499997 0.09343126874999999 0.590668515625 0.1123287828125 0.5659658265624999 0.24680089062500002 0.6898024171875 0.26995879375 0.661084028125 0.41033367343749994 0.6852236734375 0.4168378328125 0.6895718421875 0.41760453281250004 0.7186000296875 0.2922248 1 0.3442055296875 1 0.080450184375
10 0.6848617515625001 0.2704220890625 0.5617291265625 0.25002035624999996 0.5369118203125 0.3738948921875 0.570401428125 0.3854853453125 0.660021875 0.40128784843750004 0.6755483531250001 0.32324099375 0.6848617515625001 0.2704220890625
16 0.0091788546875 0.40419980000000005 0.007201223437499999 0.4210393 0.0199297703125 0.42196151718749997 0.1152521625 0.42686989531249997 0.1173444109375 0.42062796406249997 0.045893250000000003 0.4040626875 0.0091788546875 0.40419980000000005
16 0 0.5213121921874999 0.0650145515625 0.5327760109375 0.0866760453125 0.5326951156249999 0.09883776562499999 0.5255843640625 0.0494490015625 0.5076206015625 0 0.51104376875 0 0.5213121921874999
16 0.13327510781250002 0.3392785734375 0.13333878125 0.3389174640625 0.12066385937499999 0.3303801890625 0.025226848437499998 0.3148742390625 0.0242371078125 0.3256737328125 0.061338365625 0.3322156859375 0.07727468750000001 0.3346290390625 0.13327510781250002 0.3392785734375
16 0.1437188875 0.253054715625 0.043100714062500003 0.22269742187500002 0.0412404578125 0.222369409375 0.0408018109375 0.2248570984375 0.0403706578125 0.231206796875 0.1393723984375 0.25236555 0.1437056796875 0.253129625 0.1437188875 0.253054715625
16 0.160492921875 0.16692251875 0.1581610578125 0.1598211671875 0.0583958953125 0.125076090625 0.0565660296875 0.1354537765625 0.0639118765625 0.14320249375 0.137714434375 0.163223378125 0.1604386578125 0.167230271875 0.160492921875 0.16692251875
16 0.179125703125 0.079246921875 0.1799200546875 0.0747419296875 0.17997069375000002 0.0727676046875 0.0764960203125 0.0241123171875 0.07361397187499999 0.046081025 0.12700040625 0.0708977734375 0.1465235265625 0.0743402265625 0.179125703125 0.079246921875