14 0.91785983125 0.1343848859375 0.8980393125000001 0.1209560015625 0.8826516906249999 0.12366925468750001 0.8706116671874999 0.136369596875 0.8651751437499999 0.177522171875 0.8717786437499999 0.20597440625000002 0.8858975765625001 0.21406221875 0.8784738390625 0.2259485828125 0.8708617046875 0.290754971875 0.876731653125 0.387031659375 0.912663328125 0.40185065625 0.9136569359375001 0.41648376093749995 0.898626071875 0.45721260468749997 0.961623625 0.45456632656249996 0.9672435359374999 0.3964576375 0.946627825 0.24354780781250002 0.92255779375 0.197020671875 0.91785983125 0.1343848859375
19 1 0.48924538906250004 0.9983014453125 0.47361691875 0.990791021875 0.45801743124999994 0.903988503125 0.46063022499999995 0.8810854515625 0.4837079 0.8436100046874999 0.5051241359375 0.69352984375 0.5717812890625 0.67560484375 0.5960966703125 0.6480905140625 0.5840244125 0.5701588015625 0.582957571875 0.55757863125 0.574598434375 0.5783210984375 0.4672828453125 0.5235625125000001 0.45366806718749997 0.5137847843750001 0.47020045 0.498743903125 0.5828571124999999 0.44199309375 0.5759400343750001 0.3808960703125 0.580366671875 0.3752861765625 0.5665475421874999 0.40245877500000005 0.4327124828125 0.468172084375 0.42747186875 0.44916679375 0.4096682921875 0.40445600625000006 0.3900508734375 0.3594701390625 0.395867625 0.3319508 0.419759275 0.3283281203125 0.43520635625 0.37485274999999996 0.4291182796875 0.3858941578125 0.43774874218750004 0.37448597499999997 0.4630305078125 0.35791134062499996 0.539994584375 0.34061818125 0.576891390625 0.26576399375 0.575281896875 0.2550843515625 0.56870311875 0.2829754765625 0.4749353328125 0.2789043453125 0.46084487812499997 0.1192348515625 0.49111438906249993 0.1141651046875 0.49835473906249994 0.1231175859375 0.5581248671875 0.1564251984375 0.567060140625 0.1752420921875 0.6377837390625001 0.1839295109375 0.6510602171875 0.34187184375 0.6739820515625 0.338249165625 0.6894291328125 0.3127220484375 0.706623084375 0.3246603609375 0.7743286171875 0.27405959062499996 0.802290146875 0.2572198921875 0.8327605796875 0.2722307203125 0.935887371875 0.2873150765625 1 0.5347462546874999 1 0.8883580406249999 0.9376487015625001 1 0.785872125 1 0.48924538906250004
15 0.25612443281249997 0.5746017078125 0.33871981562500003 0.577622775 0.3463601984375 0.5762755687500001 0.36202894531249996 0.5453505234375 0.386664165625 0.4331175921875 0.30031510781250004 0.42930401093750004 0.2695298484375 0.5066583359375 0.2535920640625 0.560239928125 0.25612443281249997 0.5746017078125
15 0.502361259375 0.5836736625000001 0.5246980421874999 0.42411566875 0.40639674843750007 0.42805160156250005 0.3989730109375 0.4399379671875 0.374424475 0.5796567515625 0.49792732500000003 0.5844554843750001 0.502361259375 0.5836736625000001
15 0.581289328125 0.4391261125 0.557102559375 0.5808965781250001 0.669880646875 0.59062736875 0.6837295046875 0.588185440625 0.702016271875 0.5659217421875 0.7060057265624999 0.516562434375 0.7215817437500001 0.460929159375 0.7211332921875 0.43139162343750004 0.5867208421875 0.4339374453125 0.581289328125 0.4391261125
15 0.6832760437500001 0.594611815625 0.661544978125 0.651330390625 0.6585541390625 0.6793588953125 0.6630787312499999 0.687022975 0.69656973125 0.6790021359375 0.6832760437500001 0.594611815625
15 0.6948661671874999 0.57035570625 0.8271068390625 0.5097529140625 0.83160335 0.4460290953125 0.8271579375 0.420817903125 0.8154436078125 0.4166132109375 0.788739496875 0.4361301703125 0.7579642546875001 0.4415566765625 0.7330739875 0.43536814062499996 0.6923047125 0.570807359375 0.6948661671874999 0.57035570625
15 0.8245242890625001 0.41487982343749996 0.8313978640625 0.45386179687499995 0.82786186875 0.49679473124999995 0.8321806390625 0.5064783578125 0.839628678125 0.50516506875 0.888327053125 0.479786671875 0.9151278656249999 0.4158277453125 0.9137724921875 0.3991429578125 0.9046316140625 0.3922928515625 0.8482425703124999 0.3874274578125 0.8245242890625001 0.41487982343749996
21 0.13030646875000002 1 0.15229896874999999 0.9485726859374999 0.13773158593749998 0.9109473390625 0.2117705453125 0.916931521875 0.27024350625000004 0.9066211609374999 0.2687964375 0.8984144296875 0.1585507203125 0.90304541875 0.099991075 0.8858699265625001 0.087869375 0.83512050625 0.09185382187499999 0.8217251078125001 0.09945593750000001 0.8288465390624999 0.0995426234375 0.856332390625 0.1168307734375 0.8553994953125 0.1210852921875 0.8525338375 0.11004889375 0.8079394671875001 0.3033060890625 0.7252071499999999 0.3115350359375 0.7808739109375 0.32112937656249996 0.7812976421875 0.32773788593750003 0.7737859671875 0.31625303437499996 0.699654059375 0.3494739609375 0.68110348125 0.3330927328125 0.6691836296875 0.18510650625 0.648737209375 0.18419958281249998 0.66158995625 0.1902629375 0.6689827109375 0.241765621875 0.66413234375 0.24511321874999997 0.6741194312500001 0.20446855468749997 0.704556375 0.178671365625 0.7112205875 0.06344759531250001 0.7146138718749999 0.0537665703125 0.6867042875 0.026430620312500003 0.693639825 0.047774875 0.8146891109375 0.0646095640625 0.8201825890625001 0.096316225 1 0.13030646875000002 1
9 0.01952184375 0.5824735750000001 0.063402375 0.7143574125 0.1864101546875 0.7060217390625 0.202635859375 0.703160709375 0.2450679984375 0.673862971875 0.244797925 0.6633332328125 0.1860548921875 0.6631138546875001 0.1568334375 0.5603773078125001 0.0200669984375 0.56756914375 0.01952184375 0.5824735750000001
2 0.0192405 0.6528626296875 0.027402868749999997 0.6991537234375 0.0316665203125 0.6984019265625 0.055712320312499994 0.6887411046875 0.0385208734375 0.6452320359375 0.0192405 0.6528626296875
19 0.29640489531249997 0.7220608546875 0.2362097859375 0.7495986546875 0.23729508593749998 0.755753703125 0.31314288281249997 0.7719963 0.30409870625 0.720704228125 0.29640489531249997 0.7220608546875