16 0.3249523109375 0.3533778203125 0.3112218140625 0.37248619843749997 0.3302744328125 0.3940981375 0.3237980921875 0.42895267343750004 0.33443400156249997 0.409409378125 0.3431378765625 0.4148402421875 0.349809365625 0.40105120781250003 0.3612203109375 0.398447296875 0.37205414531250003 0.43363081093750006 0.37814296875000003 0.39030658281249997 0.3948732578125 0.3947616796875 0.393038796875 0.4302685890625 0.4016423203125 0.3915053953125 0.4328781421875 0.393791496875 0.454724290625 0.2832561703125 0.47367655624999994 0.26067404843749997 0.476478421875 0.2295107125 0.4706739875 0.2034492640625 0.4782125296875 0.1498097421875 0.4355629859375 0.11646624375 0.38807919062499996 0.095066178125 0.35036425000000004 0.09397330468750001 0.329778228125 0.24045045781250002 0.3323905015625 0.2555442390625 0.348540903125 0.264125453125 0.3469963875 0.2975693046875 0.324174496875 0.3027771265625 0.3295914140625 0.320368884375 0.3249523109375 0.3533778203125
14 0.86182148125 0.3617709984375 0.8696499671875 0.30606841875 0.8592036500000001 0.2793545953125 0.8350268359375 0.27174915 0.818394121875 0.27782680625 0.8043736812500001 0.29899824218750004 0.794130846875 0.39433384843749997 0.7254728078125 0.42255312500000003 0.71570673125 0.43590724375 0.670174415625 0.6251621859375 0.672399171875 0.631786278125 0.7126288125 0.6374401859375001 0.7305188765625 0.633643046875 0.750892025 0.6488661765625 0.8836093125 0.667518375 0.911345996875 0.503374890625 0.9097959250000001 0.46949612343749997 0.86521156875 0.42746547343749997 0.8470287828125 0.3996643609375 0.8502181656250001 0.37697071875 0.86182148125 0.3617709984375
21 0.93464336875 1 0.9577131421875 0.835850034375 0.8520120671875 0.8020604499999999 0.8245538531250001 0.8739385171875 0.6221483015625 0.8433884656249999 0.6096723765625 0.8311160515625 0.5924542171875 0.773997203125 0.595741175 0.761836309375 0.629104178125 0.7602137515625 0.620012784375 0.7463131953125 0.5276574671875001 0.71860685 0.5363613421875 0.724037715625 0.530947203125 0.7401072656250001 0.540618484375 0.74988170625 0.5404261140625 0.762477515625 0.4868534953125 0.784401678125 0.44207676874999996 0.7549668390625001 0.4123882421875 0.7528981953125 0.36799903437500003 0.7319330484375 0.3607448796875 0.7161868890624999 0.38095449531250003 0.695885284375 0.42563086875 0.6811260640625 0.45996127812500004 0.6838470812499999 0.4412961765625 0.6707048359375001 0.40164642500000003 0.6609248125 0.2501147578125 0.7174693000000001 0.17536511562499998 0.7553514953125 0.22604107343750002 0.787719225 0.20009891406250002 0.9611875812499999 0.2186688703125 0.9637974187499999 0.241129271875 0.8150854234375 0.25534486093750003 0.8149794859374999 0.37390937812499997 0.8695111765625001 0.40021337343749996 0.8732079625000001 0.7108506625000001 1 0.93464336875 1
9 0.76323641875 0.8667672828124999 0.7802566359374999 0.8691593187500001 0.8295038 0.87239889375 0.8863494859375001 0.6700072875 0.67899676875 0.6308726796874999 0.6673662859375 0.6292381218750001 0.6594771765624999 0.63391485 0.6267051734375 0.766056528125 0.593922059375 0.7635529703125 0.5938272625 0.7866815296875 0.613462546875 0.837828659375 0.76323641875 0.8667672828124999
19 0.639790346875 0.4708642171875 0.6505238296875 0.46185367343749995 0.6960728140625 0.4745665875 0.7046791156250001 0.4694647015625 0.638335071875 0.41385688906249996 0.5822449749999999 0.3975587109375 0.5340864953125 0.4034133234375 0.498693884375 0.419477290625 0.523548159375 0.43348936875 0.607489546875 0.453701790625 0.5730698984375 0.5414319515625 0.558859865625 0.6088605078125 0.5444519078125001 0.621562253125 0.40093831875 0.57614704375 0.4428044921875 0.49156723125 0.45846702187500005 0.44748469375 0.4568221546875 0.43673448437499995 0.283720390625 0.43344469218750004 0.2740518875 0.4573315625 0.24225284687499998 0.6611394359375 0.23975691562499998 0.7111485453124999 0.2652800796875 0.7147355921874999 0.392145203125 0.6611673578125 0.6347831734375 0.731032628125 0.6556646953125 0.6498150359375 0.6098257671875 0.63916518125 0.6060537171875 0.63232363125 0.639790346875 0.4708642171875
15 0.6384786328125001 0.4689705234375 0.604162115625 0.6345560546875 0.6515483375 0.6454233687500001 0.6683734218749999 0.6267499046875 0.68074899375 0.5948282593750001 0.70317503125 0.4801668171875 0.650759409375 0.46017743749999995 0.6384786328125001 0.4689705234375
15 0.97186603125 0.73514699375 0.9968555765625 0.557337140625 0.909819603125 0.536689803125 0.878017784375 0.706836365625 0.9621229187499999 0.7337776875 0.97186603125 0.73514699375
15 0.4411847125 0.4918655375 0.39902859375 0.578508409375 0.5385223609375 0.6174417109375 0.5520998609375 0.6193499046875 0.5584974359375 0.6114393296875 0.5871126484375 0.49764772031250004 0.6089643546875 0.4544350125 0.475991878125 0.41260506875 0.4612939765625 0.42736987187500003 0.4411847125 0.4918655375
19 0.952910609375 0.8366214515625 0.95751380625 0.8372683875 0.972174096875 0.7329549937500001 0.8844606609375001 0.705901021875 0.86773315 0.7351072359375 0.8550704124999999 0.8027532484375 0.952910609375 0.8366214515625
19 0 0.8841727390624999 0.058644845312500006 0.564200025 0 0.5452968984375001 0 0.8841727390624999
4 1 0.192203865625 0.6636926453124999 0.1548391984375 0.6537369765625 0.2144504359375 0.73825825 0.23053674218750003 0.725500715625 0.321311315625 0.7948389953125 0.33315998125 0.8144659453124999 0.28332318437500004 0.8319684921875 0.271056353125 0.84927866875 0.2713853328125 0.8695886359375 0.2952777875 0.871621021875 0.31449768749999996 0.8650471078124999 0.33881947343749996 0.87036645 0.34587847968749996 1 0.3676716015625 1 0.192203865625
7 0.730484409375 0.2746234625 0.7369284140625 0.22877198906250001 0.6601998703125 0.21798849531250003 0.6494740546875 0.22226655156250003 0.617189921875 0.4070719828125 0.6625465359375 0.43238070625 0.6911843296875 0.459021415625 0.6981291015625 0.4599974390625 0.730484409375 0.2746234625
10 0.7290859515625 0.40807129062499997 0.7293758953125 0.4060082328125 0.741754246875 0.407747896875 0.7420441906249999 0.4056848390625 0.7606117171875 0.408294334375 0.7603217734375 0.4103573921875 0.7634163609375 0.410792309375 0.7637063046875 0.40872925000000004 0.77482730625 0.40818839687499997 0.77511725 0.4061253390625 0.7834336078125 0.40308651093750003 0.7904898359375 0.364105859375 0.7920371296875001 0.3643233171875 0.7931969062500001 0.3560710828125 0.7947442 0.356288540625 0.795903975 0.34803630625 0.7974512687499999 0.34825376406249997 0.7994808765625 0.33381235625 0.7982235265625001 0.3315318390625 0.722696071875 0.3188133390625 0.7101309078125 0.3969921046875 0.7116782015625 0.3972095625 0.7133230687500001 0.407959771875 0.7290859515625 0.40807129062499997
2 0.4108590703125 0.752551796875 0.439290246875 0.7523399234375 0.48039249687499996 0.785465965625 0.5419915296875 0.7625660328125 0.5421839 0.749970225 0.530965325 0.7399783249999999 0.5391841078125 0.7264067484375001 0.43116070312500004 0.6754603218749999 0.37913537812500003 0.69760194375 0.36501736406249996 0.70824063125 0.35960322499999997 0.7243101843749999 0.4108590703125 0.752551796875
18 0.9284373468749999 0.41544469062499995 0.9281474031249999 0.41750775000000007 0.926600109375 0.4172902921875 0.9257302781250001 0.42347946875 0.924182984375 0.42326201093750004 0.9212835437500001 0.44389259374999995 0.91973625 0.4436751359375 0.9191563625000001 0.4478012546875 0.91760906875 0.4475837953125 0.917319125 0.4496468546875 0.9126772421875 0.4489944796875 0.9115174671874999 0.457246715625 0.9130647609375 0.45746417343749995 0.9127748171875 0.4595272296875 0.9158694046875 0.45996214531249996 0.9168368109375 0.464305721875 0.9199313984374999 0.4647406375 0.9197683046874999 0.46590110781250005 0.9324851265625 0.467688340625 0.9341469874999999 0.46463469999999996 0.9313423437499999 0.46213672499999997 0.9325021187500001 0.45388449218750004 0.92689283125 0.44888854375 0.931241990625 0.41794266718750006 0.9284373468749999 0.41544469062499995