4 0.33565547812499996 0.8459614140625 0.1041689203125 0.8412891874999999 0.09451236562500001 0.8500237765625 0.0904808953125 0.8789527078124999 0.10526878906249999 0.886469771875 0.127700496875 0.8908300546874999 0.1733056890625 0.895052215625 0.40291721718750007 0.8929929953125001 0.442271571875 0.6905323890624999 0.4622671578125 0.6859298296875 0.48908038437499995 0.695386446875 0.498853046875 0.7269986296875001 0.5049882171875 0.7281911859375 0.5326527640625 0.7250793234375 0.7118215296875 0.74504991875 0.7233531140625 0.743046778125 0.7346560281250001 0.7176535984375 0.7726033203125 0.72715213125 0.7794209640624999 0.7412113046875 0.7472219453125 0.90686089375 0.8365231453125 0.9305862671874999 0.9180428171875 0.9697776765624999 0.977670628125 0.6630191828124999 0.770323690625 0.6078587359375 0.40596355468749995 0.5497682578124999 0.397840790625 0.558800984375 0.33565547812499996 0.8459614140625
13 0.1660064046875 0.5559181843750001 0.1544185375 0.5663996890624999 0.1356788734375 0.6709957171875 0.1373850546875 0.7031622625 0.12449560781249999 0.7940391703125 0.1316544875 0.814531653125 0.2053328078125 0.8203639624999999 0.21027542187499998 0.8276916890624999 0.16573915781249998 0.8275240203124999 0.1943735515625 0.8337532109374999 0.261107209375 0.8467249203125 0.2954290453125 0.8399992234375 0.2905427140625 0.82419313125 0.32928504375 0.8296015515624999 0.34564313593749996 0.7945793671875 0.3798297484375 0.6187044953124999 0.37130592500000004 0.5724787765625 0.35068415000000003 0.5557363515625 0.2934800265625 0.5552286296875 0.1926472421875 0.5335063953125 0.166857725 0.5433497046875 0.1660064046875 0.5559181843750001
6 0 0.4769649078125 0.7891515640625 0.60926353125 0.9574149343749999 0.65258225 0.960595084375 0.6362217968749999 0.902367253125 0.616414146875 0.6762172875 0.5597210875 0.5715218796875 0.5414926890625 0.5152816421875 0.5114597562500001 0.4477947734375 0.4983416375 0.3676400453125 0.48488346406250005 0.3664474890625 0.49101863437500004 0.40462345468749994 0.52390720625 0.33441023593749997 0.51662611875 0.17949719687500001 0.486514075 0.147910203125 0.4442946359375 0.0738906453125 0.43202901718750003 0.07326799687499999 0.4679875359375 0 0.4599810390625 0 0.4769649078125
4 0 0.890983353125 0.013274595312500002 0.8912702765624999 0.02525998125 0.878743715625 0.0976083921875 0.5065434078125 0.0297802859375 0.4869919796875 0 0.48297493906250005 0 0.890983353125
18 0 0.47284661874999995 0.0019843421875 0.4732323359375 0.03521473125 0.467223 0.069355684375 0.471737003125 0.080148515625 0.465345609375 0.0791810890625 0.4375673171875 0.0727046828125 0.429941453125 0.00754664375 0.413031359375 0 0.45185547968749995 0 0.47284661874999995
20 0.1683468578125 0.481693759375 0.4038425859375 0.5274694921874999 0.3952102796875 0.5068232484374999 0.36004561874999996 0.4830093203125 0.2089952015625 0.449403440625 0.16718528593749998 0.4433987421875 0.1475309375 0.45443460937499996 0.1683468578125 0.481693759375
10 1 0.5113588265625 0.8787767828125 0.47573444218749994 0.861226134375 0.516891796875 0.8465742234375 0.5840805265625 0.8495855265625 0.5931551703125 0.9740164484375 0.62715785 0.9842545328125001 0.6291479328125 1 0.5481445265625 1 0.5113588265625
5 0.773204665625 0.74862493125 0.7697958453125 0.74159534375 0.757469221875 0.747688596875 0.7591155796875 0.731030003125 0.7529804109375 0.729837446875 0.7432675718749999 0.7470504015625 0.7302584765625 0.7402770375000001 0.49042048437499997 0.721247496875 0.48632919062499996 0.7013512921875 0.45071072812499996 0.6880607859375 0.4370227015625 0.7257243046874999 0.39009486875 0.9752609953125001 0.40985647500000005 0.9791022625 0.422381415625 0.9648235421875 0.4300503765625 0.9663142375 0.42346140625000006 0.975645103125 0.4476045671875 0.9824603843749999 0.7310113968749999 0.9738792984375 0.773204665625 0.74862493125
4 0.47411562343749997 0.8133175546875 0.47786568125000006 0.82678045 0.4870684359375 0.8285692843750001 0.705489615625 0.8349465109375 0.7157125375 0.79873176875 0.6915693765625 0.7919164890625 0.48893992343750003 0.7779972296875 0.481612196875 0.78293984375 0.47411562343749997 0.8133175546875
4 0.0878318078125 0 0.058528421875 0.15075285 0.1380090171875 0.1717734171875 0.14989593125 0.174084 0.15788369687499998 0.16369857968749998 0.1885571203125 0 0.0878318078125 0
4 0.6166113796875 0.12937333906249998 0.6096248906249999 0.1407492609375 0.5238698671875001 0.508221259375 0.5582130640625 0.5335999015625 0.6589353265625 0.553178325 0.724684115625 0.5642342078125 0.7407009718750001 0.5227787140625 0.77477501875 0.3638605734375 0.8278772234374999 0.172561584375 0.66546406875 0.115523746875 0.6166113796875 0.12937333906249998
16 0.177790959375 0.8555998625000001 0.1701782796875 0.8456308031249999 0.11984808281249999 0.8507038874999999 0.10916781718749999 0.8401385484375 0.12256734843749999 0.7302598515625001 0.14942977500000001 0.6166310968750001 0.164306815625 0.5155289062499999 0.121019390625 0.5007477031249999 0.09335484375 0.503859565625 0.017541329687500003 0.87750865 0.023382098437500002 0.8832865703125 0.0458138125 0.8876468546874999 0.0754279234375 0.8908829921875 0.110420196875 0.8828285156250001 0.15643397187500002 0.8917726874999999 0.1898924515625 0.8834200718749999 0.17194074374999999 0.86931898125 0.177790959375 0.8555998625000001