5 0.2240681359375 1 0.20384558749999998 0.8719868453125 0.18664657812500002 0.7744464234375 0.1806460234375 0.7494136625000001 0.151794234375 0.7545010109375 0.1490205421875 0.76688961875 0.0995005484375 0.508542975 0.0931091859375 0.5004147546875 0.075345903125 0.500902559375 0.06844189218749999 0.5179859640625 0.000668840625 0.5272918421874999 0.006095346875 0.558067084375 0.06572237812500001 0.5475532296875001 0.077431890625 0.5520993765625 0.08031393906249999 0.574068084375 0.0079583609375 0.5855041562500001 0.013384865625 0.6162793984375 0.0188718109375 0.6192784125 0.074199728125 0.6068782671874999 0.090208353125 0.6133107046874999 0.09263819375 0.632714809375 0.019094784375 0.6430381578125 0.023333459375 0.672700675 0.097612490625 0.6609254484375 0.11700329062499999 0.7540247421874999 0.1152486328125 0.7609449859375 0.0409696015625 0.7727202125 0.06041458125 0.8829981640625 0.1346936109375 0.8712229359375 0.14504023593749998 0.913030159375 0.15430738593749999 0.9880819750000001 0.093099896875 1 0.2240681359375 1
21 0.12681484999999998 0.6367370343750001 0.25229148125 0.617256459375 0.29522844375 0.6189407046875 0.3504550890625 0.9658581328125001 0.367767690625 0.9628054546874999 0.3122019265625 0.602726121875 0.3190517578125 0.5684640578125 0.3462384640625 0.7395189281250001 0.3555723140625 0.7418396296875 0.32171709375 0.5217181359375 0.3247921265625 0.4781392890625 0.32399546875 0.4736212203125 0.2792386015625 0.47764360781250004 0.27097796406249997 0.4870332015625 0.24020272187499997 0.49245970781250004 0.2206306046875 0.48268909843749996 0.099000878125 0.5014913609375 0.12681484999999998 0.6367370343750001
5 0.12681484999999998 0.6367370343750001 0.2580618390625 0.6162389890625 0.29522844375 0.6189407046875 0.3496018546875 0.9610504437499999 0.36307240625000003 0.963633359375 0.363924075 0.9634831875 0.3112975078125 0.5975969140624999 0.319618584375 0.5604310906250001 0.33471653125 0.606689209375 0.3201312328125 0.5352194671875 0.3247596234375 0.477954959375 0.323996146875 0.47362506406250005 0.2773151484375 0.47798276562500003 0.27097796406249997 0.4870332015625 0.23827926875 0.4927988640625 0.22492971874999998 0.4845753890625 0.099000878125 0.5014913609375 0.12681484999999998 0.6367370343750001
21 0.066819890625 0.5087871359375 0.049254778124999996 0.5058997796875 0.0181961234375 0.51534276875 0.0251449328125 0.5218522015625 0.060889095312499995 0.515549540625 0.0671014171875 0.510383746875 0.066819890625 0.5087871359375
21 0.07358918125 0.6090394828125001 0.0131604453125 0.6183809234375001 0.014696518750000002 0.6270924328125 0.017352782812500002 0.639048265625 0.0891430015625 0.6263897125 0.0868026703125 0.6131170265625 0.07358918125 0.6090394828125001
21 0.07553026562500001 0.5581861234375001 0.07408861562499999 0.5516972578125 0.0032042796875 0.56022956875 0.0082682859375 0.5835323609375 0.0778365296875 0.5712656015625 0.07553026562500001 0.5581861234375001
5 0.39714167499999997 0.8084852453125 0.3946054234375 0.7672179890625 0.4580793609375 0.756025821875 0.4970006234375 0.7518072921875001 0.5064428296875 0.788485309375 0.5097408796875 0.7886309671875 0.5180325234375001 0.7871689265625 0.4772784921875 0.6005909375 0.46814719374999997 0.43632878750000004 0.4651168078125 0.41914261406250003 0.445002871875 0.4119230015625 0.4529550515625 0.5863694374999999 0.34908860937499997 0.60468389375 0.38526531249999996 0.809852175 0.3885633640625 0.8099978328124999 0.39714167499999997 0.8084852453125
7 0.6910830406249999 0.6217941046875 0.6974405546875 0.620673103125 0.7059604328125 0.6183775171875 0.69182108125 0.5944272640625 0.6445809140625001 0.21403897968750002 0.6412996921875 0.194586671875 0.621979071875 0.08501398593750001 0.6217386406250001 0.08505638125000001 0.603356953125 0.09834606093750001 0.59379386875 0.1172205015625 0.640925678125 0.46325147031249997 0.6466835140625 0.5521437734375 0.6595745953125001 0.6027575296875 0.6910830406249999 0.6217941046875
4 1 0.4652537453125 0.9953864734375 0.4390891359375 0.7194358125 0.4127666578125 0.7589467734374999 0.642468253125 1 0.7963203062499999 1 0.4652537453125
4 0.5969027890625 0 0.5823771125 0.0212607828125 0.5930008890625 0.10400640781249999 0.6238907484375 0.0879823328125 0.6398264124999999 0.21210077031250002 0.6553828296875001 0.2159686046875 0.6800501234375 0.1983973953125 0.6913074265625 0.2003789390625 0.71074614375 0.3556117765625 0.81430369375 0.34145051406250004 0.8446599015625 0.3360978953125 0.8488971421875 0.3180303265625 0.8301336078125001 0.1891218375 0.78691323125 0.1914540765625 0.8549696953125 0.1781317140625 0.9431974125 0.1431102625 0.9179632109375 0 0.5969027890625 0
10 0.68858505 0.21980713437500002 0.6847498171875 0.1980564453125 0.64472976875 0.2193822140625 0.657499971875 0.32554842812499996 0.6623866828125 0.3365055 0.6649334796875 0.33605643125 0.7035482171874999 0.328006240625 0.68858505 0.21980713437500002
13 0.7117732140624999 0.4143003 0.701132828125 0.3539556703125 0.6647490046875 0.3517566734375 0.664121740625 0.38756586875 0.682433065625 0.51390975625 0.7227439125 0.5305348171875 0.7269984375 0.5297846296875 0.7117732140624999 0.4143003
18 0.9443266031249999 0.27548733125 0.913044975 0.261170575 0.8961861093750001 0.2667875875 0.8938646265625 0.2817407984375 0.908179034375 0.2673172515625 0.9385562453125 0.2765048 0.9490716656249999 0.3248931109375 0.93741633125 0.3375256203125 0.9485590171875 0.35010473593749997 0.7782219718750001 0.368240221875 0.8904098812499999 0.37086925000000004 0.9757461218750001 0.35582216718750004 0.9809742984375 0.3483555578125 0.96100415 0.35319900312499997 0.9569884500000001 0.3472962296875 0.9671725390624999 0.3375674796875 0.9533707796875 0.3267794 0.9443266031249999 0.27548733125
6 0.84600851875 0.34326424843750003 0.7131214906250001 0.360084965625 0.7142488828125 0.38897391875 0.7232993203125 0.395311103125 0.7295760640625 0.4140368953125 0.9873545531250001 0.4362787 0.99466366875 0.43498990624999995 0.980822203125 0.35649105468750003 0.8452124578125 0.37249235625 0.7821365515625 0.3690704703125 0.8463461109375 0.356426421875 0.85239988125 0.35139246874999996 0.84600851875 0.34326424843750003
16 0.3417997765625 0.5009226984375 0.3676702140625 0.4963610421875 0.3664040296875 0.48918015156249994 0.3543824515625 0.4912998796875 0.352481921875 0.48951952343749994 0.351712540625 0.4896551859375 0.3505355453125 0.49197819374999996 0.3486350171875 0.4901978359375 0.338248371875 0.49202928281249997 0.3370713765625 0.4943522890625 0.32745411406249997 0.4960480734375 0.3252472484375 0.5004037125 0.3264350796875 0.5015164375000001 0.33989924843749997 0.499142340625 0.3417997765625 0.5009226984375
16 0.415344125 0.48385611875 0.41296846406250004 0.48163067187499997 0.38604012656250003 0.48637886406249997 0.3819098078125 0.49107366093750004 0.387396753125 0.49407267499999996 0.3950905640625 0.49271604843750005 0.396872309375 0.49438513281249996 0.442073446875 0.486414953125 0.44184734218750005 0.48513265156249996 0.43650210468750006 0.480125396875 0.4230379359375 0.4824994921875 0.42066227500000003 0.48027404531249995 0.41919103125 0.48317780624999995 0.415344125 0.48385611875
16 0.300138234375 0.44011088593750003 0.38219714531250004 0.4303353890625 0.43793881875 0.42050662812499995 0.4382698484375 0.4198532828125 0.43732021093749995 0.4144676140625 0.43625116249999996 0.4134661640625 0.3218630390625 0.428347196875 0.319487378125 0.4261217484375 0.2983293984375 0.42985247187500003 0.2941990796875 0.43454726875 0.300138234375 0.44011088593750003
16 0.31931400781249997 0.37115004375 0.43797050937500004 0.3554502734375 0.4687938359375 0.3500152890625 0.46778767187500003 0.34430904687499997 0.4650442 0.3428095390625 0.2920480796875 0.3627360625 0.27830049687499997 0.3691266421875 0.28808655625 0.374011946875 0.31931400781249997 0.37115004375
16 0.46105273437500005 0.2847428828125 0.46296535156249996 0.28096799375 0.46274620468750005 0.27972514843749996 0.4498473234375 0.2757446859375 0.2664983171875 0.2988188734375 0.2728896796875 0.30694709375 0.2906529625 0.3064592875 0.44354932343750003 0.28782920624999997 0.46105273437500005 0.2847428828125
16 0.3970197296875 0.227809653125 0.44895297031250003 0.21865242187499997 0.45119661874999994 0.2142241890625 0.45098558750000006 0.21302737343749997 0.43615513593750005 0.2093400375 0.27040061875 0.22534533125 0.25472958437500004 0.23207506875 0.261120946875 0.24020328906250002 0.290877153125 0.2402451453125 0.3970197296875 0.227809653125