11 0.762038946875 0.42824193906249997 0.7708992859375 0.44314357031249996 0.8443268125 0.4573033234375 0.8682379703124999 0.45813831875 0.9330094656249999 0.45714299531249997 0.97340818125 0.0166178671875 0.879715290625 0.0133460390625 0.703111615625 0.1009860484375 0.68425236875 0.4171871578125 0.762038946875 0.42824193906249997
5 0.9812809343750001 1 0.9933806359374999 0.6535099062499999 0.9934005609375 0.6528594234375 0.9073633624999999 0.833300021875 0.8374572312499999 0.82043583125 0.56817856875 0.8756551109374999 0.556956903125 0.8836016546875 0.6823136828125 0.9651095296875001 0.6664748046875 1 0.713177109375 1 0.718991059375 0.9893209671875001 0.7370407984375 1 0.9812809343750001 1
21 0.61270634375 0.088448315625 0.45128190625000003 0.18912601406250001 0.4447448859375 0.19723614843749998 0.44499770156249996 0.2347678359375 0.55692021875 0.2532684765625 0.5613867421875 0.2596782609375 0.5586618765625 0.2929367578125 0.5975551671875 0.2984641484375 0.6011458843749999 0.4194965265625 0.6056851156249999 0.42382424687500003 0.7280480093749999 0.4360448015625 0.76484849375 0.4373299015625 0.7649575546875 0.43420680625 0.7621307609375 0.420949034375 0.6922246296875 0.40808484375000004 0.686269265625 0.399538465625 0.7059629890625 0.104212528125 0.61270634375 0.088448315625
3 0.44495753281250006 0.195810409375 0.44521035 0.2333420953125 0.5135549328125 0.24615175625000002 0.51802145625 0.2525615390625 0.513589628125 0.289929634375 0.5962789734375 0.2949018140625 0.6018708015625001 0.3138585140625 0.6013585328125 0.41807078593749997 0.6151216374999999 0.42688981718749996 0.6807066609375 0.429180096875 0.705957515625 0.1090329796875 0.6176036359375 0.087186165625 0.4498603 0.1897278078125 0.44495753281250006 0.195810409375
5 0.602230971875 0.30344807500000004 0.59776445 0.297038290625 0.535747425 0.29330915625 0.51456894375 0.2925695875 0.506976534375 0.3001217171875 0.4872894453125 0.416172009375 0.5855397515625 0.423251040625 0.5980354921875 0.4236874015625 0.6022252499999999 0.3037084296875 0.602230971875 0.30344807500000004
5 0.57580444375 0.8364442375 0.57910765 0.87616705 0.5900384859375001 0.8765487640625 0.5937432406250001 0.8600013109375 0.5676398 0.6673062625 0.5681487515625 0.6527318125 0.602648225 0.6497673546875 0.6155768546875 0.6377112125 0.599164909375 0.5704307921875 0.5986939703124999 0.5391452984375 0.41784521249999995 0.5244915078125 0.41145360468750003 0.5284375140625001 0.403642546875 0.617802684375 0.409452496875 0.630513190625 0.4340737296875 0.641796 0.4399563859375 0.65242444375 0.4299327328125 0.6708358390625 0.3922688328125 0.8091890015625 0.391905296875 0.8195993234375001 0.399567621875 0.824036103125 0.39891325625 0.8427746812500001 0.38104385 0.90677336875 0.378340271875 0.939772034375 0.3842675328125 0.9399790187500001 0.39124761406249997 0.9279757234374999 0.46047463437499997 0.6468871468749999 0.5042706906250001 0.646331934375 0.5445801140625 0.656077984375 0.561895925 0.8317893359375 0.57580444375 0.8364442375
5 0.1474255890625 0.2542122703125 0.01207985 0.23489366875 0.003939949999999999 0.378447040625 0.05539833281249999 0.38232861093750004 0.0604465140625 0.3720818796875 0.0971619015625 0.3504333734375 0.15599178125 0.3670799828125 0.1530901234375 0.2710869046875 0.1474255890625 0.2542122703125
5 0 0.7474720640625 0.00045368281249999996 0.746909203125 0.0122950203125 0.676446203125 0.0203208828125 0.6704726625 0.019631821875 0.6454333609375 0.1042462515625 0.64004975 0.111870565625 0.6903464734375 0.1080931046875 0.708975990625 0.1155373078125 0.7196589640625 0.1275901328125 0.822225415625 0.1351797515625 0.8287442609375001 0.140155225 0.8205795953124999 0.12980936406250002 0.7139035453125 0.13060914375 0.6910008390625 0.1353664953125 0.689082365625 0.1489461734375 0.7479254703125 0.143316334375 0.7748287125 0.15693402343750001 0.787811871875 0.18343901406250002 0.9242366562500001 0.18905929375 0.940979459375 0.1972476625 0.941265403125 0.2006887515625 0.9227544265625 0.1462626375 0.6456862 0.148187721875 0.6353304109375 0.18758996249999998 0.62628335 0.203859809375 0.6080900765624999 0.16565889843749998 0.5379641656249999 0.16333558125 0.5149523984375 0 0.50092730625 0 0.7474720640625
21 1 0.482269934375 0.7601865703125 0.436515665625 0.5169485921875 0.4175985921875 0.3248054609375 0.412973409375 0.2752721625 0.39873605 0.108186509375 0.3929012890625 0.003999025 0.3767553640625 0 0.491272471875 0 0.5039237734374999 0.005737365625 0.5060614671875 0.514583946875 0.530084590625 0.679744515625 0.5462751406249999 0.681777003125 0.5776151640625 0.6694614109375 0.7064304953125 0.676867603125 0.7629734109374999 0.67523003125 0.8546387687499999 0.6787763046874999 0.8580197984375 0.684583309375 0.8582225843750001 0.6907728046875 0.8572661374999999 0.69760065625 0.84082774375 0.7103211140625 0.566104328125 0.71573283125 0.5454472781249999 0.9983003421875001 0.5573993546875 1 0.508727528125 1 0.482269934375
2 0.0568780859375 0.38472546093750004 0.06340322968749999 0.390946559375 0.229861475 0.396759409375 0.21539423124999998 0.36733033125 0.1498819140625 0.3629579890625 0.0958093875 0.3443929078125 0.06548560625 0.3620954078125 0.0556800734375 0.374260609375 0.0568780859375 0.38472546093750004
9 0.33967280624999996 0.3901710890625 0.280406684375 0.38601686874999996 0.27833618437499996 0.4005367875 0.3481696078125 0.41548304375 0.4839515921875 0.42230925937499997 0.516605321875 0.24834288125 0.367423771875 0.2222873140625 0.33967280624999996 0.3901710890625
3 0.6140243937500001 0.637396425 0.5773090062499999 0.65904493125 0.6589424375 0.7390259515625 0.6804405765625 0.7501997 0.6813857703124999 0.723132865625 0.672670846875 0.7040671046875 0.68444279375 0.5460483453125 0.6097793109375 0.5351026265625001 0.5986303515625 0.54096710625 0.5981213999999999 0.5555415546875 0.6140243937500001 0.637396425
21 0.575883784375 0.655086528125 0.5756656625 0.661332721875 0.65134373125 0.7327673640625 0.6700206546875 0.74358201875 0.6742823765625 0.7437308421875 0.673170709375 0.6897529109375 0.6845064125 0.5442265374999999 0.6018897734374999 0.5371722953125 0.5990922015625 0.57251285625 0.6154314390625 0.641875340625 0.575883784375 0.655086528125
3 0.83114111875 0.8222998703125001 0.90736615 0.8333001187500001 0.9846504125 0.679653703125 0.9890128484374999 0.55472985 0.731430109375 0.543650259375 0.7140349578125 0.5492966171875 0.7044029 0.780351215625 0.7645870046875001 0.8328742312499999 0.7740990609375 0.8332064000000001 0.83114111875 0.8222998703125001
21 0.7667147390625 0.8345119859375 0.7798375921875 0.8349702453125 0.8420674125 0.8228117109375 0.8978469015625 0.83726719375 0.9104847015624999 0.8335393078125 0.9947422296875 0.6592903734375 0.9983775937500001 0.5551871609375 0.7221289828125 0.541371140625 0.7141758281249999 0.5452626171875 0.7043256484375 0.7825634078125 0.7667147390625 0.8345119859375
5 0 0.9812809359375001 0.095116628125 0.9846024812499999 0.1573107625 0.9113377687499999 0.172309890625 0.884761709375 0.013177392187500001 0.875035471875 0 0.7865378125 0 0.9812809359375001