19 0.15179474375 0.5921871484375 0.151906965625 0.591273171875 0.004874603125 0.432122190625 0.010089925 0.45375234062500003 0.0741616296875 0.5809987750000001 0.12013902031249998 0.5934657718749999 0.140992446875 0.59602625 0.15179474375 0.5921871484375
19 0.529448221875 1 0.5555805171875 0.880705028125 0.5550529281250001 0.860962321875 0.40437638593749997 0.7899871 0.2751876625 0.6959377578125 0.2728355375 0.695648953125 0.26318245625 0.6978745453124999 0.20822535000000003 0.824936559375 0.300429196875 0.97610223125 0.39195123125000003 0.9873397234375 0.5001316546875 1 0.529448221875 1
15 0.11847037499999999 0.6772856328125 0.20546388124999998 0.8164639515625 0.20844815468750003 0.8168303734375 0.27839019375 0.663765225 0.2815600546875 0.637948784375 0.282759384375 0.6213698062499999 0.2677097234375 0.607715184375 0.24670285781249998 0.602512140625 0.140750784375 0.59999775625 0.0757916203125 0.584150603125 0.11847037499999999 0.6772856328125
15 0.9407883984375 1 0.9428211671875 0.9834444203125001 0.948364759375 0.9276210078125 0.6138740406250001 0.80049258125 0.6100262843750001 0.8000201359375 0.5937526296875 0.8027446843750001 0.57232125 0.8250386140625 0.5636492359374999 0.8475873375 0.534472225 1 0.9407883984375 1
5 0.7173297625 0.50090665625 0.6998826609375 0.498764421875 0.6932907203124999 0.5123855125000001 0.6506603234375 0.8115030843750001 0.676354921875 0.8185935687500001 0.6811498 0.7955687953125 0.6794214546874999 0.81765823125 0.68541301875 0.824953209375 0.8798211468750001 0.8945419093750001 0.8923425578125 0.8960793453125 0.9576048859374999 0.55533410625 0.935787421875 0.5487196734374999 0.925811578125 0.56586085625 0.877664778125 0.55732545 0.7206065171875 0.5222987796874999 0.7173297625 0.50090665625
21 0.8830596328125001 0.6871406437500001 0.9017829515625 0.689439578125 0.9031238328125 0.6785189859375 0.9043053734375001 0.6648895125000001 0.7197554515625 0.6133686734375 0.7079825468750001 0.6211061734375 0.7085101359375 0.6408488796875 0.8830596328125001 0.6871406437500001
21 0.909785040625 0.6243042796875 0.9134908296875001 0.6247592921875 0.9158216734375 0.6135666890625 0.917345040625 0.6011598671875 0.9138487484375 0.5975821078125 0.7419166890625 0.5554817171875001 0.717208553125 0.556383525 0.7157975765625 0.5758882062499999 0.7532994390625001 0.5909877484375 0.909785040625 0.6243042796875
21 0.9736129953124999 0.745486221875 0.9938690125 0.5805141953125 0.95848158125 0.5722335796875 0.9279839593749999 0.7324716625 0.9708989984375 0.745152984375 0.9736129953124999 0.745486221875
21 0.43281303125 0.784361240625 0.43559655468749997 0.8017572171875 0.44198675156249995 0.8030009874999999 0.45398259999999996 0.8044738921875 0.4834725609375 0.6121682515625 0.4946107296875 0.6096002609375 0.6672118828125 0.6622777 0.680785921875 0.5917919859375 0.688614334375 0.5280346828125 0.6898137328125 0.510253171875 0.605151534375 0.4946105140625 0.45549174218750005 0.5195260390625001 0.4563366984375 0.536683990625 0.47039989687499995 0.5423463203125001 0.43281303125 0.784361240625
5 0.4151343484375 0.7871100531249999 0.4244326328125 0.7882517390625 0.4496980046875 0.6917180359375 0.46493167343749997 0.5676497671875 0.46584941874999997 0.544148940625 0.45354892500000005 0.5321437375 0.455135765625 0.5192199578125 0.465780703125 0.5126558218749999 0.4707514453125 0.49621195 0.5027206171875 0.4922661 0.5088880437500001 0.50614198125 0.5186773203125 0.5017387281250001 0.52178868125 0.47639872499999997 0.5248595218750001 0.42414388125 0.508081515625 0.43257869531250004 0.45136985 0.42167979375 0.43348601875000004 0.6634902203124999 0.40693831874999997 0.7835455765625 0.4151343484375 0.7871100531249999
5 0.467510028125 0.8166953375 0.47071806718750003 0.8065943421874999 0.5011003984375 0.8155722703125001 0.49419108906250003 0.8317781156249999 0.5040597859375 0.8395491484375001 0.5369810609375001 0.8278490328125001 0.539616475 0.8543442625000001 0.5580473984375 0.8566072953124999 0.56010235625 0.8398710015624999 0.5720167671875 0.8229678437500001 0.565849340625 0.8090919609375 0.57413526875 0.757634875 0.5949319125 0.74051045625 0.5868218484375001 0.79854844375 0.60715961875 0.7931744375 0.6176671234375 0.7236240625 0.63110874375 0.68867354375 0.6314938171875 0.6855373734375 0.6186920171875 0.67521101875 0.5181695578125 0.6445023484375 0.5065381578125 0.6430741921875 0.48105378125 0.65831116875 0.45732396406250003 0.8115090609375001 0.467510028125 0.8166953375
7 0.5053465 0.43001271250000006 0.51049310625 0.42014974374999997 0.5276228390625 0.4248767328125 0.53653943125 0.4404020328125 0.528150428125 0.4446194390625 0.523147015625 0.5012678625 0.5357437390625 0.5028145453125 0.563465071875 0.49355883125 0.612412634375 0.187064628125 0.6206742796875 0.11977892500000001 0.5802290796875 0.10861797656250001 0.5075500078124999 0.1075652796875 0.4970809328125 0.12071031875 0.4550852703125 0.4146583796875 0.47626799999999997 0.42644232187500003 0.5053465 0.43001271250000006
4 1 0.0597224265625 0.8063795484374999 0.0440962875 0.7831167484375 0.041239975 0.7767940734375001 0.0302311265625 0.636054125 0.012950432812500001 0.52141024375 0.00910645625 0.5118932734375 0.014497226562500002 0.5007510328125 0.0892171140625 0.503851925 0.104028334375 0.6232324609375001 0.117374559375 0.605601353125 0.252955215625 0.7324187875 0.2698383015625 0.7110864109375 0.41152380624999996 0.714653046875 0.4177339265625 0.7262844515625 0.419162084375 0.733714475 0.41954963125000005 0.7401649109374999 0.41509419843749995 0.7584651124999999 0.29009059062500003 1 0.3209367875 1 0.0597224265625
10 0.710794396875 0.4030920375 0.7288025234375 0.2904759 0.7310924562500001 0.27182589375 0.606079778125 0.2538666703125 0.6026958765625 0.2573867640625 0.59382535 0.299982596875 0.5835108875 0.3839871546875 0.5856589750000001 0.3877273390625 0.710794396875 0.4030920375
13 0.6870214609375 0.5073521921874999 0.6904053625000001 0.5038320984375 0.6845553046874999 0.4873714609375 0.68515568125 0.466455390625 0.6891743203125 0.4577657828125 0.6988671546874999 0.4589559140625 0.70225105625 0.4554358203125 0.7081541031249999 0.40735936562499997 0.705531884375 0.40467604531249995 0.6036391890624999 0.3899350328125 0.5853197265625 0.387685684375 0.5822742140625 0.3908537703125 0.5742712953125 0.42397953906249997 0.56549606875 0.49544803281250005 0.5801322453125 0.49724512968749995 0.6081749609375 0.4924236140625 0.6870214609375 0.5073521921874999
18 1 0.4809988328125 0.928218403125 0.46612691875 0.9259281093749999 0.45272708906250003 0.9162352765625 0.451536959375 0.9190029609374999 0.397172153125 0.9189529000000001 0.39716600625 0.9099263453124999 0.446826734375 0.89910554375 0.44680996874999995 0.8958975046875001 0.45691096406250004 0.7981585703125 0.4435982703125 0.8077098984375001 0.453954059375 0.9680958765625001 0.481911709375 0.9894201 0.4845299953125 1 0.48305600000000004 1 0.4809988328125
16 0.1853648265625 0.28031744375 0.18212242812499999 0.27467188125 0.0276880484375 0.24391763437499997 0.027649017187500003 0.2442355109375 0.0328527921875 0.2563438734375 0.1558216109375 0.2767032859375 0.18536321875 0.2803305390625 0.1853648265625 0.28031744375
16 0.17312715781250002 0.3671641390625 0.17324120781250002 0.3662352859375 0.06035120468750001 0.343299140625 0.015940034375000002 0.34440544375000004 0.0155678359375 0.353936334375 0.14185468125 0.3694424078125 0.1631295984375 0.37166108124999997 0.17312715781250002 0.3671641390625
16 0.1920287171875 0.194566084375 0.1962519390625 0.1916490265625 0.1963806703125 0.19060059375 0.040423659375 0.14019439843749998 0.040079143750000004 0.143000259375 0.03945815 0.1544683953125 0.086335478125 0.17334282343750002 0.18020653749999999 0.193114503125 0.1920287171875 0.194566084375
16 0.060602020312500005 0.4582490265625 0.1599277953125 0.4586379421875 0.162395309375 0.45456804218749997 0.16268446718750001 0.45221304218749997 0.121122103125 0.4381308609375 0.0252368359375 0.44337666875000004 0.025206615625 0.443622790625 0.0335544890625 0.455321565625 0.0527032171875 0.457672734375 0.060602020312500005 0.4582490265625
16 0.20220310000000002 0.096704184375 0.0536409890625 0.0325478890625 0.0515952765625 0.0572220796875 0.14917207500000002 0.097998371875 0.20867395000000002 0.1053042828125 0.20220310000000002 0.096704184375