19 0 0.9073929578125 0.370596140625 0.9794295515625 0.372981696875 0.9743221468750001 0.377306484375 0.980733909375 0.413220853125 0.9877149562499999 0.4774909921875 0.73863106875 0.483310853125 0.69333644375 0.11562277812499999 0.5581953296875 0.036519015625 0.5454720234375 0 0.5463058671875001 0 0.9073929578125
19 0.917412378125 0.5062584171875 0.8619531078125 0.4742549625 0.807276575 0.46893273593749996 0.75608054375 0.48153095468749996 0.76296898125 0.49215510937499996 0.7940713765625 0.5061595265625 0.8760158234375 0.524740821875 0.8834011593750001 0.5328086578125 0.8559969671875001 0.6123748796874999 0.8467010296874999 0.7113784375 0.8363343015625 0.7186485296875 0.7271922953125001 0.6762102062500001 0.6701719749999999 0.6624736718750001 0.67002905625 0.647854896875 0.7046756656250001 0.5617377343750001 0.7168848546875 0.4938088953125 0.6813103734375 0.5028113656250001 0.63146211875 0.493121846875 0.575721434375 0.50351021875 0.5632967609375 0.53160355 0.5025300203125 0.7930412234374999 0.5057268968749999 0.8175388046875 0.52099446875 0.8311181515625 0.5174458265624999 0.8596103546875 0.739409978125 0.9540232640624999 0.7475891546875 0.955613134375 0.7831551046875 0.8131014078125001 0.7940890828125 0.7926770390625 0.941966240625 0.8385135171875 0.9588389109375001 0.7517111515625 0.909615990625 0.7408517703124999 0.9046447921875 0.7306002890625 0.9221725171875 0.5483037703125 0.93253924375 0.541033678125 0.9600907828125 0.547715609375 0.917412378125 0.5062584171875
15 0.7037724546875 0.56766385625 0.6688422187499999 0.6603581578125 0.8365213062500001 0.7150371296875 0.8401940578125 0.7157510406250001 0.8493464609375 0.6888123578124999 0.85658445 0.6106320375000001 0.8659551671875001 0.5726599 0.878523659375 0.55073600625 0.8812019421875 0.5369574390625 0.8813612328125 0.5292286453124999 0.7922447218750001 0.5066003343750001 0.7487154390625 0.484874559375 0.7276257921875 0.480775146875 0.7215904453124999 0.48623426406250003 0.7037724546875 0.56766385625
15 0.909042465625 0.738684284375 0.9609996859375001 0.7487837453124999 0.9966143703125001 0.5655620765625 0.9288416312500001 0.5431668125 0.9218124875000001 0.5537385703125 0.9066989015625 0.73385144375 0.909042465625 0.738684284375
21 0.908984703125 1 0.9395841265625 0.8425796125 0.81476691875 0.79735963125 0.789559165625 0.7990920109374999 0.7481011093750001 0.971431128125 0.7743752265625 0.9898028390625001 0.7714616421875 1 0.908984703125 1
2 0.9255211390625 0.93130505 0.9423449312500001 0.844754140625 0.9215051187500001 0.8368104375 0.8771293859375 0.90644545625 0.9244906203125 0.9311047374999999 0.9255211390625 0.93130505
7 0.748792334375 0.48191996093749995 0.8028994031250001 0.464581775 0.8349189406249999 0.3246778828125 0.8470349046875001 0.26234665156250003 0.759216134375 0.2491637796875 0.702494934375 0.47955292812500006 0.70305575 0.49012595000000003 0.7102442921875001 0.4915232609375 0.7277026875 0.47782054843750005 0.748792334375 0.48191996093749995
16 0.444188228125 0.336741721875 0.44063737343750004 0.3294192375 0.463644259375 0.3338913234375 0.4539899171875 0.3784405984375 0.42757509374999997 0.38126480156250003 0.44454663437499997 0.3911960046875 0.44305593906249996 0.39886496718750003 0.4541328375 0.393059375 0.45668989531250004 0.405494503125 0.44447628124999994 0.4017939609375 0.43205160625000005 0.42988729374999995 0.42409901874999995 0.4349737359375 0.4201216171875 0.41960961562500004 0.42558749999999995 0.3914900859375 0.41912560781249997 0.388907565625 0.414510603125 0.397295678125 0.37986841875 0.5550422203125 0.38379370625 0.560182515625 0.41633889843749994 0.5665086609375 0.429929946875 0.5687525578125 0.4343316796875 0.5563436265624999 0.4862378828125 0.5452099046875001 0.48914891875000005 0.5404699390625 0.46933669531250005 0.524680746875 0.481902075 0.4753915015625 0.5085301703125 0.4765881171875 0.49788203124999997 0.5262500359375 0.5048408234374999 0.5262762328125 0.5121535921875 0.5091273359375 0.5869038421874999 0.165514725 0.53328426875 0.1117170875 0.5276371453124999 0.110619396875 0.4812401234375 0.1051821578125 0.4223906234375 0.366992503125 0.42835561875000006 0.3721313421875 0.4348878640625 0.3641159046875 0.43694581093749996 0.3432926640625 0.444188228125 0.336741721875
10 0.8956044984375 0.4829847796875 0.9162835843750001 0.3974221203125 0.9195885703125001 0.38041943906250003 0.8271246765625 0.36376176875 0.8044521484375 0.46526655781250004 0.8187939500000001 0.46805432187499996 0.8549664828125 0.4713106265625 0.87772120625 0.47950861875 0.8956044984375 0.4829847796875
4 1 0.2270732796875 0.7769276625 0.18056511875 0.7637950296875 0.2430086421875 0.85269826875 0.261616134375 0.8333149421874999 0.3562712875 0.922739696875 0.37365370000000003 0.949200115625 0.2923122796875 1 0.30288453125000003 1 0.2270732796875
6 1 0.50796584375 0.9026132109375 0.484347134375 0.8971353703125 0.48328234999999997 0.8982396078124999 0.49251688125 0.9259340671875 0.5138175859375 0.9529744859375 0.5227877828125 0.9553390859374999 0.5232474140625001 0.9635687078125 0.5198065640625 0.9691775093749999 0.5063058125000001 0.9729416375 0.517649115625 1 0.5206059703125 1 0.50796584375