14 0.9253645781250001 0.318208134375 0.81593866875 0.6666697453125 0.87564768125 0.6951105156249999 0.88256953125 0.6968363265625 0.926019365625 0.5545536828125 0.93150228125 0.43568246874999994 0.9592673250000001 0.3953686140625 0.9693514796875 0.36138197656250004 0.9506340546875001 0.3266556359375 0.9253645781250001 0.318208134375
19 0.39584729687500003 0.49791843125 0.40745161249999995 0.4707521484375 0.412507953125 0.476307059375 0.4135648640625 0.549572375 0.46511589999999997 0.5688668265625 0.537375925 0.576147715625 0.55553636875 0.529144940625 0.558552240625 0.5041315421875 0.49789653281249996 0.46968437031250004 0.43573288750000005 0.44774389687499994 0.3644808703125 0.43642010937500003 0.2836364765625 0.43773445625 0.249893265625 0.585792096875 0.254590990625 0.586963371875 0.3003990140625 0.577181865625 0.31049131874999997 0.5560799296875001 0.3266561234375 0.549374709375 0.3589898046875 0.5424066203125 0.39284772343749996 0.5487012359375 0.39584729687500003 0.49791843125
21 0.4868969984375 0.6042228359374999 0.481848809375 0.6115526265625 0.5015783171875 0.648678421875 0.4960261234375 0.6580296640625 0.4005126375 0.6342154765625 0.3898796515625 0.5993577 0.39389130781250004 0.5509743484375 0.3610413953125 0.540636834375 0.31304691406249996 0.55228869375 0.298914428125 0.576677521875 0.2261667 0.5971874875000001 0.21354215000000001 0.609069615625 0.241847875 0.624715471875 0.24381326718750002 0.6664032062499999 0.24479872343750003 0.6666489078125 0.25500087968749996 0.6494660031249999 0.36180274687499997 0.6958212875 0.37355241875 0.698750809375 0.40812160000000003 0.68120195 0.5349770609375 0.72786035 0.5541658875000001 0.7090264328125 0.571789725 0.6125062984375 0.535399559375 0.5969918765625 0.4868969984375 0.6042228359374999
9 0.38798148593750004 0.5940534328125 0.395583571875 0.6301684390625 0.5000419703125 0.6562128421875 0.5032204046875 0.6485510624999999 0.48146673125 0.6066263625 0.4091985546875 0.586460771875 0.4157057796875 0.489316065625 0.401540690625 0.4621660828125 0.38798148593750004 0.5940534328125
2 0.4228433390625 0.5898627984375 0.45150813125000006 0.5990226515625 0.48916157812499994 0.608410709375 0.5228969359375 0.6019262921874999 0.5259128078125 0.5769128921875 0.475881934375 0.5644387953125001 0.4354556625 0.5586536171875001 0.43697990000000003 0.5719163218750001 0.4228433390625 0.5898627984375
4 0 0.54558093125 0.07050150937500001 0.536904678125 0.104277925 0.4143522703125 0.013812628125 0.3832082921875 0 0.43860771718749997 0 0.54558093125
4 0.11657555312500001 0 0.11516929843749998 0.008982371875 0.10658085625 0.01113525625 0.0828926703125 0.10614337968750001 0.09300127500000001 0.1108108484375 0.0919973421875 0.12129609999999999 0.1507467515625 0.13755430625 0.170459775 0.14246931406250002 0.2071536703125 0 0.11657555312500001 0
19 0.8906428140625 1 0.9206670562499999 0.8795793375000001 0.7756202 0.8219448234375 0.765011665625 0.8257411546875 0.7599675515625 0.8395132984375 0.711868765625 1 0.8906428140625 1
19 0.6638416874999999 1 0.7163546249999999 0.8335664656249999 0.7164926828125 0.8330127468749999 0.7209891234375 0.80215081875 0.40662656875 0.680829196875 0.373792959375 0.6962610875 0.34955594218749997 0.7224247953125 0.2151200453125 0.67387638125 0.120147240625 0.7060219062499999 0.037811212500000004 0.74561235625 0.005993759374999999 0.7698860515625 0 0.779723146875 0 0.8890324796875 0.44506641875 1 0.6638416874999999 1
15 0.72345251875 0.7988733734375 0.7674198062500001 0.6481312984375001 0.6011257062500001 0.5594330640625 0.5819287281250001 0.565382278125 0.5512130140625 0.7337871515625001 0.712311271875 0.7960955484375 0.72345251875 0.7988733734375
15 0.7690452875 0.8224526265625001 0.829692846875 0.844015096875 0.8362693484375001 0.8563903609375 0.8605226671875 0.8559960562500001 0.911961778125 0.8780806859375 0.9189932703125001 0.8798338343750001 0.9937118140625 0.5801541171875 0.9937427187500001 0.5800274562500001 0.891722009375 0.6533579781250001 0.8841701000000001 0.696564421875 0.8139179406249999 0.6683130312500001 0.7690452875 0.8224526265625001