4 1 0.469418684375 0.999065915625 0.46181117812499994 0.654296165625 0.48735175000000003 0.6696737828125 0.6638768140625 1 0.6450013046875 1 0.469418684375
4 0 0.530581309375 0.0217693 0.707878028125 0.30436321875 0.6861672890625 0.341309684375 0.6816308328125 0.32454303125 0.5069817421875 0 0.5279583859375 0 0.530581309375
4 0.347279315625 0.2432607734375 0.324349784375 0.0182057796875 0.0002214328125 0.0580037375 0.0292478609375 0.25594170625 0.0728981625 0.2652749734375 0.3273580359375 0.2457068 0.347279315625 0.2432607734375
4 0.6309655375000001 0 0.530792084375 0.0071571453125 0.5253503546875 0.0141222421875 0.5273815109375 0.0306646796875 0.534826909375 0.052839265625 0.5415381125 0.056213190625 0.747774121875 0.043484465625 0.774610990625 0.41590651875000006 0.7856658859375 0.44183587187500006 0.8101981593750001 0.44931858281250003 0.99601918125 0.43699752500000005 0.94236263125 0 0.6309655375000001 0
21 1 0.6432383203125001 0.0217693 0.707878028125 0.0576373671875 1 0.5177601968750001 1 1 0.9407883968749999 1 0.6432383203125001
6 0 0.5278283375 0.999319809375 0.46387898281249995 0.9957652875 0.43492971875 0.8195032796874999 0.4481760578125 0.77740383125 0.43865236875 0.6073452359375 0.451137021875 0.6137750578125 0.46504039218750004 0.5737067640625 0.47205913749999995 0.4093437953125 0.47964650000000003 0.4091173875 0.4649814484375 0.4042109328125 0.46348490625 0.3127380703125 0.4621224875 0.03567059375 0.48774618125 0 0.49780375 0 0.5278283375
5 0.3633302328125 0.5023504578125 0.3305084171875 0.504281490625 0.3265900546875 0.5236534140625 0.343292115625 0.6853230046875 0.3794695328125 0.685078934375 0.37667669375 0.6623330843749999 0.3818645296875 0.653300184375 0.5159996015625 0.6431274046875 0.628930515625 0.6397561265625 0.63505186875 0.666028871875 0.6694599953125 0.661804084375 0.6507184078125 0.48385545625 0.6178965921875 0.48578649062499996 0.6188846828125001 0.5066549546875 0.48500350625 0.518895540625 0.36767392499999996 0.5249058843750001 0.3633302328125 0.5023504578125
13 0.530529396875 0.505040934375 0.5369867046875 0.50634705625 0.533095828125 0.5131217328125001 0.5771102921875 0.510997090625 0.615959165625 0.5062270484375 0.6176310796875 0.49644517187500004 0.6168693968750001 0.49024175937500003 0.567749878125 0.500470834375 0.41398898749999996 0.504657446875 0.4018360546875 0.5082486171875 0.4031055265625 0.5185876406250001 0.46435049062499995 0.517364640625 0.530529396875 0.505040934375
13 0.628644884375 0.637429846875 0.4193071671875 0.6505394140625 0.42311558437499996 0.68155648125 0.63504721875 0.6639304640625 0.628644884375 0.637429846875
13 0.6259704921875 0.590006453125 0.6210830234375 0.5502012171875 0.621062309375 0.550072575 0.408622884375 0.5635629828125001 0.4157594171875 0.6088642609375 0.5912652859375 0.5942677171875 0.6259704921875 0.590006453125
20 0.61287611875 0.46252704375000003 0.589815809375 0.4465988703125 0.41975721562499996 0.45908352499999994 0.40940903124999994 0.46455208125 0.40653373125 0.4795979734375 0.571187234375 0.46764579531250006 0.61287611875 0.46252704375000003