4 0.0171556125 0 0.0095384109375 0.2181280953125 0.079735371875 0.2226640296875 0.081044103125 0.185186875 0.0547886140625 0.17593160000000002 0.0559519296875 0.142618571875 0.0826436625 0.1393814625 0.087510971875 0 0.0171556125 0
4 0.17576730000000002 0.06941172343749999 0.22493706093750002 0.0940594046875 0.35766865625 0.09869449531249999 0.3417143828125 0.42125085625 0.3461809046875 0.427660640625 0.4920106890625 0.446563625 0.5026348140625 0.446934628125 0.519221921875 0.4420417796875 0.5436383015625 0.101019490625 0.52755188125 0.0691886921875 0.18096089531249998 0.05500086562499999 0.1745692890625 0.058946871874999994 0.17576730000000002 0.06941172343749999
6 0.6291997703125001 0.5605354671875 0.629816125 0.5876568328125 0.98818305 0.638997015625 0.9938804890625 0.639195975 0.9947166234375 0.6152522421875 0.994020384375 0.5899521109375 0.91351225625 0.5225180046875 0.8502885625 0.49737954999999995 0.826938046875 0.494479528125 0.8350713125 0.530201803125 0.8300958390625001 0.5383664671874999 0.7023397171875 0.5255667125000001 0.6776457765624999 0.51636596875 0.68015251875 0.4893536640625 0.6756132890625001 0.4850259453125 0.596555990625 0.4655883765625 0.5830110078125 0.4505231546875 0.46745644375 0.4464879 0.2590087703125 0.41627811093749995 0.0608375671875 0.40518861250000004 0.037632467187500004 0.3981244625 0.053538778125 0.3903415109375 0.0475834140625 0.3817951328125 0.00387633125 0.3802688484375 0.002640265625 0.41566515156249995 0.47609866093750003 0.4676357234375 0.6205955671875001 0.4935276984375 0.6559295171875 0.5114384140625 0.6291997703125001 0.5605354671875
4 0 0.5826005703125 0.015358020312500002 0.5831368828125 0.0203741859375 0.57940341875 0.0118046765625 0.55617353125 0.01950833125 0.4251125453125 0.00262213125 0.41618445312499996 0 0.49127247656249995 0 0.5826005703125
4 0.1614774328125 0.433848559375 0.15555344843750002 0.5587178828125 0.164777321875 0.5632091953125 0.6135767750000001 0.6274789296875001 0.6268621390625 0.6279428640625 0.62921149375 0.5606661640625 0.6605531765625 0.5138147656250001 0.6592824578125 0.5054319781250001 0.64232355 0.4985859515625 0.5554585109375 0.47887573124999994 0.1614774328125 0.433848559375
6 0 0.6875554703125 0.9821581671875 0.8639237703125 0.98758965 0.8641134421875 0.9919975296875 0.7378882984375 0.9441364999999999 0.6757634625 0.139869803125 0.560124515625 0 0.5922397046875 0 0.6875554703125
4 0.9913274671875 0.7391677765625 0.9919520875 0.7391895875000001 0.9954874796875 0.6379492156250001 0.6328827796875001 0.5898485265625 0.6298670859375 0.6314352796875 0.9441364999999999 0.6757634625 0.9913274671875 0.7391677765625
4 0.9828443874999999 1 0.9876941671875 0.8611204734375001 0 0.687919546875 0 0.9812809359375001 0.536043878125 1 0.9828443874999999 1
13 0.01326615625 0.5846272859375 0.1571695265625 0.557210865625 0.16200290312500001 0.46357250624999996 0.1567019046875 0.43628755 0.014964557812500001 0.42091495625 0.0092524921875 0.5844871265625 0.01326615625 0.5846272859375
20 0.15818705 0.41614481718749996 0.22942832812499997 0.4131605359375 0.1283639421875 0.3971236703125 0.033109503125 0.3937973125 0.028206737500000002 0.3998799140625 0.1405220015625 0.415527940625 0.15818705 0.41614481718749996
10 0.6668497859375 0.3782748640625 0.6760736609375 0.382766175 0.7211404359375 0.39059374999999996 0.717328278125 0.3654453890625 0.6915090328125 0.343697728125 0.6009392390625 0.3405349625 0.5918921578125 0.4652952234375 0.6641593 0.4760269734375 0.6860600171875 0.4767917625 0.6949543359375 0.468894234375 0.6955013 0.40845984062499996 0.6581695578125 0.4029869828125 0.6557008265625 0.38413934375 0.6686294562499999 0.3720832015625 0.6668497859375 0.3782748640625
10 0.6955467421875 0.4071585515625 0.6948543640625 0.47175707187500004 0.7560238890625001 0.4792349546875 0.76652896875 0.4796018015625 0.7729350890625 0.38484577343750004 0.7640020437499999 0.3720262046875 0.7495465625 0.42780569531249996 0.7341492015625 0.42101419843750004 0.73153505625 0.40633068906250003 0.6955467421875 0.4071585515625