23 0 0.530581309375 0.0298463171875 0.7736600578124999 0.041155106250000004 0.8016572156249999 0.04660795625 0.80439853125 0.049079634375 0.8040950468749999 0.0608084109375 0.7950461375 0 0.3244771265625 0 0.530581309375
8 0.22210935156249997 0.429171740625 0.1376015875 0.43325105312499995 0.14132754375 0.5020598640625 0.168453734375 0.5050261218750001 0.1762969765625 0.5817253109375 0.2150683109375 0.5769647890625 0.205928109375 0.502523828125 0.23178482812499998 0.4951510640625 0.22210935156249997 0.429171740625
12 0.21663078281249998 0.5640478828125 0.2135015890625 0.577025971875 0.1858401234375 0.5825213515625001 0.17577331875 0.5774604640625001 0.17295299375 0.5673118609375 0.1279782453125 0.572834065625 0.09975401874999999 0.5993883328125 0.1195577859375 0.7606770828125 0.135574109375 0.7629084828125 0.1331241390625 0.8198817296875 0.145277071875 0.8162905578125 0.14741817343750002 0.782444003125 0.1600788953125 0.7829884390624999 0.164786428125 0.75722268125 0.19115093593750002 0.7539855265625001 0.2660996859375 0.7489809359375 0.2820060625 0.8016013281250001 0.28499325 0.801890478125 0.29132388593749997 0.8011131734375001 0.28595191249999996 0.7696321562499999 0.296553990625 0.7662314046875001 0.2901791421875 0.727133540625 0.29463278125 0.6992999796875 0.27917270625 0.5605666578124999 0.21663078281249998 0.5640478828125
15 0.3599667109375 0.5511711453125 0.3545049921875 0.607595884375 0.3551520796875 0.6075164328125 0.3746311015625 0.580855265625 0.412894646875 0.5719591375 0.42016861250000004 0.554274175 0.3946142453125 0.4230772140625 0.4545622515625 0.4241124390625 0.4984664484375 0.43551351250000003 0.5860759203125 0.4310533578125 0.59360609375 0.3905251171875 0.59255903125 0.381997478125 0.5502348578125 0.3955734890625 0.436260878125 0.4032707984375 0.378652896875 0.3956513171875 0.33914736562500003 0.381611178125 0.35779160781249997 0.48217191406250004 0.3599667109375 0.5511711453125
15 0.40742258593749997 0.4127150734375 0.38855845 0.41293231874999997 0.41901927031249997 0.5456258234375 0.41687816875 0.579472378125 0.43546092343750004 0.589784575 0.6184616187499999 0.567314915625 0.6301067625 0.559588134375 0.6260444515625 0.5265032640625 0.6441129015625 0.41723681875 0.523654128125 0.43622525312500005 0.43632603750000004 0.4301559640625 0.40742258593749997 0.4127150734375
15 0.640007234375 0.39661995625 0.6399797484375 0.409217203125 0.6288698796875 0.4084823453125 0.6283346046875 0.416943984375 0.6438431375 0.415039775 0.652866878125 0.42442669375 0.6728905375 0.4849374625 0.67435893125 0.522538784375 0.69032028125 0.54996468125 0.7236223984375 0.5647665046875 0.77410440625 0.5592240234375 0.8850349156249999 0.54560346875 0.8806224296874999 0.4972128109375 0.890174928125 0.38269505625 0.8418170937499999 0.399127546875 0.7614266125 0.411097234375 0.6632425484375 0.40636089062499997 0.640007234375 0.39661995625
15 0.6756095890625 0.5429814515625 0.6802968328125 0.53243578125 0.6736131171874999 0.5164646078125 0.67290640625 0.48506669843749994 0.6603281453125 0.44673051875 0.65252185625 0.44191681875000005 0.6510033156249999 0.44210327187500004 0.6388700921875 0.4514642140625 0.6333733890625 0.48362380624999995 0.6405099203125 0.528925084375 0.6562448625 0.5416859296875 0.6729731390625 0.5433051671875 0.6756095890625 0.5429814515625
15 0.6113576765625 0.3812468703125 0.6285884984375001 0.41901178906250003 0.6438431375 0.415039775 0.6420658765625 0.4005651453125 0.64956625 0.3975452359375 0.6743524171875 0.40709575 0.7394607718749999 0.4116953234375 0.7681339328125001 0.40883063125 0.8379708390625 0.40025573750000004 0.8508683187500001 0.39591721562500004 0.8542788937499999 0.372409684375 0.8517124624999999 0.3643288859375 0.8263635328125 0.375837259375 0.683177234375 0.38922036875 0.6113576765625 0.3812468703125
1 1 0.5781205625 0.9107562484375 0.55031645625 0.7231304781250001 0.56076013125 0.6355759796875 0.540025790625 0.6228602859375 0.5646758484375 0.42175713750000005 0.5935661671875 0.37940379375 0.581974675 0.357129084375 0.6056994515625 0.3233806671875 0.677010559375 0.3056760578125 0.7379558171875 0.30745331875000004 0.7524304484375001 0.32916526562500004 0.7497645562499999 0.33534119375000004 0.761600121875 0.324326815625 0.9539595890625 0.32867050781249996 0.976515015625 0.32336385624999997 1 0.5305813078125 1 1 0.9423626328125 1 0.5781205625
1 0.5947668375 0.4285432 0.619521965625 0.4220974421875 0.6194037906250001 0.42113499374999996 0.612672978125 0.3788552078125 0.6062156703125 0.3775490875 0.609543784375 0.391833296875 0.589382690625 0.39430876875 0.5890537578124999 0.429244678125 0.5947668375 0.4285432
8 1 0.46941869062499997 0.9883547421875001 0.3745756765625 0.94907561875 0.3752005875 0.9502351453125 0.4359286015625 0.9758104828124999 0.43908528125 0.97592694375 0.5041393249999999 0.9989099984375001 0.5095820890625 1 0.509448253125 1 0.46941869062499997
12 1 0.5091597343750001 0.9795840453125001 0.5082818062500001 0.9700525171875001 0.494759278125 0.900264115625 0.5033282156250001 0.9014786140625001 0.538861734375 0.907400646875 0.5486294953125 1 0.580896621875 1 0.5091597343750001