6 1 0.695074771875 0.729725328125 0.6792211609375001 0.7221685328125 0.693938621875 0.7182816484375001 0.73984678125 0.7255123953125 0.7959791375 0.7546511687499999 0.8538127359375001 0.8169610359374999 0.931903840625 0.8423935390624999 0.9564637218750001 0.9892114890625001 0.9649704 1 0.9647820859375 1 0.695074771875
6 1 0.5210801234375 0.99854338125 0.501716146875 0.8685847593749999 0.4873153765625 0.8479844796875 0.47100574999999995 0.5994393812500001 0.46700951875 0.5478120171875 0.46374337656250003 0.5413811734375 0.45343737500000003 0.39282084375 0.4476959015625 0.3647001265625 0.44818674999999997 0.33832346874999997 0.45906540937500007 0.1569556375 0.45389659531250004 0.147509346875 0.449894178125 0.18166095625 0.43679615624999996 0 0.42755682500000003 0 0.4530265296875 0.022782898437499997 0.46665684062499996 0.7593718546875 0.497556296875 0.9096398828125001 0.511602565625 1 0.5286589234375 1 0.5210801234375
13 0.32852681875 0.74834294375 0.3324479703125 0.7482745000000001 0.3356716140625 0.48619915625 0.1470119859375 0.47959488281249996 0.13709163124999998 0.4797680421875 0.13937316875 0.6104773 0.33022365 0.621731546875 0.3323313 0.6529495171875 0.301776884375 0.693072209375 0.3011236015625 0.7451748796875 0.32852681875 0.74834294375
20 0.3662260296875 0.44607646562500003 0.1847854796875 0.4367416171875 0.14442118125 0.45203173281250003 0.3414479921875 0.459010871875 0.3662260296875 0.44607646562500003
4 0.0102552609375 0.46518254687500005 0.008004540625 0.604826428125 0.12019002187500001 0.608207578125 0.13932772031250001 0.6078735281250001 0.13698028125 0.47338880625 0.0102552609375 0.46518254687500005
4 1 0.5267477296874999 0.7797198937500001 0.49941500000000005 0.3371634296875 0.48213604375 0.33218931875 0.7343446 0.329319309375 0.74898025 0.30279721406250004 0.751526846875 0.299128484375 0.8099331031249999 0.305741125 0.8306541875000001 0.35733213125 0.8318373125 0.3619098390625 0.82550645625 0.3734977734375 0.6836159421875 0.385632278125 0.6625676265625 0.413789353125 0.66415979375 0.42457975000000003 0.65563684375 0.44111016718749996 0.6178425921875 0.44637751718749996 0.56149208125 0.455496575 0.5467473515625 0.49618810625 0.55020438125 0.47152269531249996 0.8381787109375001 0.7191134515625001 0.8509168890625001 0.7437809125 0.8504863171875 0.744882190625 0.831323553125 0.7220288234375001 0.7754638921875 0.7210107671875 0.7171394421875 0.7297662328125 0.6815645546875 1 0.6974157640625 1 0.5267477296874999
4 0.5426796453125 0.08018078125 0.5371249687499999 0.38865803906249996 0.5431570453125001 0.465647825 0.7045559953125 0.46830017812499997 0.7276416546875 0.46789721562500003 0.7434842625 0.035002709375 0.31513359375 0.02581039375 0.3089572640625 0.030085503125000003 0.3091754203125 0.042583598437499995 0.336242903125 0.07128224375 0.5426796453125 0.08018078125
4 0 0.22326358281249997 0.139631971875 0.22812288125000002 0.154582053125 0.2278619265625 0.1542013375 0.11704443125 0.1522629375 0.005993609375 0 0.008651368750000001 0 0.22326358281249997
4 1 0.9636068375000001 0.8455256703125 0.9564090515625001 0.8009824328124999 0.9113462406249999 0.743395709375 0.8352563453125 0.7368804890625 0.9943786609374999 1 0.98978589375 1 0.9636068375000001
10 1 0.4956365421875 0.9973787046875 0.345462675 0.8629514531250001 0.343641809375 0.859174828125 0.485395978125 1 0.5037533828125 1 0.4956365421875
21 0.30250440625 1 0.302249553125 0.72015141875 0.3115504078125 0.7158217703124999 0.3124945640625 0.6803832265625 0.333857203125 0.6508392328125 0.33338453437500004 0.6237600234375 0.001712315625 0.602461925 0.008651368750000001 1 0.153325975 1 0.2573814484375 0.83553538125 0.26210459375 0.8375365890625 0.2618942828125 1 0.30250440625 1
5 0.4148342234375 1 0.45420011562499996 0.9993128656250001 0.49785699687499996 0.556285834375 0.49774580156250003 0.549915453125 0.45238145625000004 0.546541271875 0.44482466093750006 0.5612587312499999 0.44257275625 0.6113056546875 0.42153735000000003 0.65959679375 0.387167584375 0.6601967203125 0.37190855625 0.6812995765625 0.3433783765625 1 0.4148342234375 1