11 0.8210175187500001 0 0.6440933546875 0.070907715625 0.6648302421875 0.27825942656249997 0.7371850734375001 0.277771284375 0.7710839546875 0.3743600078125 0.8555917203125001 0.3702806953125 0.8792118468749999 0.2036601625 0.889813925 0.20025941249999998 0.92931945625 0.2142995515625 0.9321397812500001 0.22444815468749998 0.9103793765624999 0.367751575 0.987132875 0.3646243671875 0.9423626328125 0 0.8210175187500001 0
9 0.7356175 0.4188577109375 0.8195332375 0.41668769687499996 0.8802491171875 0.40923272343750006 0.9085239062499999 0.40392440937499996 0.911172796875 0.3742134625 0.9181653796875 0.36705794531249997 0.9345115421875001 0.21812237343750002 0.880032753125 0.19752480156250002 0.8524942640625 0.383517259375 0.7346294078125 0.39798924375 0.7356175 0.4188577109375
21 1 0.46941869062499997 0.9883864796875 0.374834153125 0.918879459375 0.372873646875 0.9113790859374999 0.3758935546875 0.9134102421874999 0.39243599218749997 0.9038237406249999 0.4041079609375 0.851856409375 0.4167856828125 0.6903412531249999 0.42192439843749996 0.6665431765625 0.43324235 0.594950028125 0.43993390468750004 0.48413272812499997 0.422055875 0.05299549375 0.47499287187499994 0.0444520578125 0.482338809375 0.0457215296875 0.4926778328125 0.058862553124999994 0.5099551265625 0.182484521875 0.5808343890625001 0.20388760156250002 0.6012951875 0.21684925000000002 0.9376392843750001 0.2129043671875 1 0.25201909375 1 0.25970386562500003 0.837923353125 0.2570419453125 0.63674823125 0.261186715625 0.632041359375 0.2872698421875 0.6393336484375001 0.38198835781249996 0.6927720203125001 0.47317983906250005 0.70466388125 0.539866534375 0.696475784375 1 0.580814140625 1 0.46941869062499997
2 0.708201428125 0.4007094484375 0.68079385625 0.408272634375 0.6906617390625 0.3860712234375 0.63587408125 0.38860034374999997 0.6087204046875 0.39823133125 0.5642809328125 0.3952918984375 0.5448540359375 0.4165680296875 0.5471390859375 0.4351782703125 0.5902815984374999 0.4403759296875 0.6389044078125 0.43571766093750003 0.6681574218749999 0.4321258421875 0.6701917765625 0.41167338437499995 0.67769215 0.40865347500000004 0.680512475 0.418802078125 0.7040291703125 0.41801356875 0.7045644453125 0.40955193124999995 0.716971271875 0.4080285640625 0.7334953843750001 0.4143955734375 0.708201428125 0.4007094484375
5 0.6683609546875 0.666005803125 0.6336309609375 0.8318914765625 0.6362492484375 0.8532157093749999 0.639447884375 0.8528229671875 0.64522113125 0.8493591921875 0.66949299375 0.7393310625 0.7078115125 0.7052404375 0.717370528125 0.7061657171875 0.73473878125 0.6809443953125001 0.733469309375 0.670605375 0.7200469046875 0.663857521875 0.7138160046875 0.677216453125 0.7021983484375001 0.6723459859375 0.702225834375 0.6597487375 0.71488655625 0.6602931765625 0.71257401875 0.654280184375 0.6782013499999999 0.6564016374999999 0.6683609546875 0.666005803125
5 0.764998415625 0.6837882875 0.773260471875 0.6869717921875 0.7697059484375 0.6580225296875 0.777741596875 0.6465409828124999 0.8333184234375001 0.6376180265625 0.8418343734375 0.6428693359375 0.9402303906249999 0.9057540484375 0.948211065625 0.919466996875 0.9588131437499999 0.9160662453124999 0.8606985093749999 0.6426520921875001 0.864081596875 0.63174180625 0.9054468484375 0.622464834375 0.922787615625 0.6098407625 0.9212642499999999 0.5974339359374999 0.9073065687499999 0.5991477234375 0.7413102859375 0.64471725 0.7546082890625 0.9453374078125 0.762064403125 0.970003215625 0.7704694734374999 0.968971203125 0.7716401890625 0.9558400265625 0.7633925890625 0.7091732046875 0.764998415625 0.6837882875
5 0.7192152703125 0.399094746875 0.771754678125 0.39264371875 0.7703537234375 0.381233859375 0.7515958390625 0.305781125 0.7369314484375 0.2760970046875 0.5787718921875 0.2829226828125 0.605650703125 0.3992641734375 0.623217878125 0.4013051515625 0.660973634375 0.38827341249999997 0.7192152703125 0.399094746875
5 0.4077659359375 1 0.3890699171875 0.76326779375 0.4658783890625 0.734946090625 0.49467189375 0.8027759718749999 0.5031878437499999 0.8080272796875001 0.4917900796875 0.70237883125 0.3899965203125 0.6938877203125 0.2588741796875 0.6260283671875 0.2582014703125 0.6974762453125 0.27134249375 0.7147535390625 0.2630529515625 0.7241672828125 0.2573023546875 0.7542590703125 0.25623831875 0.88662538125 0.2565197 0.8760959390625 0.27930219843750004 0.8565067687499999 0.2782866203125 0.8482355515625001 0.26458283437499996 0.8520171421875 0.2628055734375 0.8375425125 0.2769006859375 0.7728424859375 0.2859793984375 0.757034909375 0.2845110046875 0.7194335859375001 0.3118910890625 0.72446765 0.3591234015625 0.7501529328125 0.38538671875 1 0.4077659359375 1
5 0.11243476562500002 0.2878384 0.10862580468750001 0.28830608125 0.10734866093749999 0.3026310015625 0.1571264328125 0.464437365625 0.3339803359375 0.4463956484375 0.35767683125 0.44348608437500003 0.35670205781250003 0.4355471921875 0.3225534375 0.32448369062500004 0.3042795515625 0.2910448015625 0.11243476562500002 0.2878384
19 0.134935975 0.603858003125 0.1145484734375 0.591668421875 0.093879590625 0.590008284375 0.0093443390625 0.60668484375 0.0547597125 0.9765633734374999 0.0680463421875 0.9749319796875 0.20527919843750003 0.9331565296875001 0.2148656984375 0.9214845609375001 0.207153375 0.6663561015624999 0.1971140578125 0.648697965625 0.134935975 0.603858003125
14 0.009249128125 0.60590941875 0.0357105640625 0.6026603640625 0.03952038125 0.5960268265625001 0.0346689 0.5693357890625 0.015070568749999999 0.5507523734374999 0.0021559515625000003 0.54814013125 0.009249128125 0.60590941875
3 0.3898585265625 0.3722361609375 0.4144182859375 0.3671216234375 0.453162134375 0.37495835 0.457162571875 0.42025113281250004 0.50333570625 0.41458178593749995 0.50501951875 0.41266962031250004 0.495680396875 0.310966359375 0.5057746875 0.30343 0.5616054078125 0.29657485 0.5683780984375 0.3901973140625 0.596012078125 0.39729918125 0.60325855625 0.39221146562500003 0.577141428125 0.28207339375 0.65959055 0.274048890625 0.6562624359375 0.2597646828125 0.6417969671875 0.257342859375 0.633953725 0.1806436734375 0.6322589234375 0.1283772984375 0.6501074796874999 0.1198888359375 0.645029590625 0.0785327453125 0.5463377375 0.06966079375 0.26851509375 0.20452410781250002 0.27996783125 0.284978059375 0.3226025546875 0.28604011093750004 0.32945770625000004 0.34187083125 0.3553759125 0.424746609375 0.39310418125 0.424312115625 0.3898585265625 0.3722361609375