6 1 0.674144075 0.9369422078125 0.6271762953125 0.11270449375 0.6036146062500001 0.0066752468750000005 0.6404642484374999 0.013217240625000001 0.765292940625 1 0.803847715625 1 0.674144075
4 0.9338214890625001 0.62733984375 0.971114240625 0.6552440421875 0.9739033828125001 0.6550978703125 0.9787108968749999 0.6479354078124999 0.9786696515625 0.5874379890625 0.9707588250000001 0.5857663859375 0.62450213125 0.576792428125 0.6252314703125 0.6205642453125 0.9338214890625001 0.62733984375
6 0.6229485875 0.5770042328125 0.987929584375 0.584996890625 0.9845156609375 0.5497105359375001 0.825678825 0.4745871265625 0.79258419375 0.47006296562500005 0.7959981171875 0.50534931875 0.6599198140625 0.506222303125 0.6424287703125 0.5008803937499999 0.6409023046875 0.4717537 0.604905021875 0.47155404375 0.6119096890625 0.4857902921875 0.617831378125 0.5689276453125001 0.6229485875 0.5770042328125
4 0.057586665625 0.47755044062499996 0.066234184375 0.6126997484375 0.07113332812499999 0.6166153796875 0.1298817890625 0.6031055421875 0.5910523234375 0.6141411156250001 0.6201210765625 0.6126176875 0.614274171875 0.5010521046874999 0.6142398171875 0.5005322953125 0.57737026875 0.48368881406249997 0.38892786562500004 0.4706165453125 0.0649523265625 0.468819653125 0.057586665625 0.47755044062499996
6 0.39572819375 0.450962878125 0.267342653125 0.4493465109375 0.249633540625 0.43984364375 0.108983196875 0.44304243125 0.07342204687500001 0.4511646890625 0.0678348125 0.4639746578125 0.4956662875 0.4770182296875 0.575898778125 0.48533057812499997 0.6105867843749999 0.49733368125000005 0.613261690625 0.4971934953125 0.6258302546875 0.4827137796875 0.6126931859375 0.47088511093749996 0.5244408359375 0.4588206828125 0.5158758109375 0.4446662078125 0.496933440625 0.44148655156250005 0.39572819375 0.450962878125
13 0 0.5130929515625 0.00679109375 0.6426747578125 0.0651034234375 0.62084300625 0.0590314546875 0.47512775625000003 0 0.4782214640625 0 0.5130929515625
6 0 0.466910396875 0.0023201921875 0.46779929375 0.014335896875 0.4675607390625 0.0709639078125 0.46459299062500004 0.083240775 0.459386040625 0.0797929578125 0.45330815625 0 0.44948063281249995 0 0.466910396875
20 0 0.45131155312500004 0.060952806250000005 0.4520789484375 0.1088877921875 0.4412220109375 0.103879615625 0.4352259015625 0.045928279687500004 0.43409061875 0.024880384375 0.42059034375 0.0224138671875 0.4332367625 0 0.43441142499999996 0 0.45131155312500004
10 0.7020692234375 0.38496999375 0.611568421875 0.389712940625 0.6134897734375 0.36666413124999997 0.6733285687499999 0.3739590734375 0.6723472687500001 0.3552347703125 0.654529125 0.343651425 0.6475244578125 0.329415178125 0.513115546875 0.332286865625 0.5166458578124999 0.45935958593750004 0.61937710625 0.4734033359375 0.6386865546875 0.47239137031249995 0.6440162078125 0.47146012031250006 0.6618682453125 0.45383499531249993 0.7211618734374999 0.45072754843749996 0.719485128125 0.35902295624999997 0.70935974375 0.344950259375 0.7020692234375 0.38496999375
4 0.23677389375 0.1049013875 0.251207528125 0.4400219265625 0.25643377031250003 0.45017899375 0.3989715734375 0.453139865625 0.4313029734375 0.443100678125 0.42590439062499996 0.10124805625 0.40833820468750004 0.0646171984375 0.0377699734375 0.0694345078125 0.0317466046875 0.073922565625 0.0370818796875 0.086160109375 0.08509200624999999 0.106592121875 0.23677389375 0.1049013875
4 1 0.7998590484375 0.013115021874999999 0.7633424921875 0.0255177171875 1 0.5130929578125001 1 1 0.9744822828125 1 0.7998590484375