19 1 0.5360438875 0.9963938890625 0.4327783828125 0.9927822515625 0.43009029062500004 0.6929546703125 0.406685696875 0.677702725 0.41764132343749993 0.6519206625 0.4628394703125 0.46063101093750003 0.46951945312500004 0.45048611406249994 0.4868111203125 0.44960310468750003 0.5454714218750001 0.344198603125 0.549152228125 0.2986462203125 0.5598630921875001 0.29965009062500003 0.700538753125 0.45910256718750003 0.8734647000000001 0.482162253125 0.8622364234375001 0.5579241890625 0.849167740625 0.5750371859375 0.835541371875 0.5994601328125 0.8633517984375001 0.7556047421875001 0.9851250484375 1 0.9765905765625 1 0.5360438875
5 0.141697053125 0.5971340765625001 0.168431325 0.52323938125 0.16416391875 0.5129653859375 0.16854389375 0.49848078906250004 0.17959763281250002 0.507214921875 0.1693618515625 0.5219040109375 0.188699434375 0.51601721875 0.19223976874999998 0.505470571875 0.21380194062500002 0.5073233578125 0.1974377015625 0.5144091953125 0.2095128484375 0.5244105375 0.17520011875 0.6611079734375 0.19644212187500001 0.5978280890625001 0.21514351718750002 0.5737232359375 0.207063125 0.5661881484375 0.21693536875000002 0.5410887390625 0.2207266703125 0.56571100625 0.230759 0.5731779312499999 0.24587669218750002 0.6143420749999999 0.2487418125 0.69638841875 0.24882873437500003 0.6963853828125 0.251732496875 0.6141375859375 0.2571338828125 0.6009201953125001 0.27043389218749997 0.5900327328125 0.27708597031250004 0.640612640625 0.2815093140625 0.5714056921874999 0.3030931703125 0.5458973046875 0.3197300625 0.5466192078125001 0.30275131875 0.5081258078124999 0.320885725 0.49576664687500005 0.33457095625 0.46792833125 0.36050291093750003 0.3108966453125 0.3603560796875 0.3066919890625 0.2554204765625 0.3000154390625 0.2315469796875 0.3998677734375 0.1446404203125 0.40159974062500003 0.14105671718749999 0.4668687359375 0.162982425 0.47913184375 0.141697053125 0.5971340765625001
5 0.22781800468750002 0.37283300625 0.2346260203125 0.3439319703125 0.228882784375 0.31937786562500003 0.14855902031249998 0.318404490625 0.1457872484375 0.3185012828125 0.1452005375 0.3574777921875 0.1503075859375 0.3638138359375 0.18739435468750001 0.36251873749999997 0.20636944062499998 0.37423344531249997 0.21759305312500002 0.37384150781250003 0.22781800468750002 0.37283300625
5 0 0.508727534375 0.000960996875 0.536246884375 0.04561910625 0.7206795968749999 0.0458879859375 0.7206702078125 0.028265707812500002 0.599010584375 0.033394440625 0.5779854531249999 0.026517225 0.5769227328125 0.025223164062499998 0.5678477828124999 0.0340523140625 0.5688423390625 0.045469589062499996 0.5879867937500001 0.052779539062500005 0.629423590625 0.0681654828125 0.6698748125 0.06808220000000001 0.6674899015625 0.055774568749999996 0.6032614609375 0.029443054687499998 0.5207968484375 0.0579950109375 0.4989537609375 0.047962682812500004 0.49148683593750003 0.0434226234375 0.4734051 0.0254400078125 0.2942360390625 0.020332959375 0.2878999953125 0 0.28861003749999997 0 0.508727534375
9 0.0823687203125 0.330878346875 0.08182341562499999 0.315262865625 0.078486534375 0.3036534984375 0.0687268578125 0.3039943140625 0.0666840390625 0.301459896875 0.028666745312500002 0.30409036718750004 0.028939396875000002 0.3118981078125 0.030982215624999997 0.314432525 0.0349336015625 0.37162112812500003 0.03799783125 0.3754227546875 0.0711807296875 0.37426398125000004 0.0732235484375 0.37679840000000003 0.109437459375 0.3742927078125 0.10929897656250001 0.370327109375 0.1003688734375 0.3706389546875 0.0983260546875 0.3681045390625 0.0925611328125 0.3709116078125 0.08754496875 0.36717814375 0.0844115390625 0.333412765625 0.0823687203125 0.330878346875
21 0.2856226796875 0.55908015 0.286299496875 0.5588741125000001 0.2858014515625 0.5446119734375 0.28151153125 0.539289696875 0.27955959531249996 0.539357859375 0.279373490625 0.539624934375 0.2799248546875 0.5554139218749999 0.2817968875 0.55921375 0.2856226796875 0.55908015
21 0.2869859421875 0.5981188546875 0.2876691203125 0.5980949984375 0.2867314984375 0.5712450437500001 0.28474926875 0.5704456812500001 0.282143796875 0.5741847203125 0.282707278125 0.5903207203124999 0.284545815625 0.5926016953125 0.28463669999999996 0.5952042750000001 0.2869859421875 0.5981188546875
21 0.2831022015625 0.53571638125 0.283926353125 0.5356876015625 0.2829720703125 0.5083605078125 0.282665646875 0.5079803453125 0.2768098421875 0.5081848359375 0.275879315625 0.50952020625 0.2764246203125 0.5251356875 0.2831022015625 0.53571638125
21 0.368971221875 0.39669740937500003 0.3693434328125 0.3961632609375 0.3726115296875 0.3890136015625 0.372475203125 0.38510973125 0.3698195375 0.3818149890625 0.3503001859375 0.3824966203125 0.34610338125 0.391033703125 0.3462197125 0.39436500625000004 0.3467972390625 0.3974717421875 0.368971221875 0.39669740937500003
21 0.3178548046875 0.50271259375 0.3198976234375 0.5052470109375 0.32035204375 0.5182599125 0.3223948625 0.5207943296875001 0.3232128203125 0.544217553125 0.32648133125 0.5482726203125 0.33438666875 0.547996559375 0.332300878125 0.4882673421875 0.3309730453125 0.4866199703125 0.3297698671875 0.4801476015625 0.3289302265625 0.484085553125 0.3177639203125 0.5001100125 0.3178548046875 0.50271259375
21 0.0445971 0.3767557546875 0.0366056328125 0.3770348234375 0.03833354375 0.3988628171875 0.226874359375 0.3985326359375 0.2347556 0.3982574171875 0.2351930171875 0.3937472140625 0.23458375625 0.3763002203125 0.0445971 0.3767557546875