11 1 0.1698242484375 0.859484740625 0.1690641015625 0.8514043765625001 0.1756378875 0.8438402421875001 0.199517278125 0.8337397859375001 0.2077345109375 0.83779219375 0.2237746703125 0.8251961703124999 0.2807532578125 0.79643941875 0.350879415625 0.8035280765625 0.37411793437499996 0.8333458140625 0.38369944375 0.8429544906249999 0.3968307140625 0.8359310375 0.47666981562500005 0.8399793687500001 0.4862676265625 0.8627206749999999 0.49193767031249996 0.9384272234375001 0.3562213890625 0.9611644546875 0.35544908125 0.998570778125 0.3798053078125 1 0.382587953125 1 0.1698242484375
9 1 0.3841978546875 0.943951928125 0.34699748750000003 0.849064703125 0.5144323890625 0.7323219234375 0.47888380937499997 0.7257617203125 0.49227794999999996 0.8354730984375 0.540163825 0.8569635859375 0.5455220062499999 0.915788834375 0.5568339234375 1 0.399699240625 1 0.3841978546875
5 0.691379421875 0.4557930265625 0.7195390109375001 0.4854928703125 0.7224735515625 0.4862245328125 0.7328300015625 0.48330471093750005 0.8283434875 0.507118896875 0.8398907515625 0.389759696875 0.683217553125 0.3335197875 0.6605496 0.4438120671875 0.691379421875 0.4557930265625
21 1 0.5533490375000001 0.94217194375 0.5285214078125 0.9290352390625 0.5295402828125 0.9214670296874999 0.546977321875 0.9083344 0.5544385484375 0.8315220390625001 0.5395812984374999 0.70820683125 0.49809980625000005 0.6723165953125 0.4741215828125 0.6440271703125 0.48424513124999996 0.57630725625 0.4652135484375 0.5545739578125 0.45550060468750003 0.539904865625 0.4303720734375 0.1068038921875 0.3137994234375 0.09518327343750001 0.315196303125 0.09470372187500001 0.355871859375 0.13472379375000001 0.5182949171875 0.1534452953125 0.5594636109375 0.038412603125 0.8986098171875 0.0673146 0.90581589375 0.12275810625000001 0.77296494375 0.1484989859375 0.727852184375 0.16866729375 0.6598789093749999 0.1994441359375 0.588109303125 0.302034053125 0.61583495625 0.3065863890625 0.6234113156250001 0.20817739062500001 0.9409369328125001 0.2946240046875 0.9624904937500001 0.3708271796875 0.7339012578124999 0.38899577343749997 0.6997831859375 0.4061359828125 0.6374962578125001 0.6759831796875 0.6790113796874999 0.9190529656249999 0.7245857015625 0.9513988734375 0.736944665625 0.9382743937500001 0.7572905953125 0.8641450609374999 0.9900201484375 0.8616568046875 1 0.8896535515625 1 0.8924426375 0.9927813015625 1 0.5613922812500001 1 0.5533490375000001
5 0.800129309375 1 0.808927440625 0.7658359 0.8695627734375 0.7680713156250001 0.8806712359375 0.755811184375 0.8498210390625 0.7116184671875 0.8179832109375 0.7036804046875 0.65728613125 0.6764967937499999 0.6492057671875 0.6830705796875 0.52604134375 0.8799560828124999 0.5381700406250001 0.88298010625 0.6416538578125001 0.7262770234375 0.6663908046875 0.6916495140625 0.6719511484375 0.695182975 0.691172578125 0.72788786875 0.68764455 0.7420380140625 0.5920724390625 1 0.6104992421875 1 0.6896931671875 0.7854910265624999 0.697269528125 0.780938690625 0.7134587828125001 0.8128875765625001 0.6917947625 0.9126946046875 0.698367190625 0.9186275187499999 0.7457598625 0.7543806765625 0.7609166578125001 0.7517183562499999 0.7866901390625001 0.75814440625 0.7897263875 0.7653427625 0.7857050390625 1 0.800129309375 1
5 0.49656783437499996 0.668631896875 0.46623386718750004 0.6417447843749999 0.40963871718749995 0.6362224765625 0.37483799375000004 0.7370483796875 0.380902340625 0.738560390625 0.3884746265625 0.727565703125 0.396563140625 0.73387661875 0.3991361390625 0.8075199375000001 0.3936002453125 0.842640584375 0.400684828125 0.8594367500000001 0.4012662609375 0.9798199750000001 0.40301561875 0.9895155593749999 0.42035140625 0.9938378562500001 0.42140141406250003 0.9896265062499999 0.41725990468749996 0.702536003125 0.42230809531249996 0.6952062109375 0.4490895828125 0.6975893625 0.49607198124999996 0.68353805 0.49656783437499996 0.668631896875
5 0.1186905 0.782820528125 0.0899337484375 0.8529466875 0.1065984796875 0.8377776656249999 0.1454638375 0.7723189765625 0.172728953125 0.7404689234374999 0.24440347031249998 0.6209242374999999 0.2838502609375 0.6758487718749999 0.2122531734375 0.9177981328125 0.2062051265625 0.942055525 0.21378556093749998 0.9439455406249999 0.3136272453125 0.6210067687499999 0.2363027296875 0.595286265625 0.21913399375 0.6124767359375001 0.1186905 0.782820528125
5 0.2320156234375 0.1796906125 0.2169607078125 0.343411715625 0.378507428125 0.39080214375 0.4108799625 0.3988735234375 0.414029990625 0.3862394546875 0.4220957140625 0.327997153125 0.424075053125 0.26193019375 0.4190105625 0.24349058124999998 0.23706381250000003 0.1723608203125 0.2320156234375 0.1796906125
2 0.6946128218750001 0.4751180453125 0.6885403234374999 0.4607213296875 0.664782859375 0.44620948125000004 0.6228405 0.4400463 0.5712853890625 0.41430949687499996 0.5455322859375 0.440095203125 0.5667697296875 0.4647142984375 0.6032518437500001 0.475823228125 0.6494293359375 0.4873365703125 0.6582389578125001 0.4853730265625 0.669851425 0.47109144687500004 0.6910847953125 0.489268190625 0.7299990546874999 0.501117715625 0.7183662109375 0.483187540625 0.6946128218750001 0.4751180453125
3 0.4266547 0.3995859390625 0.45041464062500003 0.4055099578125 0.47527605 0.4054014640625 0.4960630640625 0.41689138750000004 0.49666318593750003 0.417041015625 0.5040817046875 0.4125835203125 0.5171898828125 0.36646818593749997 0.562168490625 0.379829725 0.5722933968749999 0.41026660000000004 0.636485284375 0.44344832656250005 0.661746609375 0.43901112500000006 0.6813864625 0.33440519218750003 0.790044803125 0.37008520625 0.79357283125 0.3559350609375 0.7875003328125 0.341538346875 0.8051445453125 0.2772299671875 0.8233009125 0.2237848421875 0.8379496296875001 0.21670161875 0.8470217 0.1803155296875 0.7621045234375 0.1333779578125 0.4700730015625 0.167921909375 0.46300472031249995 0.17689514687500002 0.4171403609375 0.36084704375 0.413624559375 0.39432424374999997 0.4266547 0.3995859390625
2 0.514976715625 0.362427321875 0.50743295625 0.41851847031249995 0.53358625 0.42624696875 0.554148153125 0.43137362812499996 0.5670317546875 0.379700325 0.514976715625 0.362427321875
3 0.8806123109374999 0.762506215625 0.85636306875 0.769342871875 0.8154327921875 0.7655791421875 0.8063607218750001 0.8019652328125 0.8089418687500001 0.8884932546875 0.8744082859375 0.9395722359375 0.8788736343749999 0.9406855734375 0.889306709375 0.9278544656250001 0.9493117062499999 0.7323984421875 0.8901843109375 0.7176563265625 0.8548143796875 0.7174260578125 0.8745357374999999 0.7416671499999999 0.8806123109374999 0.762506215625
19 0.12171859843749999 0.7771341828125 0.21005377187500002 0.6359781234375 0.221141859375 0.5915062359375 0.20092464843750002 0.5821712953125 0.12171859843749999 0.7771341828125
19 0 0.7717291140625 0.08073146875000001 0.7800660015624999 0.1578889421875 0.5545585046875 0.15789545625 0.554532378125 0.14272395468750002 0.531427721875 0.1229659203125 0.44920546874999995 0.0628264421875 0.4320639 0.056749867187500004 0.411224834375 0.012779267187500002 0.393820396875 0 0.444194828125 0 0.7717291140625
14 0.11441802968749999 0.41889339843749995 0.10884545937500001 0.396032884375 0.0441536453125 0.3713149578125 0.0532094140625 0.3091594625 0.050144639062499996 0.256864646875 0.055188753125000004 0.2430925015625 0.06731745 0.2461165265625 0.07740567968749999 0.218572240625 0.0778893078125 0.18433903437500002 0.06732078124999999 0.171505225 0.06663854218750001 0.1713351234375 0.0108201046875 0.3952106484375 0.045690107812500005 0.40390471562499997 0.07138630781250001 0.4333929484375 0.108495984375 0.4426454296875 0.11441802968749999 0.41889339843749995