19 1 0.5286198625 0.9970678546875 0.5254020140625 0.7072147578125 0.44521763124999997 0.6901526015624999 0.45306176249999996 0.656220015625 0.49251004375 0.46717029375 0.462567509375 0.45391238125 0.47760574218749996 0.44185268125 0.535019803125 0.33768242656249997 0.5185208546875 0.2909232390625 0.5203431265625 0.2650664859375 0.6586257265625 0.38859354375 0.858799503125 0.4133720140625 0.8521775171874999 0.4902356125 0.853805003125 0.5096342296875 0.8436943015624999 0.5283019796875 0.875653890625 0.6365859296874999 1 0.9251127890624999 1 0.9403292249999999 0.9061090921874999 1 0.5293626484375 1 0.5286198625
5 0.12974603125 0.526982025 0.17008889375 0.45954612343749995 0.1678602609375 0.44864663125000004 0.17492355625 0.43526389375 0.1841076546875 0.44594670937499997 0.1712571234375 0.45841283906249997 0.1913626734375 0.4563239890625 0.19685035625 0.44664664218750005 0.21766284218749998 0.4525796421875 0.20024721875 0.45641285 0.210192165625 0.4685344859375 0.15042675625 0.5961732265624999 0.18335285625 0.5381091390625 0.20631007656250003 0.5180155531249999 0.19981590625 0.50907709375 0.2142959625 0.48632254531249997 0.2133194578125 0.511215846875 0.2217427078125 0.5204598421875 0.22872815625 0.5637522765625 0.21588545625000002 0.6448378875 0.21597136093749997 0.64485149375 0.2345153921875 0.564668884375 0.24233953593750002 0.5527249671875001 0.25747261250000003 0.5445752984375 0.254351371875 0.5954951875 0.27189875625000004 0.5284037796875001 0.2979532859375 0.507482446875 0.31414676406250003 0.51136555625 0.3048248546875 0.47033969062500003 0.3249843203125 0.4616678109375 0.343729915625 0.436952228125 0.39914848593749996 0.2877537078125 0.3998066390625 0.2835982859375 0.29807294375 0.2570217453125 0.255585346875 0.3504842328125 0.16994503125 0.335601825 0.153973259375 0.3989878421875 0.17315621875 0.415209265625 0.12974603125 0.526982025
5 0.2570833609375 0.3232346484375 0.269280871875 0.29616363749999997 0.2683282984375 0.2709647984375 0.1896660375 0.2546828109375 0.18692672187499998 0.2542489453125 0.17891372187500001 0.2923973984375 0.182717965625 0.29959150156250003 0.2193704625 0.3053966859375 0.23576165 0.320516778125 0.2468538390625 0.322273609375 0.2570833609375 0.3232346484375
5 0.027086973437500002 0.4875201015625 0.0205388890625 0.48516467187499995 0.021000184375 0.47600953749999997 0.029477348437500002 0.4786705015625 0.0370319203125 0.4996417375 0.0363010546875 0.541712028125 0.0436858578125 0.5843558234375 0.0440591671875 0.5819988390625 0.0442330265625 0.5166020484375 0.0341202859375 0.4306282546875 0.06631551875 0.41463445625000006 0.057892268749999996 0.40539045937499996 0.05688578125 0.3867746515625 0.07342062656250001 0.20746618749999998 0.0696163828125 0.20027208437500002 0.0426092796875 0.195994578125 0.014985821875 0.366032390625 0.0032135171875 0.440359796875 0.0118597109375 0.629925128125 0.0121254421875 0.6299672171874999 0.018040685937500002 0.507180334375 0.027086973437500002 0.4875201015625
9 0.12231171562500001 0.25429778281250004 0.1247560046875 0.23886515312499998 0.12369560312500001 0.2268323765625 0.11405020937499999 0.22530469531250003 0.1125285109375 0.22242705468750001 0.074707784375 0.2177551546875 0.073485640625 0.22547147031249998 0.07500733750000001 0.228349109375 0.06797402500000001 0.28524095781250003 0.0702565703125 0.28955741874999996 0.1030509109375 0.2947515328125 0.1045726078125 0.2976291734375 0.140599275 0.3020794578125 0.141220009375 0.2981602953125 0.1323944734375 0.2967624671875 0.13087277656250002 0.293884828125 0.1246781578125 0.2955403234375 0.12046653437499999 0.290918325 0.12383341249999999 0.257175425 0.12231171562500001 0.25429778281250004
21 0.2782883703125 0.5170895609375 0.278992065625 0.5170164500000001 0.281224515625 0.502921315625 0.27802895156249996 0.49687826875 0.27609987343750003 0.49657273281250003 0.2758662265625 0.496799390625 0.2733947796875 0.51240349375 0.274507378125 0.5164907109375 0.2782883703125 0.5170895609375
21 0.27217765 0.5556711375 0.272852828125 0.555778075 0.277055646875 0.5292425234375 0.2752623609375 0.52807961875 0.2719913171875 0.531252815625 0.2694655515625 0.5471998671875 0.2708350796875 0.5497897453125 0.2704276984375 0.5523618484374999 0.27217765 0.5556711375
21 0.28027221875 0.4936741203125 0.28108671875 0.4938031234375 0.2853642234375 0.466796021875 0.28513596875 0.46636437500000005 0.2793487328125 0.4654477671875 0.278180503125 0.46658105 0.27573621406250004 0.48201368125000005 0.28027221875 0.4936741203125
21 0.391089653125 0.37359390000000003 0.39155694531249996 0.3731405859375 0.3961292171875 0.3667458671875 0.3967402890625 0.3628877109375 0.39476208281249997 0.359146778125 0.3754712953125 0.3560914171875 0.3697226453125 0.3636708609375 0.369201196875 0.36696315625000003 0.36917531875 0.370123009375 0.391089653125 0.37359390000000003
21 0.3206837375 0.46790781406250004 0.322205434375 0.47078545624999996 0.3201685265625 0.4836459796875 0.321690225 0.486523621875 0.3180237921875 0.5096725671875 0.3204585078125 0.51427679375 0.3282712765625 0.5155142140625 0.3376206796875 0.456484403125 0.3366315765625 0.4546139359375 0.336685490625 0.4480309046875 0.3351098796875 0.45173629374999996 0.32109111874999996 0.46533570781250005 0.3206837375 0.46790781406250004
21 0.07648024375 0.2921251296875 0.068582353125 0.2908742265625 0.0661135421875 0.31263087968750003 0.2512533328125 0.3482820484375 0.25904228749999997 0.349515696875 0.26033225625 0.345171821875 0.2630632296875 0.3279291265625 0.07648024375 0.2921251296875