21 1 0.6203461265625 0.733009578125 0.6738831843749999 0.733921425 0.7093225734375 0.7729286625 0.7295675484374999 0.7780092109375001 0.9802143359375 0.841921321875 0.975745165625 0.8389494578125 0.8001340671875001 1 0.8741376609374999 1 0.6203461265625
21 1 0.482539621875 0.9983551296875 0.459016878125 0.8750729921874999 0.4655491859375 0.7865180953124999 0.4759183875 0.790652765625 0.4902482078125 0.8001502531250001 0.49167249843749994 0.8038983125 0.633814590625 0.8228214749999999 0.6324913546875 0.827178053125 0.631795134375 0.8250238124999999 0.533790003125 0.8269785921875 0.5169459468750001 0.831654675 0.5166189625000001 0.9758210281249999 0.5399526 0.9839450421875 0.56653398125 0.9846061296874999 0.6207866906249999 0.9866791640624999 0.621033309375 0.9956442171875001 0.6204064109375 0.99481600625 0.5428011828125 1 0.5424386828125 1 0.482539621875
3 0 0.1827242 0.028836196874999998 0.18365863437500002 0.0388093953125 0.1829612390625 0.0568652546875 0.1659049703125 0.14020265781250002 0.170519553125 0.207081165625 0.16375453125 0.1986123671875 0.020245704687499998 0.0801516359375 0.0285292859375 0.087167175 0.1512555296875 0.07484294999999999 0.1542057421875 0.0350036484375 0.14446105468749998 0.0255973515625 0.032344093750000004 0 0.034134034375 0 0.0789530296875 0.0034593359375 0.09654475312500001 0.0036844468749999996 0.1445626875 0 0.1448203296875 0 0.1827242
2 0 0.146159675 0.0053612171875000005 0.146142278125 0.014659246875 0.0327173828125 0 0.0337424578125 0 0.146159675
3 0 0.1860221921875 0.035056184375 0.19001105625 0.04740889375 0.366663025 0.0699572375 0.3755283921875 0.074738753125 0.35430983125000004 0.06481669375 0.1900184203125 0.17182515625 0.197154603125 0.18232851875 0.3697590484375 0.1904126390625 0.3733705921875 0.221441190625 0.3691124453125 0.214200540625 0.19836827031249998 0.31935965781250003 0.2014569296875 0.3297176953125 0.3719831171875 0.3348297546875 0.377890909375 0.357919509375 0.372099475 0.3462278890625 0.24970021562500003 0.3497413625 0.23274716562500003 0.40940770625 0.23484015 0.41306650468750006 0.21996535625 0.4332896328125 0.1955785921875 0.48501718125000004 0.1961382890625 0.53580723125 0.2280898546875 0.5438514609375 0.2087315609375 0.5932936859375 0.1990089625 0.5911536875000001 0.1908049234375 0.463446228125 0.1788508921875 0.2794804640625 0.16874240625 0.16696385625000001 0.17243349218749998 0 0.158709196875 0 0.1860221921875
2 0.37110144843750004 0.2918177203125 0.3852351265625 0.269945190625 0.407743578125 0.25584072343750003 0.411402378125 0.24096593125000002 0.399764890625 0.23133759999999998 0.3573895046875 0.2301239328125 0.3431105015625 0.2499182046875 0.35280744999999997 0.3661916828125 0.38314926250000003 0.3745120796875 0.38539469375 0.36182454062499997 0.37110144843750004 0.2918177203125
3 0.26749405 0.758906771875 0.2680753546875 0.7672198046875 0.22033714999999998 0.7789116671875 0.1205807453125 0.7858873140625 0.0701611296875 0.8040319421875 0.035724540625 0.8043515625 0.022554009375 0.728000971875 0.011985104687500001 0.59925794375 0.12845116406249998 0.5848485812499999 0.3500763390625 0.57352788125 0.3581348109375 0.643970678125 0.37542576875 0.6448499984375 0.398410090625 0.6599501421875 0.4064685609375 0.730392940625 0.4109993171875 0.7279876984375 0.4047759484375 0.57179133125 0.446279378125 0.560535446875 0.438155365625 0.5339540656249999 0.2621682890625 0.5483487015625 0.2477154734375 0.3864625328125 0.21454692656250002 0.382516640625 0.20718943437499998 0.38929638906249997 0.218234209375 0.5472440296875 0.1999658609375 0.5547867390625 0.11565106875 0.558594184375 0.10217564374999999 0.38828598593749997 0.076945890625 0.38587338125000004 0.0875945796875 0.560556084375 0.003715765625 0.5705983046875 0.02138195625 0.8232365953125 0.030332262500000002 0.822610728125 0.1839457796875 0.7960753453125 0.2853663125 0.7680991234375 0.26749405 0.758906771875
2 0.3753803546875 0.64420054375 0.33329562031250004 0.6471433953125 0.335515403125 0.7012871078125 0.2645421171875 0.716692146875 0.2685713515625 0.751913546875 0.298206003125 0.767853915625 0.317754634375 0.7664869421875 0.34284724375 0.7613386140625 0.3452380015625 0.7507293328125 0.36633308593749997 0.7388121187500001 0.4070044515625 0.7380565203125 0.39992336875 0.65919169375 0.3753803546875 0.64420054375
3 0.48813945 0 0.2500492640625 0.0166488875 0.2606580609375 0.16836175312499999 0.3077095265625 0.1692484359375 0.3004033359375 0.042365678125 0.30235811562500003 0.0255216203125 0.308447565625 0.023007384375000002 0.348141540625 0.0306738140625 0.35816903437500003 0.1740736453125 0.4069245203125 0.17692959218749998 0.40059571875 0.0416248046875 0.41277461718749997 0.0365963328125 0.4842237734375 0.05039590625 0.49026192343749997 0.1815441765625 0.47369759531250005 0.19105614843750002 0.5124141812499999 0.20714460781250002 0.5314536234375 0.2236953421875 0.5330447890625 0.22358407656249998 0.5409066484375 0.21141748124999998 0.596438321875 0.19918064687499998 0.5911809359375 0.191194596875 0.55645369375 0.18735770000000002 0.551392934375 0.0477874 0.5554877125 0.039147384375 0.5873483265624999 0.0243889484375 0.5818002890625 0.01224638125 0.5422516390625 0.006658210937500001 0.5386773859375 0 0.48813945 0
3 0.26489082656249996 0.7440782828125 0.2691309296875 0.7375165234375001 0.2661189765625 0.716842934375 0.30776773125 0.7076653078125 0.312007834375 0.7011035484375 0.3092323984375 0.571815546875 0.2592088703125 0.5732251125000001 0.07245626250000001 0.59046096875 0.0821275625 0.7735657 0.136681846875 0.7697508921875 0.1440393375 0.7629711453125 0.135530646875 0.59649248125 0.16782723906250002 0.5879688203125 0.17478864375 0.5979241359375 0.18583341874999998 0.7558717765625 0.26489082656249996 0.7440782828125
3 0.409246321875 0.7029187046875001 0.40406872031249996 0.7408723296875 0.424799071875 0.7433385125 0.44759495312500003 0.74174446875 0.492478290625 0.7284248671875 0.4982770875 0.7217541140625 0.4939970921875 0.7053460375 0.47695689375 0.685653396875 0.41631316093750004 0.691982440625 0.409246321875 0.7029187046875001