16 0.024347964062499998 1 0.0267558234375 0.9180885515625 0.031569718749999996 0.9140976796875 0.28570999218750004 0.925289025 0.28796974531249997 0.9990889515625 0.3153339984375 0.9986113078125 0.31913456562500003 0.8817303015625001 0.3340300015625 0.8397972859375 0.33534654375 0.8033104203124999 0.33471025781249997 0.7668576390624999 0.322856946875 0.75925085 0.318178659375 0.71505493125 0.3249886125 0.5456394453125 0.33448005625 0.5298463921875001 0.33606929218750003 0.5089821453125001 0.3352512109375 0.462114284375 0.3273035546875 0.45443932187499997 0.330480546875 0.300714628125 0.329935159375 0.2694693875 0.323985778125 0.26436410781249997 0.32984426093749997 0.2642618484375 0.32929887343750003 0.2330166078125 0.33670114375 0.2094463296875 0.3350635015625 0.0037144093750000003 0.307723915625 0.0041916234375 0.30622705625 0.1422596109375 0.30236684999999996 0.144931553125 0.3011404671875 0.1306278625 0.28556329687500004 0.133504325 0.291104375 0.171173775 0.266807653125 0.178109284375 0.024338896875 0.1641096484375 0.02065826875 0.0092023734375 0.006289082812500001 0.008541592187499999 0.00011514062500000001 0.008649359375 0 0.011513784374999999 0 0.5043634453125 0.0032734874999999996 0.691901425 0.0342005859375 0.673129646875 0.0359701390625 0.5506842828125 0.0935558265625 0.5483768390625 0.29492430625 0.55788475625 0.295697678125 0.6581469453125 0.3019652015625 0.681478615625 0.298332240625 0.697169409375 0.310185553125 0.7047762 0.30241969218750003 0.7075163156250001 0.3046906625 0.7257086187499999 0.2913390125 0.7441736171875 0.2893876625 0.8562039015625 0.269496534375 0.8917127078125 0.2441552265625 0.8947596062500001 0.12099074531250001 0.8890957593750001 0.1140422265625 0.8827056375 0.11072666874999999 0.8606247234375 0.077937640625 0.884638128125 0.0662206765625 0.8848426484375 0.0044544218750000005 0.703601346875 0.0086655078125 1 0.024347964062499998 1
2 0.14525008281250001 0.8884118546875 0.154923321875 0.88303388125 0.15346747656249998 0.6877170421875001 0.1746792328125 0.663517865625 0.1746621390625 0.662538621875 0.1422497109375 0.6605649328125 0.11055071875 0.6910707203124999 0.11391394375 0.8837497031250001 0.12016761093749999 0.8895008125 0.133056271875 0.8892758390625 0.14525008281250001 0.8884118546875
2 0.195576146875 0.8786778953125 0.1942112 0.6885685953125 0.21218824218750001 0.6637067937500001 0.212139384375 0.6609077421875 0.179087778125 0.6614846609375 0.153201821875 0.6892844171875 0.15465766718750001 0.8846012562500001 0.1592436890625 0.8888187359374999 0.1850503046875 0.8883682796875 0.195576146875 0.8786778953125
2 0.232447240625 0.8870851640625 0.23707933906249998 0.8726792140624999 0.233988809375 0.69562285 0.249748253125 0.6668175171875 0.2496779859375 0.6627919531249999 0.21877449062499998 0.6633313750000001 0.19484136093749999 0.6910970453124999 0.19629720625 0.886413884375 0.2220132875 0.890848565625 0.22445431718750003 0.89080595625 0.232447240625 0.8870851640625
2 0.2749076046875 0.885562646875 0.2899393875 0.8514409437499999 0.28970979531249996 0.7179827828125 0.288789075 0.6652347421875 0.256420959375 0.6657997296875 0.2363480359375 0.6908934578125 0.23580560468749998 0.8836406125 0.24052267187499998 0.8920882203125 0.2661256359375 0.89164131875 0.2749076046875 0.885562646875
2 0.1118674921875 0.758115240625 0.0779415015625 0.6610362953125 0.00532403125 0.69746544375 0.061095454687499995 0.8709976953125 0.0681803203125 0.8851991281249999 0.0769453203125 0.8837438515624999 0.11354910468749999 0.8544547328125001 0.1118674921875 0.758115240625
2 0.247400975 0.1731086734375 0.28800030312499997 0.172400009375 0.287609040625 0.1499846171875 0.271366665625 0.1315382515625 0.129673046875 0.1275001140625 0.130218434375 0.1587453546875 0.14116350625000001 0.17027484375 0.247400975 0.1731086734375
2 0.0829963171875 0.5141716171875 0.0799207203125 0.3379707796875 0.029342487499999997 0.338853625 0.026526868749999998 0.3454141796875 0.029571950000000003 0.5198667718750001 0.05048769843749999 0.5234736468750001 0.0602274171875 0.5233036390625 0.0829963171875 0.5141716171875
2 0.1253357921875 0.343451721875 0.088562440625 0.3384059640625 0.08518973125 0.33846483437499997 0.08351657500000001 0.52159484375 0.0881126109375 0.527505115625 0.09982956875 0.5273005953125 0.116805540625 0.526222909375 0.12836668125 0.5170911765625 0.1253357921875 0.343451721875
2 0.1305129203125 0.34294795625 0.130785784375 0.5251975140625 0.1613163734375 0.5246646015625 0.1581568203125 0.343653884375 0.1305129203125 0.34294795625
2 0.20509679531249997 0.3469672734375 0.1656408328125 0.341553428125 0.1608269375 0.34554429999999997 0.1620550984375 0.5277771828125 0.19875535312499998 0.5271365765625 0.20811265156249997 0.51974558125 0.20509679531249997 0.3469672734375
2 0.254045003125 0.5212879359375 0.2535216 0.43534648125000003 0.25202026875 0.3493352765625 0.20899140468750002 0.34626632343749997 0.2071771421875 0.5221060171875 0.21026545468750002 0.531168084375 0.2195005015625 0.5314626828125 0.2380645859375 0.5311386453125 0.254045003125 0.5212879359375