19 0.575614634375 0.449030659375 0.634845 0.45317245 0.5557220515625 0.3975175390625 0.49707298906249997 0.385062715625 0.44944021875000006 0.39426243125 0.4121370015625 0.41253814218749996 0.434790778125 0.4245643515625 0.536937940625 0.44214927968750006 0.5149965515625 0.50953286875 0.501640803125 0.6109315546875 0.491416684375 0.6227471390625 0.3307657859375 0.5906291265625 0.3717819375 0.47445727968750007 0.37468845625 0.4328921125 0.1778171640625 0.44836341874999996 0.1725597796875 0.45634946875000004 0.15359134218749998 0.749881953125 0.17320201562499998 0.751253265625 0.275179978125 0.6911632203125 0.6317504281249999 0.76621915 0.655475621875 0.6509266218749999 0.5655073578125001 0.638370165625 0.5537644375 0.62710691875 0.575614634375 0.449030659375
15 0.4457016359375 0.42532731406249996 0.387343225 0.408715971875 0.3582552125 0.5111029703125001 0.327503071875 0.592489396875 0.4650767375 0.62129685 0.48559303906249995 0.6227314890625 0.4977967859375 0.6211048578125 0.5131329640625 0.60338148125 0.5280872984375 0.47912195312500006 0.5384966343750001 0.4422582734375 0.5326978375 0.4355875203125 0.4457016359375 0.42532731406249996
15 0.5690982906250001 0.4526213078125 0.553192215625 0.6352900609375001 0.7507103546875 0.6553671375000001 0.7414778671875 0.5858036578125 0.7543976375 0.49063974843749997 0.751029490625 0.47160843906250005 0.5822944703124999 0.443101971875 0.5690982906250001 0.4526213078125
15 0.83331204375 0.6612737359375 0.8375521484374999 0.66783549375 0.9014585953124999 0.6723042687499999 0.9086308671875001 0.7041321125 0.9432127843749999 0.7023734734375 0.9791556046875 0.7136321031249999 0.9862476593749999 0.7141280265625001 0.9994995718749999 0.524616834375 0.8583850640625 0.5043070453125 0.8436301890625 0.5137173859375 0.841726709375 0.6305358375 0.83331204375 0.6612737359375
14 1 0.34785105625 0.9744783625 0.41205036406250006 0.9571731625 0.502730771875 0.9606866359374999 0.5196838234375 0.9929832281250001 0.528207484375 0.999218003125 0.5286434609375 1 0.5164905109375 1 0.34785105625
21 0.96625754375 1 0.9669465515625 0.990146725 0.9535395031249999 0.9578829046875 0.9255371484375001 0.8431500749999999 0.9153529203125 0.8319958218749999 0.870586778125 0.8226002046875 0.8476679984375 0.8815617671875 0.6322775984375 0.87067704375 0.6174172890625 0.85919580625 0.6295705390624999 0.7973930265625 0.628633040625 0.7660011609375 0.278442690625 0.6893029515625 0.0341751453125 0.8225883843749999 0.0094868046875 0.83965779375 0.0020894218749999997 0.8558478828125 0.0675146703125 0.8833954890625 0.060000515624999994 0.9688868718749999 0.0878320125 0.9708330406250001 0.09428887500000001 0.97089296875 0.096944634375 0.9105144796875001 0.10955951093750001 0.909308178125 0.2567235765625 0.9551020421875 0.26110900625 0.9595855421874999 0.2580300140625 0.9827344437500001 0.2797461921875 0.9842529875 0.28108137499999997 0.9651589875000001 0.29822700625 0.9663579265625 0.3770866234375 0.9910596937499999 0.504938959375 1 0.96625754375 1
2 0.3162948046875 0.752775078125 0.3043666671875 0.7665599265624999 0.3026227546875 0.791499028125 0.366489309375 0.8189376390625001 0.3979538375 0.8169610125 0.44281654374999996 0.8421570609375 0.44905722031249995 0.8425934515625 0.474725921875 0.8390368031250001 0.5174318515625 0.810696784375 0.5184491328124999 0.796148975 0.5089915359375 0.7746034296875 0.49144981718749997 0.756669428125 0.43889020624999997 0.746728840625 0.3999627515625 0.721034140625 0.3782863640625 0.717429959375 0.3162948046875 0.752775078125
9 0.6093776265625 0.8817367718750001 0.6136464421875 0.89012790625 0.7456872375 0.8993610984375 0.8474218046875001 0.9046477046874999 0.9006515500000001 0.7062449 0.902865721875 0.6745807703125 0.6957953609375 0.653876578125 0.6582413828125 0.6533389703125 0.651425303125 0.661216025 0.6285321734375 0.7870088390625 0.5759314890625 0.7977876546875 0.6093776265625 0.8817367718750001
19 0.7505027390625 0.653786303125 0.8369696546875 0.659832659375 0.84440811875 0.6369886015625 0.8459810546875 0.5472965046875 0.755326053125 0.5221615046875 0.7468059546875 0.5320078234375 0.7419047625 0.5796987734375 0.7505027390625 0.653786303125
18 0.7422226625 0.5751525843749999 0.7494604781249999 0.65084184375 0.7574090671875 0.6589681875 0.7726063609375 0.6600308859374999 0.8348979859375 0.6609930578125 0.84458069375 0.634520671875 0.8460083031250001 0.5469068328125 0.7569119953125 0.5218808265625 0.7466878765625 0.5336964109375 0.7422226625 0.5751525843749999
19 0.9662575421874999 1 0.9864293156249999 0.7115302031249999 0.90951190625 0.6915326703125 0.8954437703125 0.7135215578125 0.8694731453125 0.8161265453125001 0.874981290625 0.826953815625 0.9060098406250001 0.8312119640625 0.9178980875 0.8403969546875001 0.9631737125000001 1 0.9662575421874999 1
18 0.96625754375 1 0.986583725 0.7093220546875 0.9078169703125001 0.69337204375 0.8953075265624999 0.7154699250000001 0.8721636374999999 0.82244941875 0.9060189234375 0.8310820734375 0.9193205375 0.842454315625 0.96326064375 1 0.96625754375 1