7 0.3234675484375 0.12808630000000001 0.31034973906249996 0.1146486421875 0.21666223125 0.0819554890625 0.1808726609375 0.0849975640625 0.1706319859375 0.0956000984375 0.13488483125 0.256262028125 0.1106777984375 0.4002080015625 0.12010150625 0.42350983593749997 0.14412204687500002 0.430745434375 0.11989726406250001 0.4319859265625 0.12471123906249999 0.43939879687500005 0.148069721875 0.44223392031250003 0.1456504015625 0.43107029687500004 0.1875040640625 0.39949891875 0.2117535125 0.413172803125 0.2279033671875 0.4123458078125 0.23949282031250002 0.42545860312499995 0.25778375625 0.39952819375000004 0.2755922125 0.3458068390625 0.3234675484375 0.12808630000000001
4 0.9048920171875 1 0.9734533515624999 0.6774442781250001 0.6661236265625 0.665366234375 0.4522594171875 0.5517519546874999 0.4417898359375 0.5559162046874999 0.4372541 0.5847703703125 0.621213253125 0.6962878890625 0.6197342296875 0.725791778125 0.6053416375 0.7333819203124999 0.2500201625 0.7366614296875 0 0.47445562656250007 0 0.9032946093750001 0.4549630921875 1 0.9048920171875 1
6 0.9263128593750001 0.6136448828125001 0.96123613125 0.6146784249999999 0.8457184953124999 0.5794750109375 0.82582520625 0.5603374296875 0.819229303125 0.531247034375 0.7722834265625 0.5191385046875 0.762704809375 0.5341415171875 0.772561665625 0.55540554375 0.7638740140625 0.581247315625 0.69270335625 0.570379278125 0.599448996875 0.5356483187500001 0.450561109375 0.514650603125 0.4418734578125 0.540492375 0.4447259265625 0.5496181921875001 0.6586808859375 0.6631186453125 0.6779268515625 0.6672095015624999 0.9739947890625 0.6748970203125 0.9856898203125001 0.6198762171875 0.9741250328125 0.621677796875 0.9785058578125 0.6311284765625 0.9728502499999999 0.6427055968750001 0.9403216328124999 0.6379213015625 0.92524231875 0.626196590625 0.9263128593750001 0.6136448828125001
6 0 0.4747911046875 0.2473299734375 0.735424028125 0.2525220828125 0.73652764375 0.6218704984375 0.7307718453125001 0.6283677390625 0.7002047328125001 0.6220254093750001 0.6924669999999999 0.2654676484375 0.4761064765625 0.1995194484375 0.45569912500000004 0.00434774375 0.42699335625 0 0.447447884375 0 0.4747911046875
4 0.68823048125 0.290814103125 0.700253084375 0.30188909218750004 0.7648771703125 0.3134954890625 0.82297935 0.340754621875 0.826927025 0.3522431078125 0.8199966359375 0.384848028125 0.79041915 0.44884705468749997 0.7695786499999999 0.5168330625 0.7724311187499999 0.525958878125 0.8206764421875 0.5319539859375 0.8280893125000001 0.5271400109375 0.9091622390625 0.1908131390625 0.8790036109375 0.1673637140625 0.8366428031250001 0.15622977031250002 0.724893265625 0.1559053125 0.68823048125 0.290814103125
4 0.60126881875 0.15132623750000002 0.607357575 0.137711309375 0.650355775 0.138331353125 0.6590680921875001 0.12740395625 0.6627375296875 0.1026254046875 0.655504234375 0.0840489109375 0.624275065625 0.07315119375 0.5819635890625 0.0918460015625 0.5234282593749999 0.0666246765625 0.430018990625 0.07019856249999999 0.3888451359375 0.2488758984375 0.5078384828125 0.2796265234375 0.5294583328125 0.2842219640625 0.5370956312499999 0.2803875140625 0.54033191875 0.2576467703125 0.5497062953125 0.2511198484375 0.6490494109375 0.2722358796875 0.655571315625 0.2565831453125 0.651598975 0.2301802828125 0.65611004375 0.1864117390625 0.60126881875 0.15132623750000002
4 0.346875 0.4515625 0.1171875 0.1421875
4 0.55078125 0.49765625 0.0828125 0.0609375
13 0.43442870312500004 0.5755171921875 0.447652090625 0.5208212515625 0.48889302656250005 0.5146781500000001 0.502116415625 0.459982209375 0.495112028125 0.447844 0.43046327656249994 0.4213232265625 0.4173701328125 0.42279994531250004 0.419356303125 0.43600137656250004 0.4037629265625 0.509362446875 0.3894196671875 0.5467813406250001 0.4047278890625 0.5649443359374999 0.43442870312500004 0.5755171921875
10 1 0.45466675937499995 0.858660934375 0.4208878875 0.8488534109374999 0.4294526140625 0.8226355421875 0.5452827796874999 0.8279073312499999 0.5655722187500001 0.8462722640625 0.584384940625 0.9569391796875 0.6146969 0.98550031875 0.6207677578124999 1 0.55255211875 1 0.45466675937499995
20 0.42144287968749994 0.3961239671875 0.5267428953125 0.44178809062499996 0.5406297796875 0.4447398390625 0.58803364375 0.4315339265625 0.543819890625 0.42431302656250003 0.42144287968749994 0.3961239671875
18 0.4197146921875 0.3874897515625 0.318843221875 0.366048859375 0.3182058296875 0.376562759375 0.43195680937500003 0.4168484640625 0.43755128593750003 0.4180376078125 0.43763250156250005 0.4176555171875 0.4197146921875 0.3874897515625
21 0.091220065625 0.363990871875 0.0571384265625 0.3439673390625 0.060170471875 0.32970268593749996 0.027412946875 0.31848010625 0.0165842125 0.3694252953125 0.0659247421875 0.37778307187500004 0.066611465625 0.397097925 0.055529157812499993 0.42669045156249996 0.0609785484375 0.4306442171875 0.0643709515625 0.43136529531249995 0.091220065625 0.363990871875