5 1 0.4825396203125 0.9711610046875 0.0701227703125 0.87263275 0.0498630671875 0.82961051875 0.084197784375 0.79192545625 0.1724582265625 0.6382159828125 0.7742296750000001 0.38879932031250003 0.8585000468749999 0.38952595 0.8688913390625 0.5015809296875 0.92579673125 0.5024927781249999 0.9612361187499999 0.48878785 1 0.49506102500000004 1 0.5555193546875 0.9957723421875 0.53965066875 0.977433571875 0.539756103125 0.9565419921875 0.5519350015625 0.95151351875 0.6290215078125 0.9906325703125001 0.8138728578125001 0.9777065046875 0.8923115609375 0.9360657546875 0.9443953031250001 0.8969205546874999 0.9788974343750001 0.8527395171875 0.9966899124999999 0.815992196875 1 0.8063928812500001 1 0.4825396203125
3 0.32563592343750003 0.291211715625 0.39791714375 0.294511003125 0.3978772515625 0.271541165625 0.418827009375 0.2575456921875 0.426620478125 0.2570007203125 0.43572188125 0.27516007343750004 0.4633423921875 0.2669633984375 0.469471734375 0.2874189984375 0.4735152109375 0.41244148750000004 0.5358465265625 0.41134601562500006 0.5539175953125001 0.41008236406250004 0.5603660875 0.400103021875 0.548064678125 0.089788546875 0.458347175 0.08353168125 0.31626951875 0.20206459062499998 0.32628276875 0.25566333281250003 0.32563592343750003 0.291211715625
5 0.4463547296875 0.29282075937499996 0.32419530625 0.293009296875 0.317327928125 0.4187947484375 0.45648765625000004 0.4153290140625 0.4463547296875 0.29282075937499996
5 0.316696378125 0.6549609671875001 0.28573620312500003 0.861791134375 0.2808818546875 0.9460589859375 0.2826919375 0.9459324125 0.2925266328125 0.93649944375 0.3349647265625 0.6474182578125001 0.4304810265625 0.64700436875 0.4332422203125 0.686491278125 0.46849946718749996 0.832303715625 0.48238238593749994 0.8292445078125 0.43954253750000005 0.6421938843749999 0.4779285796875 0.6311559890625 0.48659299999999994 0.5994625734375 0.48625848125 0.594678746875 0.4791424875 0.5141195484375001 0.2810430453125 0.525883590625 0.27116371250000004 0.6309954515625 0.2924440140625 0.6441263328125 0.3161150734375 0.64664793125 0.316696378125 0.6549609671875001
5 0.036675990625 0.8183818703125001 0.08440278749999999 0.9633223515625 0.0890626265625 0.9720028171875 0.09908725 0.9713018265625 0.09871633125 0.965997434375 0.01305623125 0.6821977640625 0.013888295312500002 0.6716974765625 0.06133584843749999 0.655849096875 0.06640801562500001 0.6387870515625 0.030874359375 0.5786191875 0.022023715625000002 0.5416465140625 0.0033193906250000003 0.5429544484375 0.0236042546875 0.855016953125 0.0240305734375 0.8611135859375001 0.0276942640625 0.869132028125 0.0370464265625 0.8684780609375 0.028882521875 0.8189268437500001 0.036675990625 0.8183818703125001
9 0.296051203125 0.42811413906249995 0.316379934375 0.42669261562500005 0.32611019531249996 0.253195403125 0.1702542875 0.2395549671875 0.1668735109375 0.23979137343749998 0.1599511515625 0.29614068437499996 0.15844659218749998 0.4090206078125 0.10545100156250001 0.41272642031249995 0.1049095890625 0.4273832234375 0.153955728125 0.4343956859375 0.296051203125 0.42811413906249995
11 0.6793313734375 0 0.5493327203125 0.085523034375 0.5602207609375001 0.3980247609375 0.6404407765625 0.40285733749999997 0.6472568562500001 0.41073439062499995 0.6767267125 0.40658523906250005 0.6902135453125 0.42026109062500006 0.7107672171874999 0.42300068125 0.7213701578125 0.4234339875 0.7302352156249999 0.42281408281250005 0.7338569734375 0.41720924375 0.768450296875 0.2623355390625 0.780443978125 0.23225897187500003 0.77717220625 0 0.6793313734375 0
21 0 0.5174603859375 0.0019446046875 0.5452695296875001 0.5479234234375 0.5133562328125 0.566419715625 0.8002648921875 0.5878054515625 0.7925041937499999 0.5760995875 0.58030384375 0.5666277484375 0.5120483 0.7083235609375 0.500051540625 0.714267684375 0.49545904687500003 0.72861223125 0.4318033609375 0.7215055 0.41976978750000005 0.5735350203125 0.40923268437500004 0.3531778859375 0.416287875 0.2024205625 0.433095115625 0.060975509375 0.42627855156249994 0.039589775 0.43403925 0 0.43317276875 0 0.5174603859375
2 0.45439503593749997 0.3630037765625 0.45447481874999995 0.4089434515625 0.462309603125 0.41178927187500003 0.4640631375 0.411666653125 0.46062981093750005 0.3625678 0.45439503593749997 0.3630037765625
3 0.48211632968749996 0.647439990625 0.5583213515625001 0.7068522578125 0.5433926671875 0.5157614749999999 0.490106425 0.5153107703125 0.4826036078125 0.520012259375 0.4870032796875 0.6053298515625001 0.48211632968749996 0.647439990625
3 0.6555906484375 0.7315073609375 0.7031550421875 0.53813505625 0.7006845015625001 0.5028046640625 0.5681955249999999 0.5120691953125001 0.5816054078125 0.7262388093750001 0.6097017890624999 0.7472467453125 0.63953425 0.7580827593749999 0.6442103296874999 0.7577557765625 0.6555906484375 0.7315073609375
2 0 0.4349431234375 0.0126172484375 0.4354032484375 0.041047196875000004 0.43341523125 0.0548588125 0.428403115625 0.053696204687500006 0.41177704843749996 0.028321125000000003 0.4072861859375 0.037091984375 0.39831918437499997 0.00251006875 0.39656054687500003 0 0.397223 0 0.4349431234375