7 0.153207303125 0.48173146093749997 0.1556089921875 0.45292044843749996 0.179014371875 0.4516938234375 0.1975224484375 0.46897804218749994 0.2287296203125 0.46734254374999995 0.2319409640625 0.46051146562499995 0.2130691140625 0.1004151234375 0.10990335625 0.1032708125 0.0977024625 0.113037328125 0.1132912578125 0.48512724374999994 0.11708334843749998 0.48564563749999995 0.13970855468750001 0.48445989999999994 0.153207303125 0.48173146093749997
4 0.5018346109375 0 0.0935354890625 0.02139805 0.0951286203125 0.0891158109375 0.10061805312500001 0.10056295468750001 0.21896090468749999 0.10088021875 0.22577548281249998 0.23091010625 0.2309923328125 0.23715605312500002 0.3521927109375 0.23601969218750002 0.360320465625 0.3727608859375 0.395539828125 0.3709151171875 0.3944257125 0.2768340734375 0.387845946875 0.24458214687500002 0.6732928578124999 0.2426612109375 0.6797786984374999 0.2358019515625 0.66933580625 0.11117769687500001 0.6773632203125 0.096414425 0.9777322609375 0.08067275 0.9742530390624999 0 0.5018346109375 0
10 0.3527131390625 0.25714574218749997 0.3516339625 0.236553846875 0.22660241874999998 0.239225184375 0.2286667609375 0.27861516875 0.2341673234375 0.370510521875 0.3495163578125 0.3696808171875 0.35514208125 0.38372855625 0.3527131390625 0.25714574218749997
13 0.34842025 0.41967194062499996 0.3558461625 0.406492984375 0.3539859734375 0.3709984546875 0.2324321265625 0.37098807031250003 0.234344803125 0.46346261875000005 0.27264432968749996 0.466540521875 0.27360003437499997 0.466490434375 0.26441468125 0.421466746875 0.34842025 0.41967194062499996
5 0.18419033437500001 0.45715959375 0.1567477671875 0.4559900578125 0.1767780296875 0.7822117468750001 0.19369756875 0.78784438125 0.21397283906250003 0.7828701890625 0.2053017375 0.6920537062500001 0.2093812921875 0.657939278125 0.2026652359375 0.62308675625 0.3636923296875 0.6355096078125 0.36818995 0.721329334375 0.272209109375 0.7185362546875 0.22145508593750002 0.7577045265625 0.21801002656250001 0.78526635 0.2920377328125 0.798337034375 0.3113165953125 0.8116692453125 0.31816894375000004 0.8491223671875 0.3751408203125 0.8539598187499999 0.380268340625 0.8771607609375 0.40381001093749996 0.8785347343750001 0.40920551875 0.8508706921875 0.4303409046875 0.8249895 0.432023365625 0.875752265625 0.435257103125 0.88203695 0.4538887609375 0.8810605062500001 0.454032278125 0.7573808921875 0.45291771562500005 0.7361137828125 0.400576784375 0.723543621875 0.38694762968749996 0.463483846875 0.3623625890625 0.46086068437499994 0.3553785453125 0.47687314531249997 0.1830576359375 0.4728654 0.18419033437500001 0.45715959375
15 1 0.69217815625 0.9115614187500001 0.6560181046875 0.8921932265624999 0.659640890625 0.8559994203124999 0.6967422234375 0.8106031359375001 0.8008232218750001 0.7183113578125 0.9803786406249999 0.7191535671875 0.9845068890625001 1 0.96978835 1 0.69217815625
5 0.7953075843749999 0.82431216875 0.7953499500000001 0.7878015828125 0.8138110640624999 0.78553020625 0.8201606124999999 0.7760703484375 0.85761455625 0.6958396953125 0.8572575140625001 0.6890269171875001 0.85544274375 0.68425424375 0.7839106515625 0.6814837296875 0.781833103125 0.7911177109375 0.7878695421875 0.8353937171875 0.789468909375 0.8353098984375 0.7953075843749999 0.82431216875
5 1 0.48690704843750005 0.9979052484375 0.44693680625 0.968227959375 0.4497749671875 0.9576579671875001 0.4346824734375 0.94205438125 0.4355002234375 0.917215140625 0.6519405828125 0.9285559187500001 0.6630810687500001 0.9770387062499999 0.6799678625000001 0.977380625 0.67994994375 1 0.5004083125000001 1 0.48690704843750005
21 0.34603256875 0.5941245265624999 0.3578239078125 0.59350656875 0.357114225 0.5799650046875 0.3554260484375 0.5701440640625 0.19793793906249998 0.569270575 0.1987556875 0.5848741625 0.2077371421875 0.588315075 0.34603256875 0.5941245265624999
21 0.2049160203125 0.5288869875 0.35510063125 0.5326281625 0.3561950453125 0.5325708062500001 0.355096528125 0.51160986875 0.3485677359375 0.5083198171875 0.23879746562499998 0.503641671875 0.1931663671875 0.5099447078125 0.1957982734375 0.522845478125 0.2049160203125 0.5288869875
21 0.039498382812499996 0.749899 0.0281014515625 0.6070705609375 0.16163468125 0.6117472546875 0.1593481171875 0.56811700625 0.1538280296875 0.4870447984375 0.0003522828125 0.5198149140625 0.0135775609375 0.772168271875 0.0262678359375 0.7736056921875 0.03036378125 0.7733910328125 0.036687818750000004 0.77090821875 0.039498382812499996 0.749899
21 0.629036984375 0.48045953125 0.62255114375 0.48731878906250004 0.6202857453124999 0.5187304 0.603911371875 0.5235001546875 0.5869918328125 0.5178675203124999 0.5854926265625 0.48926094375 0.5722014 0.47822267500000004 0.38922117031250003 0.47607743124999996 0.398033159375 0.62556069375 0.7414059875000001 0.6466813921875 0.7466228359375 0.6529273390625 0.74812204375 0.681533915625 0.74849774375 0.837978653125 0.7640920718750001 0.8804498828125 0.7649705921875001 0.8804038406249999 0.7820642390625 0.8440427296875 0.7818156390625 0.5780662296875 0.8010475390625 0.571842846875 0.7978704671875 0.5485396859375 0.7701507203125 0.486102775 0.629036984375 0.48045953125
5 0.248468015625 0.7329495609375 0.245742184375 0.6809376078125 0.251120196875 0.6473418734374999 0.25094837187499996 0.6440632640625 0.203509184375 0.6401232265625 0.20560052031249998 0.6986877859375 0.22900589999999998 0.6974611609375 0.2351217640625 0.742319746875 0.2375720140625 0.742191334375 0.248468015625 0.7329495609375
5 0.048475712500000004 0.77565260625 0.050421565625 0.7194842078125 0.1054429921875 0.724423878125 0.1054475890625 0.7804900578125 0.11832994062499999 0.7837265328125 0.126766228125 0.77676505625 0.12807758593750002 0.7271492609375 0.13873690624999999 0.725286759375 0.15760689375 0.730817175 0.160332725 0.78282913125 0.1753839828125 0.7845339796874999 0.1677544390625 0.6389536015624999 0.1243507515625 0.6373775296875 0.0518692140625 0.6724690109375 0.0441991171875 0.6194123031250001 0.0348087875 0.6081695984375 0.040537628125 0.773460884375 0.048475712500000004 0.77565260625
5 0 0.4498299390625 0.0054060125 0.5118387734375001 0.0257040296875 0.510775 0.1084534734375 0.4926450953125 0.104710815625 0.42123092656249994 0.10116335781250001 0.4169836828125 0.0855597703125 0.41780143125 0.082204040625 0.4284082609375 0.052947315625000005 0.42994154062499995 0.050724284375 0.42484256406250004 0.0652845015625 0.422775625 0.0387490109375 0.42025467968749997 0 0.42725251093749994 0 0.4498299390625
6 0.527798325 0.3866710828125 0.41244929218750004 0.3875007890625 0.39630053906249996 0.37791614687499997 0.358471234375 0.38381030781250003 0.359288984375 0.39941389374999997 0.3688156046875 0.4132571984375 0.4452919640625 0.4170724640625 0.46633802031249993 0.408146265625 0.470422171875 0.43009801875000003 0.4794036265625 0.43353893125000004 0.91988999375 0.44174690468750005 0.9506882921875001 0.4323096125 0.964715175 0.439658490625 0.9943132265625 0.43810732343750003 0.9917111828125 0.388457365625 0.7926080546875001 0.4014781390625 0.758768975 0.3902128671875 0.5747453765625 0.3868184328125 0.5535630281249999 0.393144034375 0.527798325 0.3866710828125
18 0.5557771375 0.3308985828125 0.5505602875 0.32465263437499997 0.5482479265625 0.3365086515625 0.5522851156249999 0.3389048125 0.5539206140624999 0.3701119859375 0.545348034375 0.374472865625 0.540178146875 0.3877825109375 0.4695531328125 0.3836605890625 0.459166396875 0.3907242875 0.46229650624999996 0.3944718546875 0.5230329874999999 0.396504271875 0.5837556078125 0.3954733203125 0.6351986828125 0.39277730312500003 0.6351167281250001 0.391213521875 0.6183323703125 0.38629436250000004 0.5713853203125 0.3861470125 0.56693925625 0.3759490578125 0.5579578015625 0.3725081453125 0.5557771375 0.3308985828125
20 0.7707447078125 0.4004073703125 0.796236828125 0.4016791265625 0.8410971390625 0.39932809687500004 0.8703485640625 0.40235863906249997 0.8944853859374999 0.40109368281249996 0.9124962640625001 0.399561440625 0.9122657875 0.3951636828125 0.9111769859375001 0.3930476265625 0.9031026109375 0.38825530625 0.8326138875 0.38673398125 0.7701995421875 0.3900049796875 0.7655278578125 0.394161421875 0.7707447078125 0.4004073703125
15 0.27117836875 1 0.2834169203125 0.9613162578125 0.2919849046875 0.9008891984374999 0.3116721921875 0.847376653125 0.310939625 0.8333984421875 0.307762553125 0.8100952796875 0.26974999375 0.7938332499999999 0.014762628125 0.77733794375 0.013850996874999999 0.7773857203125 0.0164200921875 0.8264069875000001 0.026208614062500003 1 0.27117836875 1
19 0.5002657375 1 0.713294109375 0.9882040328125001 0.7437258984375 0.934454359375 0.7445758062500001 0.9273471890625 0.74404428125 0.91720508125 0.3641077078125 0.874813221875 0.3427890671875 0.878538225 0.328139521875 0.8975601578125 0.30713583125 0.8699757703125 0.2938022390625 0.8954480874999999 0.2869121203125 0.950571734375 0.2730654203125 1 0.5002657375 1