4 0.0576373671875 0 0.0387643609375 0.153708309375 0.305538625 0.19905794375000002 0.33279103593750003 0 0.0576373671875 0
4 0.8429650015625001 0.52741795625 0.8602782828125 0.5274447796875 0.869302021875 0.5180578625 0.9453748703124999 0.09081084218749999 0.5103192734374999 0.018501921875 0.5018033234375 0.02375323125 0.50053385 0.034092254687500004 0.5153356734375001 0.067394371875 0.7234314046875 0.10344020937500001 0.67192483125 0.42035873281249997 0.6666480203125 0.488977121875 0.673640603125 0.49613263906249994 0.8429650015625001 0.52741795625
4 0.634238503125 0.6760048046875 0.676578815625 0.8952993781249999 0.8446062546875 0.9243264703125 0.9207550484375 0.650314228125 0.983832246875 0.662257090625 0.9932263421874999 0.585748325 0.9857259703125001 0.5827284171875 0.47180325781250004 0.48604298124999995 0.4442177375 0.633782378125 0.634238503125 0.6760048046875
5 0 0.546929484375 0.0039034625000000005 0.5273753 0.0194119953125 0.5292795078125 0.20088932499999998 0.5641559953125 0.2127883625 0.569814971875 0.2104557078125 0.588812925 0.2477252828125 0.593389053125 0.27167233281250003 0.4364134328125 0.2391044125 0.4324145953125 0.23216680312500002 0.4504535734375 0.198048028125 0.44626431406249994 0.024324965625 0.41233993125 0.025566951562500002 0.3894036625 0.0100584171875 0.3874994546875 0 0.46941868906249995 0 0.546929484375
6 0.6782772953125 0.4968331390625 0.662741275 0.4823316828125 0.5071206625 0.45482795937500003 0.4763849765625 0.4615489859375 0.395994496875 0.449579296875 0.29465375312500003 0.428740303125 0.2938645828125 0.42234646875 0.30418528125 0.415217775 0.24756538906249997 0.40196879062499996 0.0208594171875 0.3636379046875 0.012851256250000002 0.3647536046875 0.0100584171875 0.3874994546875 0.0364504109375 0.40333385625 0.21352907499999998 0.43557127500000004 0.2701214796875 0.4362230125 0.30271688750000003 0.45281909843749996 0.9688180453124999 0.5811771296875 0.9934167625000001 0.584197471875 0.99803446875 0.546589278125 0.874981778125 0.523084390625 0.86000851875 0.5296418218750001 0.7289476671874999 0.5072526374999999 0.6782772953125 0.4968331390625
4 0.22002973906249998 0.446733165625 0.2210135796875 0.438720421875 0.20446198125 0.4324901828125 0.0227307578125 0.39968149999999997 0.01991043125 0.409830103125 0.030258615625000002 0.41529865781249997 0.177109896875 0.441463271875 0.22002973906249998 0.446733165625
21 0.6957653953125 1 0.6830454687499999 0.9064570921874999 0.6687239468749999 0.85642211875 0.6362790031250001 0.6719262046875001 0 0.5483023046875 0 0.645049153125 0.029751390625000002 0.649928446875 0.111212421875 0.6788214124999999 0.15469128906250001 0.7093476921875 0.17050869062500001 0.7343785921875 0.1731300953125 0.7514922890625 0.163200725 0.8195394171875 0.13987643593750002 0.9069316421875 0.1201297828125 0.95553848125 0.48223979375 1 0.6957653953125 1
4 0.209095275 0.5870716515625001 0.210364746875 0.576732640625 0.210206803125 0.56490648125 0.0041697140625 0.52491545625 0.0011229796875 0.5497291093750001 0.197428603125 0.5856391640624999 0.209095275 0.5870716515625001
4 0.010294178125000001 0.4881481984375 0.2088308953125 0.525119315625 0.21365489062499998 0.48583102968749997 0.0166690265625 0.44905033281250006 0.010294178125000001 0.4881481984375
13 0.2492429109375 0.5934442093750001 0.2761426921875 0.6051430015625 0.384355275 0.6259074484375 0.4403071484375 0.6327774749999999 0.44493181562500006 0.6279666781250001 0.4655797265625 0.49826625937499996 0.46039189062499997 0.4892333578125 0.281254584375 0.46094112656249997 0.2693830328125 0.467879396875 0.2492429109375 0.5934442093750001
5 0.9423626328125 1 0.983578353125 0.664324896875 0.9228136906250001 0.6463690390625 0.8231050156249999 1 0.9423626328125 1
20 0.4278224421875 0.45493032656250004 0.4781314859375 0.46110749999999995 0.488573896875 0.45202595937499995 0.483132165625 0.4450608625 0.316909475 0.4141563875 0.2913341390625 0.41731306718749994 0.28231039999999996 0.42669998593749997 0.4278224421875 0.45493032656250004