19 0.8456692531250001 0.49738039843750004 0.8485599234375 0.4898641578125 0.75928278125 0.43167527968749997 0.6907982109375 0.42851387812499997 0.65029853125 0.4458427921875 0.665665559375 0.4569126578125 0.767950721875 0.481278453125 0.7458118171875 0.549400671875 0.735690396875 0.647859409375 0.7229653875000001 0.6633511796875 0.6130674625 0.628867621875 0.5646032953125 0.6229169703124999 0.5643930734375 0.600589509375 0.59555571875 0.523080371875 0.6062390859375 0.4601109 0.585583946875 0.4680696609375 0.5371197796875 0.462119009375 0.44783856406250006 0.476082028125 0.4052880984375 0.7328800078125 0.40267510156249997 0.7541611625 0.40651199687500006 0.7806071359375 0.4268841265625 0.7909796890624999 0.4217718796875 0.8165892203125 0.42938464062500004 0.8267069812500001 0.5054264890625 0.850146259375 0.5237229796875 0.8523927859375 0.6387923468750001 0.7238565640625 0.844349134375 0.7805804453125 0.8624460984375 0.779032596875 0.8707177140625 0.711665703125 0.8725867484375 0.6948409890625 0.7934228828125 0.682497165625 0.7870795921875 0.66204038125 0.803831384375 0.4935552140625 0.8114097890625 0.48792641718749996 0.8456692531250001 0.49738039843750004
21 0.9417016874999999 1 0.9548248046875001 0.8985037531250001 0.9242322515625 0.8671983624999999 0.92338729375 0.8500404125 0.95972683125 0.8505667609374999 0.9643458468749999 0.8209610843749999 0.7342224296875 0.755973353125 0.7874430453125 0.795304565625 0.83072625 0.7953716296875 0.8598391078125 0.8146885796875001 0.8555031015625 0.825962940625 0.8636090953125001 0.8400768484375 0.8620222546875 0.8530006265625 0.831567134375 0.884681475 0.7639659515624999 0.8422726890625001 0.7358739140624999 0.8466945906250001 0.6741227890625 0.820746440625 0.6710218968749999 0.80593521875 0.680997740625 0.7887940359375001 0.7229083968750001 0.751960440625 0.6364491359375 0.7269140984375 0.5344731984375 0.844267340625 0.5170948140625 0.8736182265625001 0.5617162062500001 0.8948393843750001 0.5460346406250001 1 0.5667001421875 1 0.580677359375 0.92471661875 0.6189898203124999 0.941227553125 0.6109872203125 1 0.62932019375 1 0.6262124250000001 0.9945888484375001 0.635308953125 0.9445431531249999 0.7936717140625 1 0.9417016874999999 1
2 0.8017350249999999 0.79109043125 0.787212953125 0.797178515625 0.7260622078125001 0.7503142953124999 0.6864074859375 0.784801159375 0.6707918046875 0.8078091687500001 0.674210065625 0.820035634375 0.7453366546875 0.8497586703125 0.7624320296875 0.8387391 0.834051603125 0.8826251796875001 0.8349842953125 0.8827396999999999 0.8621095296875 0.8522898203124999 0.8636963703125 0.839366040625 0.8552730093750001 0.8278368875 0.860243753125 0.811393015625 0.8363118578125001 0.7979596546875001 0.8017350249999999 0.79109043125
15 0.5621397609375001 0.618941271875 0.7073383062499999 0.6576936078125 0.7283125171875 0.6602689171875 0.7327679890625001 0.655634125 0.742572040625 0.5597601437499999 0.7657243984375001 0.48979456718750003 0.7665744921875 0.48287111562499996 0.761610053125 0.476826703125 0.684384753125 0.4647209046875 0.6181217593749999 0.4434662140625 0.6099086203125 0.45426452343749996 0.5948892453125 0.5285083578124999 0.5621397609375001 0.618941271875
15 0.9105233234375 0.52850720625 0.9121005984374999 0.51566134375 0.8088330499999999 0.49128324531249995 0.8016063718750001 0.510073846875 0.7890490828125001 0.6764503109375 0.8543468375 0.6883378578125 0.8778582828125 0.6912247 0.9105233234375 0.52850720625
14 1 0.4373282328125 0.9390651312499999 0.45952196718750005 0.91992404375 0.495215728125 0.866545634375 0.75365775625 0.8736651640625 0.759779371875 0.8654863828125 0.7863242406250001 0.886458890625 0.7757807234375 0.8934369156249999 0.7910679968750001 0.8946720296875 0.7649824140625 0.920477846875 0.6750087859375 0.90862808125 0.7955569609375 0.956995565625 0.8127121578125 0.9636836234375 0.8135333484375 0.9915406078125001 0.5866564265624999 1 0.5131282703125 1 0.4373282328125
19 0 0.9392141640625 0.09709527031250001 0.9511359640625001 0.24983692343750002 0.96923435 0.29076734531250004 0.7424569296875 0.29990973906249996 0.667998103125 0.3029020375 0.6412251796875 0 0.5518804578125 0 0.9392141640625
4 1 0.1930215015625 0.7110289375 0.15754031562499998 0.7023198296875 0.22048982499999997 0.7919871296875 0.2354351703125 0.7781300796874999 0.3242522 0.8654382046875 0.3386455015625 0.8717330921875 0.3394184171875 0.8907125265625 0.25674015781250004 1 0.27015897187500004 1 0.1930215015625
16 0.5240249734375 0.160094828125 0.5167295796875 0.1473923109375 0.45882123124999996 0.106173653125 0.40679729687500005 0.0971621953125 0.3636049515625 0.3607905 0.39722968125 0.3754139921875 0.3610660078125 0.3814685453125 0.338181146875 0.5518243890625001 0.3609507171875 0.5506845546875 0.37664016562499997 0.5588423203125 0.3869454609375 0.5601076515625001 0.4006741546875 0.5476908093749999 0.4344060296875 0.537402084375 0.44396143125 0.47560597656250003 0.47349880468750005 0.46742595312499996 0.48171194375 0.4566276453125 0.5240249734375 0.160094828125
7 0.7880722328124999 0.2436805234375 0.78925381875 0.23405727812500002 0.701230209375 0.22455615468749998 0.667100034375 0.42239220624999996 0.6684345703125001 0.42937558750000004 0.6814071328125 0.4309684171875 0.7591647734375 0.4258251640625 0.7880722328124999 0.2436805234375
10 0.8664301203125 0.34913099999999997 0.8672890625 0.3421354828125 0.778007428125 0.32725442031249996 0.7600896968749999 0.42029556250000005 0.7593680296875001 0.426173071875 0.8425361796875 0.480663025 0.8428056328125001 0.480696109375 0.8664301203125 0.34913099999999997