7 0 0.5349634062499999 0.030054846875000003 0.7488147546875 0.0657269296875 0.7472200578125 0.0738751 0.7460749078125 0.058304767187499995 0.6017855828124999 0 0.2036691453125 0 0.5349634062499999
4 0.1286955046875 0.6535606656249999 0.157416625 0.655835596875 0.163407875 0.7096925749999999 0.1446452 0.733367571875 0.1470623265625 0.7393392890625 0.541928859375 0.703962075 0.5599092328124999 0.7014350984375 0.5408638921875 0.498859034375 0.1477564578125 0.5309647984375 0.1439844078125 0.5378063484375 0.15161774687500001 0.6145744265624999 0.12018677656250001 0.637926028125 0.1286955046875 0.6535606656249999
4 0.171278034375 0.2604755109375 0.21054026874999998 0.259165178125 0.40580658906249994 0.243424715625 0.42667892500000004 0.24049130000000002 0.4589771171875 0.23056107812499999 0.43356240156250003 0.0048178734375 0.10863069218750002 0.050484046875 0.1340481859375 0.24256594374999998 0.1401397875 0.2522288625 0.171278034375 0.2604755109375
4 0.653336953125 0 0.6534746874999999 0.0090185046875 0.6634331343750001 0.0349684328125 0.871252825 0.02048793125 0.9031327703124999 0.41573091250000005 0.909804259375 0.42951994843749997 0.9916523546875 0.434058478125 0.99556895 0.43350803750000005 0.93464336875 0 0.653336953125 0
5 1 0.4650365953125 0.9997731375000001 0.463422384375 0.9605109031250001 0.46473271718750003 0.96089564375 0.4899243359375 0.71806808125 0.5135324859375 0.6911841984375 0.5131031546875 0.6864475203125 0.4906269703125 0.6580163437500001 0.4904150953125 0.6490225234375 0.4937829015625 0.6485374328125 0.51278534375 0.66941061875 0.6949868640625 0.708382909375 0.6916134734375 0.7080957437500001 0.6558891046875 0.8871943124999999 0.6391336734374999 0.9765498390625 0.634990803125 0.9827362359375 0.6677822796874999 1 0.666954190625 1 0.4650365953125
4 0.9574344375000001 0.465296575 0.9413816109375001 0.4633450375 0.7638303343749999 0.47988301250000004 0.76788955 0.5087658296875001 0.92979016875 0.4948218765625 0.9609681296874999 0.4904401 0.9574344375000001 0.465296575
21 1 0.667959440625 0.030091090625 0.7490726375000001 0.06535663124999999 1 0.5349634046875 1 1 0.93464336875 1 0.667959440625
4 0.7783582203125 0.6506164375 0.7851245046875001 0.68753403125 0.9597928234375 0.6704808140625 0.98111645625 0.6674839734375 0.976314259375 0.6333145671875 0.7783582203125 0.6506164375
4 0.9709756796875 0.583704965625 0.96603518125 0.5377210781249999 0.7727210234374999 0.554370575 0.776005203125 0.6001927765625 0.7824843218749999 0.601386003125 0.940497365625 0.5879884125 0.9709756796875 0.583704965625
6 0.7354019359375 0.44600982968749997 0.7572564203125001 0.45556122656250003 0.7266004859375 0.46197344375 0.5611376171875 0.4747086953125 0.538605671875 0.47156393124999996 0.5270023578125 0.45636421250000003 0.44538330000000004 0.45941979218749995 0.142211278125 0.49150880468749997 0.0972421828125 0.5083478359375 0.097047034375 0.5294133375000001 0.12760539375 0.53353386875 0.9699840156249999 0.4639273109375 0.9992657359375 0.4598120328125 0.99515215625 0.430542390625 0.9404169828125 0.43402730156249997 0.9061841484375 0.42621556875 0.7360793984375 0.43960319531250003 0.7354019359375 0.44600982968749997
13 0.6901219968750001 0.4943181703125 0.6911841984375 0.5131031546875 0.766034190625 0.5067912890625 0.7625548640625001 0.4820345875 0.7424400437500001 0.48486154062500003 0.6901219968750001 0.4943181703125
13 0.776575346875 0.6491576640625001 0.77648010625 0.6486450921875 0.7065619375 0.6563676421875 0.7114547421874999 0.6911817546875 0.7811057203125 0.6813929484375 0.776575346875 0.6491576640625001
13 0.7025404187500001 0.605652525 0.7753347078124999 0.5954219546874999 0.7695539499999999 0.5542897265625 0.6947039562499999 0.5606015921874999 0.7025404187500001 0.605652525
13 0.648000753125 0.497739653125 0.5419149390625 0.5063376203125001 0.561723146875 0.703415465625 0.6312361859375 0.697722171875 0.669117409375 0.6923983125000001 0.648000753125 0.497739653125
20 0.6875423609375 0.46417550625 0.7570933265625001 0.45440075625 0.7570710234375 0.4542420609375 0.7158910453125 0.4399422125 0.5318606515625001 0.45528696249999995 0.533502740625 0.4781980625 0.5684130374999999 0.4796031625 0.6875423609375 0.46417550625