19 0.38637987812499996 0.727879428125 0.3966760609375 0.725535065625 0.4082772171875 0.6957238968749999 0.4196491375 0.687107871875 0.40528054999999996 0.6843527593750001 0.40194629375 0.6598194484375 0.44131976406250006 0.6581655234375 0.4881703328125 0.5864403406250001 0.5183245703125 0.5718681453125 0.49457421718749994 0.5046587890625001 0.494972246875 0.49004473437499996 0.5108120765625 0.4898960859375 0.5250660453125 0.5032487671875 0.542545915625 0.5067774453125 0.5601883187500001 0.5618420953125 0.568503134375 0.5696311609375 0.602504278125 0.5543806499999999 0.599088753125 0.5040793531250001 0.594968628125 0.480712965625 0.5513192 0.4721762265625 0.4744957125 0.47514492031250005 0.4148686796875 0.485658775 0.3304597375 0.5243414093750001 0.32383914062499997 0.5374083296875 0.362620740625 0.7236069171875 0.37022285625 0.730728346875 0.38637987812499996 0.727879428125
4 0.04974824375 0.7808902515625 0.1479652078125 0.7080408078125 0.1250713546875 0.583827115625 0.0094954 0.5975954234375 0.042054434375 0.7822468765624999 0.04974824375 0.7808902515625
4 0 0.3089313171875 0.0699089609375 0.3013541484375 0.075685875 0.300335521875 0.043394428125 0.0969942875 0.0394142546875 0.07442160625000001 0 0.0809317046875 0 0.3089313171875
14 0.9160482828125 0.6513422656250001 0.9216498453125 0.6437437078125 0.9156771265625 0.5989043359374999 0.9033881265625 0.529209953125 0.80971034375 0.5431641859375 0.7929056578125 0.5659598578125 0.7925618046875 0.59775256875 0.807936903125 0.6849490874999999 0.8641215437499999 0.6817191796875 0.8745776359375 0.6798754890625001 0.8714712796875 0.6459806921875 0.9160482828125 0.6513422656250001
14 1 0.46525375 0.9723923578125 0.30868303125 0.942133765625 0.14497915 0.9242558656250001 0.1560645265625 0.9122025015625 0.183311090625 0.9127630671875 0.2202330109375 0.9063112656250001 0.23988101718750002 0.92022138125 0.2850264109375 0.9410959484375001 0.285312171875 0.9497483546875 0.3062634109375 0.9409208906250001 0.323685971875 0.9271066093749999 0.402807665625 0.9257374609375001 0.485023628125 1 0.4937464796875 1 0.46525375
19 0.9246596234375 0.47972667343750003 0.9229488921875 0.424190675 0.9195667828125 0.4050097734375 0.863742665625 0.4098156015625 0.8556508234375 0.42578628281249997 0.8698922703124999 0.5290487374999999 0.8995583734375 0.5263299265625 0.901289453125 0.526024690625 0.9079091140625 0.5197010015625 0.9066671062499999 0.5014096203125 0.9246596234375 0.47972667343750003
19 1 0.6804211812500001 0.92785291875 0.68370331875 0.9223659734374999 0.68070430625 0.9182960953125001 0.6576228734375 0.9092929203125 0.6531283953125 0.90616410625 0.6536800890625 0.8909155500000001 0.6598064640625 0.896173259375 0.6840006187500001 0.7731869078125 0.69510906875 0.762152578125 0.7168872703125 0.7648053921875 0.7600511203125 0.46656187656250003 0.778263078125 0.396225584375 0.9136270796874999 0.37777459687500003 0.9777003093750001 0.3788944890625 1 0.5257481734375 1 0.6624499968750001 0.9758957796875001 1 0.9157327640625 1 0.6804211812500001
15 1 0.4957175234375 0.92828219375 0.48536822500000004 0.9104042937499999 0.49645360156249996 0.9092102015625001 0.5402957640625 0.9259356671875001 0.68014098125 1 0.675832784375 1 0.4957175234375
21 0.582322434375 0.6575647671875 0.53825808125 0.6269915703125 0.5207844734375 0.57850800625 0.5010977375000001 0.57933496875 0.4085642796875 0.71028665 0.4088425625 0.7118648671875001 0.41271475 0.719203259375 0.4436587875 0.7203578421875 0.455132803125 0.7910540171875 0.46707155 0.7744050234375 0.4611928359375 0.7410651781250001 0.4710935125 0.7353529109375 0.5301537171875 0.7328720234375 0.540331546875 0.768098159375 0.548760978125 0.765289653125 0.547917 0.73238421875 0.7246454078125 0.7223769515625 0.73363540625 0.756490365625 0.7482901109375 0.756087925 0.7513363828124999 0.7555507859375 0.744277965625 0.7043713312500001 0.7733288484374999 0.69141501875 0.77258835625 0.68721548125 0.74044984375 0.5701849859375 0.732135028125 0.562395921875 0.64897435625 0.5744150515625 0.6268515203125 0.600792796875 0.680080928125 0.6271056078125 0.682341971875 0.639928625 0.594315359375 0.65809443125 0.582322434375 0.6575647671875
9 0.6042352859375 0.65614695625 0.668260965625 0.6438658734375 0.6824607546875 0.6400398968750001 0.6828514890624999 0.6371944421875 0.6814735828125 0.6293799453125 0.628158134375 0.602016790625 0.5781483656249999 0.6108348625 0.5424655265625 0.515319615625 0.529851596875 0.5056442609375 0.4960796890625 0.49969962968750004 0.540016903125 0.6307801703125 0.5825106015625 0.659977603125 0.6042352859375 0.65614695625
2 0.5627491859375 0.5746783546875001 0.5746137234375001 0.6042522890625001 0.6298110421875001 0.5945195125 0.6466996593750001 0.5783860015625 0.635671590625 0.5552093171875 0.5627491859375 0.5746783546875001