6 0.7939225515625 0.947900390625 0.8180348343749999 0.9737576484374999 0.964206371875 0.9899365250000001 0.9831726828124999 0.99059884375 0.99257464375 0.7213619140625 0.7200307875 0.6909984390624999 0.7117140953125001 0.7053002375 0.705429890625 0.750942059375 0.7097129875 0.807375915625 0.7357850499999999 0.8666552609375 0.7939225515625 0.947900390625
6 0.8687434890624999 0.506622996875 0.8490250218750001 0.4892575859375 0.6010296921875 0.4722589859375 0.5496440171875 0.4662953515625 0.5437613609375 0.455666909375 0.3957051140625 0.4421582578125 0.367597246875 0.441176709375 0.3406873921875 0.4506600140625 0.1598386328125 0.43600622343750006 0.150614759375 0.43151491093749994 0.1854050625 0.420222196875 0.0031401703125 0.40134974687499997 0.0022676828125 0.4263345171875 0.0251819546875 0.44172692343750003 0.7591442890625 0.5111341203124999 0.9084712546875 0.533025559375 0.9983866828125001 0.5549269046874999 0.9977703281249999 0.5278055390625 0.8687434890624999 0.506622996875
13 0.3366191 0.4776177875 0.1485636640625 0.46114888125000003 0.13864784375 0.4608026140625 0.1340854609375 0.59145214375 0.3240853859375 0.612679309375 0.324556325 0.643964803125 0.2919439234375 0.6824334140625 0.28856469375 0.734430490625 0.3157645515625 0.7390283859375 0.3196839109375 0.7391652515625 0.3366191 0.4776177875
20 0.1474189546875 0.4334879140625 0.3438104875 0.450769075 0.369231503125 0.4391491765625 0.188528159375 0.42033125781249997 0.1474189546875 0.4334879140625
4 0.115047390625 0.588181565625 0.1341763453125 0.5888495640625 0.138870509375 0.4544262921875 0.01274864375 0.439599003125 0.0031926109374999997 0.5789337140625 0.115047390625 0.588181565625
4 0.2831831265625 0.7989955484375 0.288702246875 0.8200343125 0.3401606296875 0.8239158828125 0.3450633953125 0.8178332812500001 0.36406142343750003 0.6767436874999999 0.3772808828125 0.6563592890625001 0.4053160421875 0.6594229015625 0.4165377078125 0.6514763578125 0.43502346875000003 0.6145990375 0.443232759375 0.558601425 0.4531109984375 0.5443541578125 0.49356583593750003 0.549936078125 0.45386281562499997 0.8362248624999999 0.70044759375 0.86190348125 0.72510378125 0.8627644953125 0.727206453125 0.8436856296874999 0.7073078749999999 0.78670646875 0.709343678125 0.7284086703125 0.7199489921875 0.6933407625 0.9924928484375 0.723704234375 0.9984548453125001 0.55297496875 0.7793671625 0.5140552109375001 0.33832151875 0.47363831875000006 0.3201546484375 0.72524090625 0.3165226015625 0.7397062937500001 0.28990357499999997 0.7408613421875 0.2831831265625 0.7989955484375
4 0.5448957531249999 0.46795356874999994 0.7059346984375 0.4790492546875 0.729009809375 0.4798550546875 0.767486653125 0.048382953125 0.3402041140625 0.01678509375 0.33381250625000003 0.0207311 0.33337626249999996 0.033223484375 0.3589046796875 0.063299403125 0.5645927937499999 0.082989809375 0.542901278125 0.3907536 0.5448957531249999 0.46795356874999994
4 0.0171556125 0 0.0102745703125 0.19704729062499998 0.15435479218749998 0.2096352734375 0.16929804375 0.21015710312500002 0.1747175875 0.09947155625000001 0.1781912109375 0 0.0171556125 0
4 0.9828443874999999 1 0.9831954218750001 0.9899477109375001 0.8211655359375 0.973866975 0.779041746875 0.9265347078125 0.7255161828125 0.8475352359375 0.7112526078125 1 0.9828443874999999 1
10 1 0.3713894484375 0.8706371953125001 0.3628515046875 0.8594469078125 0.50421375 0.9992591703124999 0.5299421343749999 1 0.5087275453125 1 0.3713894484375
21 0 0.9828443874999999 0.1233941734375 0.98715340625 0.24015338281249998 0.8223778671875 0.24476532031249998 0.8246235234375 0.23582564062500003 0.9910796 0.27642589375000004 0.9924973921875001 0.290998728125 0.7095002499999999 0.3005134328125 0.7056633031249999 0.3033110046875 0.6703227421875 0.32619058125 0.6419372703125 0.327135775 0.614870434375 0 0.57659035625 0 0.9828443874999999
5 0.428130865625 0.9962315937499999 0.4949141609375 0.556096540625 0.49513651718749996 0.5497290703125 0.450010934375 0.5439853265625 0.44169424218750003 0.558287125 0.43682617031250004 0.6081476046875001 0.4132922296875 0.6552716546874999 0.37893816875 0.654071984375 0.3625956140625 0.6743473234375 0.31724798593750003 0.9923594781249999 0.428130865625 0.9962315937499999