16 0.6474649703125 0 0.6471434328125001 0.02412345625 0.6531701921875 0.026312551562499998 0.6379715015625 0.046954290625 0.6264629546875 0.0503695703125 0.393335646875 0.048397740625000005 0.384584025 0.007241301562499999 0.355358515625 0.0092849484375 0.3481598828125 0.046335685937499996 0.21104754374999998 0.0454814125 0.195097290625 0.041375709375 0.1819538265625 0.021410584375 0.1332446453125 0.0248166625 0.1678030828125 1 0.21328586875000002 1 0.227528465625 0.9671498140624999 0.220426021875 0.753583353125 0.24255975937500002 0.7481198234375 0.7073611171875 0.7312809 0.7096728 0.736340303125 0.699229265625 0.7409863750000001 0.706527628125 0.7613602296875001 0.7038775625 0.765461328125 0.69837084375 0.7567095562499999 0.695977234375 0.8064769234375 0.7077849703125 0.9753354218749999 0.760935859375 0.9794503265625 0.7685476718750001 0.9763075296875 0.7662680515625 0.8877090609374999 0.7193413046875 0.030430675 0.717213384375 0 0.6474649703125 0
2 0.3020851578125 0.4472058828125 0.2960755984375 0.3612651734375 0.22219604999999998 0.3575080828125 0.2396280390625 0.7047943109375 0.2673415265625 0.7042269218749999 0.29285816875 0.7024426234375001 0.3119812125 0.6475243671875 0.3020851578125 0.4472058828125
2 0.39135510625 0.46946176093750003 0.3837591046875 0.3608338625 0.3281088671875 0.3559756203125 0.3414624640625 0.7009365109375 0.36653656875 0.700423159375 0.39432515 0.6984799921875 0.39854215000000004 0.6212398640625 0.39135510625 0.46946176093750003
2 0.45562699375 0.3582222421875 0.4044180796875 0.358079559375 0.41668173125 0.6874535109375 0.4632382640625 0.688962171875 0.4676895984375 0.688650903125 0.46008968125000005 0.422041646875 0.45562699375 0.3582222421875
2 0.541319525 0.4189160875 0.5370206515625 0.3574393515625 0.473748609375 0.35558096875 0.4841956859375 0.6589766906250001 0.4980907125 0.7036892578125 0.5006768625 0.7035736796875 0.5497760656249999 0.7001403296875 0.541319525 0.4189160875
2 0.6098471390625 0.3685363109375 0.6090755640625 0.35750227031250004 0.5398466125 0.35585368281249996 0.5473795515625001 0.6399746421875 0.548063653125 0.6497577484375 0.5719612093750001 0.690757415625 0.620816728125 0.6873411046875 0.6098471390625 0.3685363109375
2 0.6206029453124999 0.6567476390625 0.6468555 0.6870866109375 0.701135240625 0.683291003125 0.7047460531249999 0.6560848312500001 0.6974876921875001 0.345091396875 0.6956980984375 0.319499021875 0.6798839109375 0.314539221875 0.5982341421874999 0.32285925625 0.5968556796875 0.345145115625 0.6114025390625 0.3571805296875 0.6128557984375 0.3779631140625 0.6206029453124999 0.6567476390625
2 0.3252644375 1 0.2905932828125 0.911508325 0.26123598124999997 0.9396664453125 0.236270521875 0.9466332515625 0.2171771015625 1 0.3252644375 1
2 0.45026231718750004 1 0.4753208875 0.998247734375 0.4684545125 0.9000540015625 0.42341355781249995 0.9069195750000001 0.40923001406250004 0.9000798078125 0.40957524375 1 0.45026231718750004 1
2 0.553023965625 0.9894857890625 0.5514435453125001 0.9668847265625 0.5341005890625 0.8952637953125 0.48858644375000004 0.9023622421875 0.4744029 0.8955224749999999 0.4805845625 0.9978796624999999 0.552945059375 0.9928197234375 0.553023965625 0.9894857890625
2 0.6268458328125 0.990784709375 0.627482496875 0.9791233484375 0.627097315625 0.973615003125 0.5953086171875 0.8900047640625001 0.5875151484375001 0.8905497359375 0.586111753125 0.8984794484374999 0.5379226109374999 0.895322846875 0.55748621875 0.99563480625 0.6268458328125 0.990784709375
2 0.6987165906249999 0.9674480421875 0.660087734375 0.88821601875 0.650345896875 0.888897234375 0.648942503125 0.896826946875 0.6007533609375 0.8936703453125 0.6321017640625 0.99198349375 0.6933845046875 0.986392925 0.6997001359375 0.9815133984375001 0.6987165906249999 0.9674480421875