16 0.819096115625 0.2874994015625 0.804252603125 0.36832413750000004 0.8046386890624999 0.3972325 0.8188433906249999 0.393729171875 0.8172565515624999 0.40665294999999996 0.8114408515625 0.405938871875 0.816973540625 0.424984265625 0.8109990874999999 0.4736422875 0.8110308921874999 0.47364619374999994 0.8386274437499999 0.33196457968750004 0.841758809375 0.3064616578125 0.840772075 0.303279490625 0.8254394046875 0.307956184375 0.8267088765624999 0.29761716250000003 0.837529678125 0.297633928125 0.8384817828125 0.2898796609375 0.819096115625 0.2874994015625
16 0.4528065078125 0.8839594937499999 0.43324497656250005 0.8749983312499999 0.430778821875 0.8550175984375 0.48301704687499997 0.8142046234375 0.46980695156249996 0.681396453125 0.4969125265625 0.6689822578125 0.5208869234375 0.5538583859374999 0.5695269546875 0.5663899390625 0.5743561921875 0.559111725 0.576963853125 0.5699267984375 0.74276284375 0.613897865625 0.7524556765625 0.615087996875 0.7567916828125 0.6038136359374999 0.754994621875 0.594409953125 0.5733697296875 0.5511194328125 0.5159889703125 0.52964348125 0.5411641234375 0.3726874671875 0.5455001296875001 0.36141310625 0.558576865625 0.3590831421875 0.579660590625 0.2514755109375 0.5833618609375 0.2453706625 0.8221229343750001 0.2720631109375 0.8250479625 0.28029342968750004 0.8406980015625001 0.27303198125 0.8347064390625001 0.2657370015625 0.821629703125 0.2680669640625 0.8299156312499999 0.2166098796875 0.8341101328124999 0.21450117500000002 0.8311466734374999 0.2626761921875 0.8515915906249999 0.2323899703125 0.8544479031250001 0.20912716874999998 0.8434512390625001 0.2025295015625 0.8600533828125 0.187513784375 0.8441506203125 0.30100500625 0.8475001640625001 0.281738353125 0.8562065343749999 0.27493619062499997 0.8821225531250001 0.10593642031249999 0.8880467578125 0.0576876515625 0.8861078515624999 0.0634622828125 0.8749696828125 0.066030271875 0.8686607515625001 0.061320046875 0.8721861578125001 0.048634296875 0.8644318906249999 0.0476821921875 0.843348165625 0.1552898234375 0.8466249203125 0.1766819453125 0.8418300406249999 0.1997067203125 0.8342516375000001 0.20533551874999997 0.83196134375 0.1919356875 0.8161354421875 0.192616234375 0.8208575343750001 0.2102502375 0.8160626546874999 0.2332750109375 0.8023511828125001 0.24077448750000002 0.57229648125 0.2072798734375 0.5994652203124999 0.010032115625 0.5986916875 0.0099371375 0.5836570875 0.01058365625 0.39066115468749996 0.9734067734374999 0.389920196875 0.98709034375 0.410803821875 0.98965453125 0.43172278124999997 0.9915671250000001 0.4528065078125 0.8839594937499999
2 0.5056608109375 0.86749160625 0.5354568796875 0.8546862390625 0.5398112875 0.8296395890625 0.54814918125 0.761732890625 0.53585518125 0.6671389125 0.5000088765624999 0.6706087109375 0.46983676562500004 0.6839582453124999 0.48928300468749997 0.8621354171875 0.4975292140625 0.866493171875 0.5056608109375 0.86749160625
2 0.537682478125 0.8902485875 0.5386923 0.8904381718750001 0.5592572515625001 0.8929632312500001 0.5665851156249999 0.887238078125 0.593347109375 0.717358284375 0.597683115625 0.7060839234375 0.6196739515624999 0.6920546984375 0.6197296999999999 0.6916006578125 0.5950410953125 0.679522290625 0.5656795859375 0.6942832140624999 0.5558796046875 0.7180053015625 0.531790375 0.8693224578125 0.5304080609375 0.8805805046874999 0.537682478125 0.8902485875
2 0.5963402375 0.9085360874999999 0.6045743984375 0.899970525 0.6316537609374999 0.7275059781250001 0.6544387015625001 0.7038040078125001 0.654777228125 0.7010469359375 0.632614446875 0.6925972265625 0.6304797421874999 0.6923351171875 0.596407834375 0.710059703125 0.5775800421875 0.81532060625 0.565803065625 0.8952100046875 0.5734158265625 0.905327765625 0.5800562796875 0.9065366687499999 0.5963402375 0.9085360874999999
2 0.6314519703125 0.72754679375 0.6021166734375 0.9023580703125 0.6071561328125 0.9174073187499999 0.6281406234375 0.9234603234375 0.6316462015625001 0.923890753125 0.6393011671875 0.9200423687500001 0.644096046875 0.8970175953125 0.6699059359375 0.7348920703124999 0.692147915625 0.7140095296875 0.6651494859375 0.7015115078124999 0.6314519703125 0.72754679375
2 0.652517178125 0.9358987921875 0.6729582875 0.9384086437500001 0.6961913875 0.905447484375 0.7303559203125001 0.72335799375 0.6972244234375 0.7127306484375 0.6693426078125 0.7394800125 0.6387378390625 0.9246303109375 0.652517178125 0.9358987921875
2 0.7885068953125 0.41963599687500003 0.792453434375 0.3874940078125 0.75558305 0.3792712828125 0.75026058125 0.38255335 0.718068971875 0.5806274296875 0.74838481875 0.5887444828125 0.75443395 0.5894872234374999 0.7885068953125 0.41963599687500003
2 0.7467072453125 0.41389690625000003 0.74800536875 0.40332453749999997 0.7056568640624999 0.39163836875 0.6748762328125 0.570207765625 0.695524340625 0.5775313296875 0.698492771875 0.5778958078125 0.720098003125 0.570512853125 0.7467072453125 0.41389690625000003
2 0.6213967078125 0.43442292499999996 0.628084659375 0.379953928125 0.5907354390624999 0.37162441562500004 0.56411495 0.5323385484375 0.5670584515625 0.5428668921875001 0.5939022203125 0.5461628937499999 0.604190115625 0.5425066078125 0.6213967078125 0.43442292499999996
2 0.6589830203125 0.3847291265625 0.6323818234374999 0.380214378125 0.60480923125 0.5486827796875 0.630651809375 0.5569721125 0.6313360828125 0.5570561296875 0.6552542203125 0.4150977765625 0.6589830203125 0.3847291265625
2 0.67531989375 0.562587846875 0.702585425 0.40142817031250005 0.70363716875 0.392862409375 0.662817321875 0.3839513875 0.6334047171875 0.55458436875 0.632420171875 0.5626028546875 0.6593597890625 0.568368178125 0.661039853125 0.5685744640625 0.67531989375 0.562587846875
2 0.587912196875 0.38660468125 0.5895569968750001 0.373208865625 0.5449563093750001 0.36383887187499997 0.5183358203124999 0.52455300625 0.52013288125 0.5339566890625 0.54452365 0.5356396375 0.564544053125 0.5328503859375 0.587912196875 0.38660468125
2 0.81076278125 0.234329690625 0.8187108921874999 0.212107503125 0.8190320390625001 0.2094919765625 0.8014853171875 0.1881281078125 0.673222546875 0.17500314374999998 0.667582709375 0.18086996718749998 0.666206090625 0.21612120625000003 0.7166988078125 0.22278008593749998 0.81076278125 0.234329690625
2 0.6759890515625 0.1660942046875 0.6912570765625 0.057772495312500005 0.6669521640625 0.027763873437499996 0.6411899140624999 0.0246006671875 0.61081559375 0.200071484375 0.63075360625 0.2138015765625 0.6422126828125 0.2152085734375 0.6580102890624999 0.21636115937499997 0.6666479437499999 0.1780658765625 0.6759890515625 0.1660942046875
2 0.6179859875 0.1480838703125 0.64322985625 0.022620974999999998 0.6377988421875 0.0131646578125 0.600661809375 0.008604803125000001 0.5699766203125 0.2025347015625 0.60595805625 0.20918283125 0.612343209375 0.2099668296875 0.6179859875 0.1480838703125
5 0 0.9407883968749999 0.2469499328125 0.9711100374999999 0.24709396875 0.9699369546875 0.2334327015625 0.9249782171875 0.22599381875 0.83170976875 0.242469471875 0.6847052296875 0.2392853046875 0.64653264375 0.22654212343750002 0.6092853390624999 0.1947084 0.586485840625 0 0.5566124484375 0 0.9407883968749999