21 1 0.46941869531249997 0.992702684375 0.409986828125 0.8489811109375 0.4318315765625 0.7686181171875 0.4312040171875 0.7588052078125 0.428210934375 0.757027946875 0.41373630156249996 0.748511996875 0.40848499218749995 0.5577570328125 0.43190675624999997 0.1922359421875 0.493578934375 0.20069691875 0.5240247390625 0.2205491453125 0.544675959375 0.4047368546875 0.5703370640625 0.4135067 0.577656178125 0.41208542187499997 1 0.4659506015625 1 0.47949319843750005 0.65351320625 0.49556449531249996 0.6305501125 0.5503796375000001 0.6154237421875 0.55920445625 0.5975483625 0.5747129890625 0.5956441531250001 0.6883781 0.611073534375 0.80173434375 0.649629609375 0.8834217828125001 0.6354016953125 1 0.6509627625000001 1 0.46941869531249997
5 0.8231734109375 0.68320460625 0.82055200625 0.7003183046875 0.8396150625000001 0.727363359375 0.881687025 0.7494842953124999 0.9020470390625001 0.7742711250000001 0.9305591640624999 0.8526304484375 0.9625167078124999 0.9107576171874999 0.9628785734375 0.9107131859375001 0.9553728171874999 0.8495837156249999 0.8769729765625 0.6598070203125 0.8671600671874999 0.6568139359375 0.8621986390625 0.680511890625 0.870659615625 0.7109576953125 0.8579988953125 0.7104132562500001 0.8231734109375 0.68320460625
11 0.75588368125 0 0.6751452765625 0.02891984375 0.5109537421875 0.07636675312499999 0.5113240984375 0.1434886015625 0.5229757562499999 0.2512048546875 0.520326865625 0.2809158 0.5335568640624999 0.37584438593749997 0.54077585625 0.3833539203125 0.580336359375 0.372199565625 0.5567581765625 0.282739534375 0.5844196421875 0.2772441546875 0.6919088265625 0.2808379734375 0.70248341875 0.2900344703125 0.73099554375 0.36839379375000003 0.743374884375 0.37946767656249997 0.89522278125 0.3711868046875 0.9275933625 0.367212196875 0.9146689484375001 0.2744762578125 0.91847085 0.190050290625 0.9060575078124999 0.0761306234375 0.9057300734375 0 0.75588368125 0
5 0.5629224859375 0.307301584375 0.59655486875 0.42832365625 0.651338846875 0.42159702968749996 0.742292715625 0.40911743749999996 0.7423202015625 0.396520190625 0.6965772546875 0.2803959484375 0.5560123609375001 0.27666535937500003 0.55288316875 0.2896434484375 0.5629224859375 0.307301584375
5 0.28317636562500004 0.272646159375 0.11858698906250001 0.26556846875 0.11855950156249999 0.2781657171875 0.14582964062499998 0.333588771875 0.1966504765625 0.4910691046875 0.3848390078125 0.45956654218750004 0.3344709890625 0.3314163140625 0.30976728124999997 0.2840740578125 0.28317636562500004 0.272646159375
5 0.3117679375 1 0.3134042515625 0.993213515625 0.32662773437500003 0.9726990656250001 0.41279629843750004 0.9180403421875001 0.41173368750000006 0.57603726875 0.21592832187500002 0.5455056968750001 0.24774107500000003 0.6507464781250001 0.28454274218750003 0.7196920609374999 0.3183251609375 0.7512267406250001 0.3903711265625 0.773865290625 0.40119961249999997 0.7851295921875 0.380420784375 0.8338584453125 0.3700726 0.8393270015625 0.35693157656249996 0.82204970625 0.359607953125 0.7797415125 0.34074381875 0.77995875625 0.3309034234375 0.789562921875 0.2874507140625 1 0.3117679375 1
5 0.5305813046875001 1 0.562485525 0.9960826546874999 0.57240838125 0.9486867484375001 0.5722369453125 0.9088272 0.5903393968749999 0.9024065421874999 0.626461840625 0.927356965625 0.6508841671875001 0.9852286671874999 0.6741469671875 0.9823723531249999 0.63816195625 0.8944356890625 0.63587690625 0.87582545 0.6590782187500001 0.7827205984375001 0.6819431765624999 0.7253396859375 0.6984332859375 0.6288609078125 0.71963744375 0.6220594078125 0.774624021875 0.6467925875 0.781595634375 0.7676773515625 0.8083370125 0.947005078125 0.8121729156249999 0.9654248984375 0.832334009375 0.9629494265625 0.7963084828125 0.65672394375 0.85938568125 0.6447810796875 0.8723277843749999 0.6347960734375 0.73438429375 0.6139517859375 0.6845030921874999 0.6179774484375 0.6754243796875 0.6337850265625 0.6644584609375 0.6855069640625 0.649457715625 0.6915467796875 0.4841891140625 0.640473934375 0.47536429687500004 0.658349315625 0.4717338296875 0.7826348296875001 0.4742727734375 0.8033128749999999 0.48921854531250003 0.822467553125 0.5251329921875 1 0.5305813046875001 1
3 0.6717873984375 0.64262750625 0.6697562421875001 0.6260850703124999 0.6611699453125001 0.6234661218750001 0.6574479 0.6239231328125 0.6100346437499999 0.6397148968749999 0.5719975078124999 0.6632760796875 0.658092765625 0.6836648484375 0.6599537875 0.6834363437500001 0.667587653125 0.6725288734375 0.6717873984375 0.64262750625
3 0.4876546609375 0.5917719046875 0.4901386328125 0.637644446875 0.5381601140625001 0.6569358953125 0.5598720609375001 0.6542700031249999 0.5530169109374999 0.5984392828125 0.4876546609375 0.5917719046875
3 1 0.6551878015625 0.875683384375 0.6364830359375 0.8841168749999999 0.6795260890625 0.9182971375 0.7655853687499999 0.9358643140625 0.7676263484375 0.968994996875 0.742568625 0.97596009375 0.7480103546875 0.9768382390625 0.8192678109375 0.9837483625000001 0.8499040359375 0.9809830093749999 0.8145609390624999 0.9898078281249999 0.7966855578125001 0.9870974484374999 0.7361479656250001 0.995668371875 0.716204778125 1 0.7122746734375001 1 0.6551878015625
3 0.11906304062499999 0.2694456046875 0.22914614218749998 0.268522971875 0.2356309375 0.25723184374999997 0.23058053437499998 0.20327850781249998 0.216650340625 0.1923950484375 0.0724759515625 0.184909690625 0.0344663015625 0.19587362656250001 0.0277276125 0.205096946875 0.07399137812499999 0.55624286875 0.08121036875 0.563752403125 0.125931221875 0.55616239375 0.145409025 0.578171446875 0.1587366953125 0.576535015625 0.2137671015625 0.5663672921875 0.215372928125 0.540982375 0.19374344062499999 0.5058565234375 0.1925289421875 0.47032300468750005 0.18406796406249998 0.4398772 0.11906304062499999 0.2694456046875
3 0.3895544828125 0.07487443437499999 0.3892731015625 0.085403878125 0.3178788734375 0.11935773281249999 0.3335653578125 0.27275610625 0.314419840625 0.2835027953125 0.313884565625 0.2919644328125 0.33399068593750003 0.3146834578125 0.4115333546875 0.305162415625 0.42004930468749996 0.3104137234375 0.43119317500000004 0.41399437031249997 0.4396541515625 0.444440175 0.5696719390625 0.42637701874999995 0.5663713109375 0.399495559375 0.5351278359375 0.388638925 0.5264339359375 0.2280850328125 0.5101846906249999 0.095745546875 0.4960006015625 0.0827942828125 0.3986057078125 0.0716641046875 0.3895544828125 0.07487443437499999
2 0.351194021875 0.365045625 0.350912640625 0.3755750671875 0.38407732499999997 0.4533631296875 0.44326364687500003 0.4481949421875 0.42348736562499995 0.2743089453125 0.33328397656250003 0.2832855484375 0.322146621875 0.2951479375 0.333482896875 0.31054784999999996 0.4177367671875 0.30440073125 0.4235488546875 0.3645574828125 0.351194021875 0.365045625
19 0.2423085015625 1 0.24443250625 0.9827913718750001 0.2399723515625 0.8951819000000001 0.2146993671875 0.7534554953125 0.180635565625 0.7324502578125001 0.017960882812500002 0.6768609609375 0.0576373671875 1 0.2423085015625 1