19 0 0.9581655874999999 0.1466678390625 0.9709973609375 0.3928875265625 0.88170035 0.41146221875 0.866595096875 0.4361841 0.7453717921874999 0.44152737656249996 0.666370196875 0.43190251718750006 0.6508890921875 0.26714061875 0.580009428125 0.24781328593750002 0.5678620484375 0.22874514375000002 0.53482443125 0.2021797640625 0.5157699328125 0.10447999687500001 0.503039728125 0 0.5020998703124999 0 0.9581655874999999
21 1 0.49562979531250007 0.96975615 0.4910380515625 0.9682772109375 0.47208703906249994 0.9560063515625 0.46892218750000003 0.740475571875 0.45843085156249996 0.6100881671875 0.4428408484375 0.5560758765625 0.45066313437499994 0.5558166859375 0.47155337187499996 0.575974275 0.4921385546875 0.681560771875 0.5222890890625 0.667008471875 0.6527672812499999 0.5877792859375 1 0.6165906015625 1 0.7458466015624999 0.5404611171875 0.7617752921875 0.5376721140625 0.9935466390625001 0.5955927234375 1 0.5218304765624999 1 0.49562979531250007
11 1 0.108983096875 0.9898718125 0.099765878125 0.62750655625 0.11825401875 0.5882587171875 0.4055097734375 0.723315784375 0.42150831718750004 0.725494678125 0.39660345 0.71592109375 0.32675325625 0.733043190625 0.3282512453125 0.8160076703125 0.34805744375000003 0.835673221875 0.44597735937499994 0.9206190296875001 0.461512909375 0.9467983125 0.46380330000000003 0.9506766593749999 0.45813014687500003 1 0.10931350468750001 1 0.108983096875
5 0.42261870156250003 0.9721357265625 0.4755401328125 0.8512882734374999 0.49447797343750005 0.8320322062500001 0.49647529218750003 0.80920274375 0.5356219953125 0.7561627703125 0.5390719109375001 0.7167300640625001 0.550953278125 0.6884914703125 0.53401275625 0.6849180765625 0.519926153125 0.7025072796875 0.43364347031249995 0.8999050734375 0.40394005 0.97050155625 0.404044009375 0.9872409828125001 0.42261870156250003 0.9721357265625
5 0.8270188578125 0.365620425 0.8179387218749999 0.343913103125 0.7147390359375 0.32233655156249996 0.729391284375 0.455761928125 0.7521756453124999 0.4577553015625 0.8408213390625001 0.45884480468750005 0.8270188578125 0.365620425
5 0.6879333609375 1 0.685130228125 0.8758989046875 0.7024588296875 0.7853981437499999 0.7042233015625 0.819013175 0.7172468000000001 0.8494306625 0.7362900125 0.972391625 0.744358315625 0.9877365484375 0.75094768125 0.9841304609374999 0.7218374359374999 0.7431764328125 0.7776654703125 0.7146000906250001 0.7932310124999999 0.7159619 0.80039144375 0.7416838515624999 0.81009391875 0.7383501265625 0.8097044265625 0.70694668125 0.8313922281250001 0.6921137859375001 0.83964210625 0.70538330625 0.8317304453125001 0.777886321875 0.8278148359375 0.9302080171875 0.8317582 0.93891818125 0.8397225453124999 0.9375236812500001 0.8600325421875 0.66952399375 0.8668034828125 0.6638425 0.8939135859375 0.676670784375 0.9362801796875001 0.891597803125 0.9400419703124999 0.902383375 0.9509378500000001 0.903336640625 0.948524696875 0.8592084 0.917443475 0.676638090625 0.922839434375 0.6687450109374999 0.9688873796875 0.6623172265624999 0.9746464890625001 0.6502733359375 0.8735217390625 0.5870524921875 0.8525338937500001 0.55802950625 0.7510723359375 0.53451373125 0.7444829703125 0.53811981875 0.738101521875 0.575204759375 0.7497500421875001 0.6034106593749999 0.7699076296875 0.6239958421875 0.7548091953125 0.6352226484375 0.7486869375 0.65141735 0.71462431875 0.646345965625 0.6613924234375 0.8424527453125 0.659239871875 0.9029118703125001 0.66813505 1 0.6879333609375 1
5 0.6504951328125 0.7160218765625 0.6744131 0.6219150265625 0.6252257046875 0.5925161906249999 0.609089096875 0.5618263421874999 0.5968695109375 0.5042924015625 0.567191021875 0.484965540625 0.556191184375 0.467272846875 0.5609384625 0.44886655937500003 0.5830933703125 0.446622278125 0.5843643921874999 0.43209444062499996 0.5525832140625 0.2933800109375 0.530324346875 0.2788848640625 0.45065454843749997 0.2572756203125 0.46948984375 0.34675773125 0.49385281093750005 0.6061180484375 0.523739215625 0.6589237625 0.5656885640625 0.6814154765625 0.5492414921875 0.725984953125 0.5349220406249999 0.8000186499999999 0.52449326875 0.8116540000000001 0.522314375 0.8365588671875 0.505867303125 0.8811283453125001 0.5047778562499999 0.893580778125 0.51393560625 0.89647326875 0.5412522156249999 0.8173028 0.5616426531250001 0.7814434890624999 0.5806317671875 0.7078183328125001 0.5914236875000001 0.692032171875 0.6101023390625 0.6936663421875 0.6504951328125 0.7160218765625
3 0.5798290875000001 0.4122225015625 0.5872487093750001 0.41705421875 0.59282624375 0.407085734375 0.6029944140625 0.2908630171875 0.5513425921875 0.27170503125 0.5566082515625 0.211518265625 0.5659988499999999 0.1579662640625 0.6165348828125 0.154022428125 0.622008459375 0.1273145171875 0.5527674328125001 0.094069925 0.532532228125 0.0922995734375 0.368290121875 0.10511703750000001 0.34559049062499997 0.113587534375 0.14087797500000002 0.122864296875 0.11193001875 0.47166862031249995 0.10443278125 0.48565173906250003 0.1405190609375 0.50344791875 0.191703775 0.510017290625 0.2777037484375 0.5489106828125 0.4400507359375 0.6045479140625 0.4501436296875 0.605430928125 0.46900327343750003 0.4778129875 0.47842021562500003 0.45981524062499995 0.46687424218749995 0.3228711640625 0.45823487187499995 0.27819819843750004 0.44759818281249997 0.2563546984375 0.5454019078125001 0.2858243265625 0.55897013125 0.31001559843750004 0.5798290875000001 0.4122225015625
2 0.43745088593750003 0.35441114375 0.4206919390625 0.3487623421875 0.41319470156250004 0.3627454578125 0.416801259375 0.41116069218750007 0.4255958609375 0.41820399375 0.4306286734375 0.41446172499999995 0.43745088593750003 0.35441114375
2 0.43547991093749994 0.4127948625 0.43786672031249996 0.4213688453125 0.4501375796875 0.4245336984375 0.4586466484375 0.41691297968749996 0.463730734375 0.3588016234375 0.4469717859375 0.353152821875 0.43547991093749994 0.4127948625
2 0.2622693296875 0.38470103437500003 0.29347338437500003 0.389391621875 0.3290970890625 0.3925082921875 0.334933928125 0.34295866406250003 0.267171840625 0.32866508437499997 0.2622693296875 0.38470103437500003