6 0 0.6184517578125 0.8825409140625 0.9438191453125 0.8976335093750001 0.9478631937499999 0.9290759796874999 0.8305182984374999 0.876257096875 0.7559744109375 0.0996414109375 0.478862453125 0 0.480887878125 0 0.6184517578125
4 0.873238578125 0.7551656015625 0.900083221875 0.7932281640625 0.902781021875 0.7939510390625 0.9095665640625 0.7886247359375 0.9282220656250001 0.7310755265625 0.9212149765625 0.7270411578125 0.594678396875 0.6115072140625 0.5818458046874999 0.6533620640625 0.873238578125 0.7551656015625
6 0.5931354375 0.6112285796875 0.9377831265625 0.7316153812499999 0.9454403750000001 0.6970011031250001 0.8175919781250001 0.5764712125 0.78751515625 0.5619416765625 0.7798579078125 0.596555953125 0.650169984375 0.555335703125 0.635185753125 0.5448502140625 0.6427346421875 0.516677378125 0.6085608890625 0.5053637234374999 0.61082348125 0.5210677609375 0.5907644859375 0.601965984375 0.5931354375 0.6112285796875
4 0.0861772109375 0.34193596249999997 0.05263805781250001 0.47314282187499995 0.056087421875 0.47838072656249997 0.11613530000000001 0.4836863796875 0.5513243609375 0.6366913671875001 0.579441153125 0.6442252390625 0.608356078125 0.536313271875 0.608484034375 0.5358082875 0.57862393125 0.50839586875 0.40344410937499997 0.437731496875 0.09588033124999999 0.335908603125 0.0861772109375 0.34193596249999997
6 0.4159849234375 0.42114116562500004 0.294382503125 0.37993059375 0.280476684375 0.36542041406250003 0.145721778125 0.3249992953125 0.1093911984375 0.3217350234375 0.100118925 0.3321914765625 0.5029801515625001 0.47680384687500005 0.576717128125 0.5095025625 0.6059982203125001 0.5316373750000001 0.6085855265625 0.5323306421875 0.6250134203125 0.522443515625 0.6161745843750001 0.5071342046875 0.535969725 0.46838877500000003 0.532197875 0.45228033281249996 0.515165178125 0.443402784375 0.4159849234375 0.42114116562500004
13 0 0.4827014296875 0.049046234375 0.48053809531249997 0.08829993750000001 0.34007831718750003 0.0294388328125 0.32430653125000003 0 0.4341737515625 0 0.4827014296875
6 0.116188828125 0.3325881453125 0.11478792812500001 0.32574230000000004 0.036954021875 0.29625946718749996 0.0326403703125 0.3123582296875 0.036628940625 0.31558379062499997 0.048130271875000005 0.3190699671875 0.102903796875 0.33374648906250004 0.116188828125 0.3325881453125
20 0.0885192515625 0.297000575 0.0726733265625 0.27765689375 0.0664195703125 0.28892215781249997 0.040762165625 0.2820472765625 0.036448515625 0.298146040625 0.097249725 0.3187513265625 0.1461935828125 0.3232384921875 0.143283425 0.31598824062499997 0.0885192515625 0.297000575
10 0.727725478125 0.4530427875 0.64018845 0.4295873109375 0.6491382375 0.408260321875 0.703794053125 0.4336894296875 0.708646909375 0.41557832031249997 0.695280296875 0.3990557953125 0.6930177046875 0.38335175781249997 0.5642998359375 0.3445482578125 0.5283897296875 0.46649252187499995 0.6217531953125001 0.5115946234375001 0.6404302875 0.516599134375 0.6457868609374999 0.5173604171874999 0.6682116203125 0.506114509375 0.725563465625 0.5214818906249999 0.7523070640625 0.43374749843749993 0.747025953125 0.41723465312499997 0.727725478125 0.4530427875
4 0.2345389484375 0 0.3717492828125 0.04289755 0.2819185421875 0.3660763609375 0.2837502890625 0.377351303125 0.418396834375 0.4242138640625 0.4522481015625 0.42465698124999995 0.5527520140625 0.0978675625 0.5473651375 0.057601296875 0.361918175 0 0.2345389484375 0
4 0.88366349375 1 0.8983075171875001 0.9453477609375 0 0.6162746046875001 0 0.88366349375 0.43417374999999997 1 0.88366349375 1