19 0.5409169656249999 0.39075988125 0.48110529687500003 0.3865886390625 0.4352164375 0.4023280234375 0.4008197390625 0.42561748125000004 0.42492677656250005 0.43437385624999997 0.5285272 0.4375715109375 0.516177325 0.5073529796875 0.5170635234375001 0.609623621875 0.5085833156249999 0.6227471390625 0.3450258984375 0.61329998125 0.3694748875 0.492550365625 0.3665683671875 0.45098519687499994 0.173766203125 0.4937051265625 0.16967142500000001 0.5023451437500001 0.1917394140625 0.7956608859375 0.21135008593750002 0.794289575 0.30397268906249997 0.7205917328125 0.6675187874999999 0.7452922078124999 0.6749674703124999 0.6278197890625 0.58412725 0.6279066953125 0.57093106875 0.618387359375 0.567785196875 0.43900316562499997 0.6270155625 0.434861375 0.5409169656249999 0.39075988125
15 0.3611798984375 0.530721978125 0.3420538359375 0.6155962296874999 0.4822978671875 0.624976775 0.50281416875 0.6235421359375 0.5146727656250001 0.6202329015625 0.5273930765625 0.600547625 0.5249082921875 0.475416140625 0.53008589375 0.43746251718750007 0.5234151406249999 0.43166371875 0.435837634375 0.43361089531249997 0.3757353125 0.425283134375 0.3611798984375 0.530721978125
15 0.769893384375 0.6189629765625 0.7510693828125 0.5513613984375 0.7506191624999999 0.4553255328125 0.744635146875 0.436948190625 0.5735749125 0.432202521875 0.561831990625 0.44346577031249995 0.571503290625 0.6265705015624999 0.769893384375 0.6189629765625
15 1 0.4825396125 0.998064478125 0.45486036093750004 0.8554967093749999 0.45438756874999997 0.8421950953125 0.465759809375 0.8565681250000001 0.5817063046875 0.852513240625 0.613316159375 0.8576252999999999 0.6192239515625 0.921531746875 0.614755178125 0.9330638 0.6452750875000001 0.9670644109375001 0.638720690625 1 0.6441687125 1 0.4825396125
14 0.992111271875 0.459322965625 0.998346046875 0.4588869875 0.9771683453125 0.17843109375 0.9641972750000001 0.216929690625 0.9674998796875001 0.241759796875 0.9783053031250001 0.2618884140625 0.9576205468750001 0.3468716578125 0.953104034375 0.43907799062499997 0.9589427234375 0.455377075 0.992111271875 0.459322965625
21 1 0.858039903125 0.9691531093749999 0.7805872375 0.9575156234375 0.7709589078125 0.9118775234375001 0.767884971875 0.8973876515624999 0.8294624 0.6825785546875001 0.8486601578125 0.6662649875 0.839358809375 0.6696986765624999 0.776466084375 0.6644013984375 0.745510196875 0.30694475 0.7182954859375 0.083604146875 0.8842792656249999 0.061531673437500004 0.9046185093749999 0.05645950625 0.9216805562499999 0.1250819265625 0.939854634375 0.1282097703125 1 0.16158738125 1 0.15799971562499998 0.9626138453124999 0.1703239390625 0.95966363125 0.3224290890625 0.9845305546875001 0.327395821875 0.9883600875 0.32748189375000003 1 0.348571865625 1 0.34794949375 0.9910996765625001 0.3650951265625 0.9899007375 0.42614943906249997 1 0.4950610375 1 1 0.9646912265625 1 0.858039903125
2 0.345112440625 0.8161317828125 0.41217616718750005 0.8344148562499999 0.44305939062500005 0.8280784515624999 0.49099210781249997 0.8467856109375 0.49723278437499996 0.8463492203125 0.5221566906249999 0.8392547921875 0.560502840625 0.805247059375 0.5594855578125 0.7906992515625 0.5471214421874999 0.770679628125 0.5272545078124999 0.75536149375 0.473822940625 0.7528325312499999 0.43169831406250003 0.7328055453125 0.40973127500000006 0.7322532093749999 0.353262103125 0.7758819109374999 0.34336852812499996 0.7911926828125 0.345112440625 0.8161317828125
9 0.7988765484375 0.8612814890625 0.9003567953125 0.85235793125 0.9254561796875 0.6484778203125 0.9232420078124999 0.616813690625 0.7153053734375 0.6251296140625 0.6780420484375 0.6298237421875 0.6723885765625 0.638572753125 0.6672252171874999 0.7663274671875 0.6166365609375 0.784321984375 0.6614406625 0.8627993125 0.666835753125 0.8705146812500001 0.7988765484375 0.8612814890625
19 0.860121490625 0.5877230921875001 0.8491963921875 0.49868496249999994 0.7559255234375 0.4864113109375 0.7488586828125 0.49734757500000004 0.7506424875000001 0.5452565140625001 0.7694677796875 0.6174264234375 0.8559346968750001 0.6113800671875 0.860121490625 0.5877230921875001
18 0.7770280765625001 0.6215967015625 0.7922253687499999 0.6205340031250001 0.8540446859375 0.6128174937499999 0.8599489171875 0.5852551609375001 0.84916914375 0.49829529062500005 0.75745696875 0.48591264531249995 0.7489767609375 0.49903616250000005 0.7503245875 0.5407103249999999 0.7680258734375001 0.6146556734375 0.7770280765625001 0.6215967015625
19 1 0.6404906109375 0.9321827609375 0.6326756453125 0.9213117953125 0.6564084453125 0.90987376875 0.7616293 0.9168351749999999 0.7715846140625 0.9481543765625 0.7714829828124999 0.9612052312499999 0.7789240609375 1 0.86672834375 1 0.6404906109375
18 1 0.6389041093750001 0.930760309375 0.6347330078125 0.9214480390625001 0.6583568125 0.9134180515624999 0.7675161953125 0.94814529375 0.7713530921875 0.9629001687500001 0.7807634343750001 1 0.8657462984375 1 0.6389041093750001