19 0.93464336875 1 0.9488698515625 0.89877331875 0.9325431390625001 0.8044371734375 0.9445068015625001 0.761412646875 0.9683800843749999 0.7529339015625001 0.9713405078124999 0.7388862875 0.8438612984375 0.6144650015625001 0.7687896796875 0.5592084640625 0.6966209734375 0.5253979796875 0.5555489046875 0.4766442421875 0.5188006749999999 0.47147961406250005 0.41919536874999996 0.4785190765625 0.2543179453125 0.5289803265625 0 0.6442539796875 0 0.92990914375 0.0367052265625 0.9336220171875 0.044065375000000004 0.7689815828125 0.051435940624999996 0.7305710578125 0.071681453125 0.70580390625 0.109032575 0.69264495 0.1863972671875 0.7035178484375 0.4779680578125 0.7760525625 0.7534525999999999 0.7385063703125 0.7917725156250001 0.7465216421875 0.8200019046874999 0.79125029375 0.8430997640625 0.9075761359375001 0.848685865625 1 0.93464336875 1
15 0.8481492234375001 1 0.842393025 0.9126048390625 0.821229284375 0.7965508203125 0.8000115046875 0.75806710625 0.78248248125 0.7424547640625 0.7473059390625 0.7401407843750001 0.47568963281250004 0.7782306203125 0.201525896875 0.708142309375 0.1067541484375 0.6948230078125001 0.0671064796875 0.7102889671875 0.0503667734375 0.7381785859375001 0.0419123890625 0.826402215625 0.041034 0.9356767546875 0.498717671875 1 0.8481492234375001 1
5 0.1938225203125 0.5484851843749999 0.20436656250000002 0.5499670531249999 0.253463490625 0.52523643125 0.25557582343749996 0.51020640625 0.2637694546875 0.40243660468750003 0.2609275265625 0.38757352031250003 0.22224517968750002 0.382137071875 0.2236949 0.371821778125 0.2082219609375 0.3696471984375 0.1938225203125 0.5484851843749999
21 0.5890957640625001 0.48248457968749997 0.6864877828125 0.516742015625 0.6869800109375 0.51681119375 0.6899913125 0.49538466875 0.5890957640625001 0.48248457968749997
5 0.68860615 0.5203269296874999 0.7115141109375 0.5327505921875 0.8221212281250001 0.5456656484375 0.8169252421875 0.568603234375 0.7809628562500001 0.5648639296875 0.83826569375 0.6043429437500001 0.83853549375 0.6043808625 0.854710925 0.535862509375 0.8581978421875001 0.51105180625 0.8356565765624999 0.50549176875 0.8299761921875 0.5178422406250001 0.7255338578125 0.5031638265625 0.7254118890625 0.48999788750000006 0.69525185625 0.487074053125 0.68860615 0.5203269296874999
21 0.821835259375 0.5452445140625 0.7190022078125 0.5320967046875 0.7768382968750001 0.56257491875 0.7769393078125 0.562589115625 0.8166768687499999 0.5668620578125 0.820963846875 0.5514449359375 0.821835259375 0.5452445140625
21 0.922448746875 0.6478626984375 0.9165279 0.6759579312499999 0.9322857734375001 0.68856010625 0.9325158359374999 0.6885924390625 0.951457034375 0.6098633984374999 0.9579232624999999 0.5989382515624999 0.9710234249999999 0.5951911203125 0.9724596328124999 0.58497196875 0.866291415625 0.549243603125 0.851241890625 0.5510731703125 0.8421201578125 0.6089607781249999 0.8752440874999999 0.6399136359375001 0.9181570984375 0.6433149078125 0.922448746875 0.6478626984375
21 0.265780659375 0.45794420625 0.260295153125 0.5246923375 0.261200671875 0.5248196 0.2767249609375 0.5133923921875 0.29026378125 0.5152951484375 0.4015922859375 0.4809759234375 0.4966867640625 0.4674397703125 0.49679308125 0.4666832828125 0.4461954796875 0.458317140625 0.41343745312499997 0.4668620984375 0.38236960781249996 0.44934700000000005 0.262454334375 0.43249400624999995 0.25949391093749996 0.4465416234375 0.265780659375 0.45794420625
13 0 0.467598115625 0.071237953125 0.4776099578125 0.12058455312500001 0.48274092812499997 0.14614076250000002 0.30089905156249996 0.0256327671875 0.28264998124999996 0 0.4650365984375 0 0.467598115625
4 0.0656025953125 0 0.0496084640625 0.118369234375 0.171579821875 0.1486599875 0.1775041421875 0.1626413921875 0.2379461765625 0.181655003125 0.2808591875 0.185056275 0.33126820625 0.205289596875 0.3416636515625 0.2014910625 0.4520303078125 0.23015088125 0.4581341046875 0.22180455625 0.478372671875 0.11288413125 0.5368805890624999 0.1316259203125 0.5933324203125 0.1369299484375 0.619807171875 0.159059046875 0.6709410484375 0.174134721875 0.7087765671875 0.1715628796875 0.6822581984375 0.353233996875 0.7503819890625001 0.3695140578125 0.7626958703125 0.3712446609375 0.7799259140625 0.3038460765625 0.7960489890625 0.2010531421875 0.8071587296875 0.1220032328125 0.4716733859375 0 0.0656025953125 0
10 0.14440795625 0.29697280625 0.15274200468750002 0.276382821875 0.168204525 0.152327490625 0.0496779875 0.1185762359375 0.0260590578125 0.2796167671875 0.058404246874999996 0.2848857734375 0.14440795625 0.29697280625
18 0.3094689328125 0.2979491484375 0.3054822046875 0.32631620156249996 0.30318565625 0.328623203125 0.3028232265625 0.331202025 0.29319153125 0.33237294687499996 0.2923796875 0.338149509375 0.29442288125 0.34185535 0.3002252328125 0.34267081718750003 0.30092055625 0.3457927625 0.3068034953125 0.34661955624999996 0.30796170312500004 0.3437581078125 0.3137640546875 0.34457357499999997 0.317208875 0.34111307343749997 0.3171478921875 0.33453010625 0.30941142187500004 0.333442815625 0.308625578125 0.3320174921875 0.3126123078125 0.3036504390625 0.31490885625 0.30134343750000003 0.31563371562500003 0.2961857921875 0.31871610625 0.2953041140625 0.32185948125 0.30100540468750003 0.32484499218749996 0.298006303125 0.3251349359375 0.2959432453125 0.324457475 0.28953661249999996 0.32209994375 0.28526064375 0.318231709375 0.2847169984375 0.31249034062500003 0.2904845015625 0.31176548125000003 0.295642146875 0.3094689328125 0.2979491484375
6 0.6674036375 0.410513140625 0.6086552578125 0.4075161140625 0.2460065234375 0.33551108281249997 0.14930065625 0.321919959375 0.14549340625 0.327959284375 0.1404193875 0.3640628078125 0.15631573906250001 0.3702415328125 0.2215913296875 0.3688963828125 0.22981219687499999 0.3805707859375 0.29907799062499996 0.39293521875000004 0.3031257046875 0.3711511328125 0.320109346875 0.3695933890625 0.3240995484375 0.3833029734375 0.41995858750000004 0.3888858046875 0.4239487890625 0.4025953875 0.4669837671875 0.419162596875 0.5811219828125 0.4372417390625 0.6887602765625 0.4523693140625 0.6920662375 0.44553635468749997 0.7783766562500001 0.4629260125 0.783633628125 0.4465713953125 0.7739020562500001 0.43862931562499996 0.6775586203125 0.42245936874999995 0.6674036375 0.410513140625
20 0.526738509375 0.3858788921875 0.484973771875 0.3813241203125 0.4947053421875 0.3892662015625 0.5121123984375 0.3917126046875 0.5127803656250001 0.392924128125 0.6155787 0.4073714921875 0.615810203125 0.40572426874999995 0.5808937937499999 0.3934899203125 0.5631243078125 0.3936223421875 0.5615526203125001 0.390771696875 0.5290350562499999 0.38357189062499997 0.526738509375 0.3858788921875
5 0.42066985 0.40206881718750004 0.420962815625 0.3999842671875 0.42026682656250003 0.3887976359375 0.4105962390625 0.3874385234375 0.40449244218749997 0.395784846875 0.41721261875 0.4015829359375 0.42066985 0.40206881718750004
5 0.31568681718749997 0.42919333125000003 0.3729244921875 0.43592268125 0.3685108765625 0.418208953125 0.31822382656250003 0.4111415703125 0.32039840625 0.39566863125 0.368388909375 0.405043015625 0.37564098125 0.395543190625 0.4038579578125 0.398194365625 0.4038581109375 0.3981932765625 0.32063886875000003 0.37992387031249997 0.319792040625 0.371915578125 0.3062532203125 0.3700128203125 0.2968185765625 0.43042046875000006 0.3134405390625 0.4327565328125 0.31568681718749997 0.42919333125000003
5 0.89609016875 0.49544535468750006 0.8937326375 0.49116938593750004 0.8951213734374999 0.4742711234375 0.8901048656249999 0.47488097968750004 0.8855727546875001 0.48607795 0.870885659375 0.4853286921875 0.8589219984375 0.5283532171875 0.8575332625 0.5452514796875 0.8710720843749999 0.5471542375 0.875665178125 0.542540234375 0.9155567828125 0.553406153125 0.9419095656250001 0.5623693140625 0.94518153125 0.5736111734375 0.9628004984375 0.5760873578125 0.9785933375000001 0.5188743359375 0.978894784375 0.5097125421875 0.9618501578125 0.5046873187500001 0.9568946328125 0.5118801421875 0.9433558124999999 0.5099773859375001 0.89609016875 0.49544535468750006