20 0.22371040312499998 0.4285189625 0.2237049421875 0.4282060890625 0.1321111078125 0.41825705312499994 0.0100821109375 0.421689359375 0.032698700000000004 0.43041055625 0.147388859375 0.43739437812500004 0.15031805468749998 0.4373432484375 0.22371040312499998 0.4285189625
13 0.1349181328125 0.6220151406250001 0.134204578125 0.4934272796875 0.133630990625 0.460566471875 0.0097225203125 0.44585296249999995 0.0053773625 0.45431550156249995 0.00590820625 0.484727534375 0.0095429421875 0.6034321796875 0.12065241874999999 0.62226415 0.1349181328125 0.6220151406250001
6 0.5092844015625 0.5394924171875 0.39670213906249996 0.5805259984375 0.3881643859375 0.595000125 0.3885734265625 0.6184340546875 0.39752022187499997 0.6273938593749999 0.740310365625 0.681315390625 0.8213936500000001 0.685044090625 0.843402015625 0.6846599328125 0.8819116078125001 0.5681497906249999 0.8822929359374999 0.5564226 0.881792996875 0.527781128125 0.8623371437499999 0.5098887890625 0.8171494171875 0.4950501625 0.7195989390624999 0.5019620390624999 0.7172832578125 0.5371640656250001 0.6834950921875 0.559892628125 0.5092844015625 0.5394924171875
13 0.67343803125 0.560068175 0.64201099375 0.5501984828125 0.508991478125 0.5394975296875 0.39836204375 0.580497025 0.389733390625 0.589763609375 0.3902333296875 0.6184050812499999 0.397227296875 0.627398971875 0.7478287515625001 0.6811841578125 0.8211983671875001 0.6850474984375 0.8412059718749999 0.684698265625 0.8723999328125001 0.599570578125 0.880881790625 0.5651074046875 0.88021344375 0.5268178328124999 0.8600913921875 0.5099279875 0.814903665625 0.4950893625 0.7193060140624999 0.5019671515625 0.7188977125 0.5345313218750001 0.7007321671875 0.556987190625 0.67343803125 0.560068175
6 0.340654428125 0.9966066 0.6802706656249999 0.9906785765624999 0.692334834375 0.9739941312499999 0.7692178765625 0.79304684375 0.768326165625 0.7419607625 0.1756029984375 0.6353045109375001 0.0130183734375 0.6094922406250001 0.0023459953125 0.613585371875 0.007254485937500001 0.8947925359375001 0.012204728125 0.898612975 0.340654428125 0.9966066
13 0.016777567187500002 0.6094266234375 0.002199534375 0.6135879281250001 0.007153471875 0.8973988640625 0.0121037140625 0.9012193015625 0.3385270984375 0.99664373125 0.681559778125 0.9906560750000001 0.7709348031250001 0.7850936015625 0.7717610125000001 0.7596846875 0.77151104375 0.7453639515625 0.7652573765625 0.73961284375 0.43027854374999996 0.6855549640625 0.3831379890625 0.670750425 0.16369412187500001 0.63290781875 0.114827984375 0.6311562171875 0.016777567187500002 0.6094266234375
4 0.1380667609375 0.46848628437500006 0.1437911140625 0.6285670125 0.382543965625 0.66613769375 0.3895693671875 0.666015065625 0.38625913125 0.5865685484375 0.394887784375 0.5773019625 0.5036098390625 0.538940325 0.5126320671875 0.5074570484375001 0.5125160484375 0.5008103328125 0.508650240625 0.49197020468749997 0.4478853421875 0.48000804375 0.3462928625 0.4791767828125 0.2971994796875 0.46440633125 0.197514378125 0.460937215625 0.1380667609375 0.46848628437500006
6 0.1295614390625 0.4456494734375 0.1424593390625 0.4571448734375 0.5117608703125 0.48573007187500006 0.5137033343749999 0.485696165625 0.553007609375 0.4760243609375 0.5571764984375001 0.46305900468749994 0.5571463375000001 0.461331046875 0.546785534375 0.45529646250000005 0.3984160921875 0.460490821875 0.32993078124999997 0.4538725484375 0.29641457031249996 0.43622563281250004 0.2299275359375 0.43217704062499995 0.1295614390625 0.4456494734375
4 0.31888913125 0.43681005156249997 0.3904173046875 0.4498866203125 0.4484677671875 0.45089188281250003 0.5069875125000001 0.44987041562499996 0.514399128125 0.4464202265625 0.515533875 0.399518278125 0.4969138390625 0.3959364484375 0.49355283281249995 0.37125176249999997 0.5158967265625 0.364350340625 0.5186214484375 0.3525822453125 0.520710875 0.16452885625 0.51918549375 0.077139825 0.48700891874999996 0.052306975 0.321200375 0.065619428125 0.32015726718750004 0.17372701562499998 0.32606119843750003 0.176228525 0.3202936140625 0.1815383265625 0.31888913125 0.43681005156249997
16 0.5189663515625 0.0757762546875 0.523734796875 0.0691816125 0.48508654843750004 0.037299178125 0.170999459375 0.061013531249999996 0.140889703125 0.070655071875 0.2073089359375 0.0987970578125 0.2190258859375 0.0985925375 0.22926688125 0.0977626390625 0.3160995328125 0.092340125 0.32145807656250003 0.0635963953125 0.340940903125 0.06065175625 0.48926489687499997 0.0528536265625 0.5189663515625 0.0757762546875
10 0.5790291 0.3944380078125 0.574578796875 0.41925904062499997 0.5668129359375 0.42199915624999995 0.565678190625 0.468901103125 0.5843891234374999 0.47769047656249997 0.61365954375 0.4759192859375 0.6135906375 0.471971634375 0.6083677015625 0.452528575 0.6093206515625 0.3952115484375 0.5985573765625001 0.394097140625 0.5958781046875 0.40846900625 0.5852057265624999 0.4125621375 0.5790291 0.3944380078125
10 0.8042274624999999 0.3814562984375 0.803447878125 0.33679398437499997 0.7220990375 0.33184041406250003 0.7023911843749999 0.48976049687499995 0.7063377796875 0.49483562187499996 0.79958529375 0.49320798125 0.8019399390625 0.48541830468749997 0.8042274624999999 0.3814562984375