11 0.9241621500000001 0 0.837151809375 0.029460890625000003 0.6115691546875001 0.08757336875 0.610409209375 0.2897077328125 0.70752396875 0.30259814218750003 0.7279072765625 0.39600663125 0.734265403125 0.40214660156250004 0.8594281609375001 0.41038013125 0.8718535375 0.40599594375 0.9083285875 0.25742007031249997 0.9174476453124999 0.2426753421875 0.9396829046875 0.26312373125 0.9398647015625 0.2735388109375 0.9063687390625 0.41372808125000005 0.9423734843749999 0.41726691718750003 0.9362698734375 0.42570805937499995 0.9660255703124999 0.4293559734375 0.9861100515624999 0 0.9241621500000001 0
21 1 0.49563655625 0.9989057906250001 0.4329493484375 0.9128723015625001 0.42820011718749995 0.8959782921875 0.44516420625 0.8742157015625001 0.45179502656250004 0.802242571875 0.44680037031250003 0.655462659375 0.453529725 0.5787663843749999 0.4465338609375 0.5534793171875 0.4303060421875 0.52219771875 0.4287684140625 0.042510559375 0.4329740828125 0.033246064062500004 0.4393867484375 0.0335369375 0.45605087656250004 0.0543190125 0.48277558281250005 0.12531162812500002 0.5211257640625 0.1976847109375 0.549033596875 0.160832484375 1 0.2016526734375 1 0.2547260453125 0.5938782515625001 0.265407365625 0.5791062546875 0.59929749375 0.72746833125 0.5993374 0.9983422234375 0.6977599078125001 0.9966242515625 0.7105089703125 0.7421963328125 0.7228979890625 0.7357291296875 0.9051008984375001 0.6992103546874999 0.9078278375 0.8554365578124999 0.902451409375 0.9055380203125001 0.9181467484375 0.9094313578125 0.933513671875 0.8049805937500001 0.9331488968749999 0.6945534734375001 0.9408147703124999 0.6860850625 1 0.6711813953125 1 0.49563655625
5 0.5996929 0.7501211375 0.5993065828125 0.727989084375 0.5944291703125 0.7280742203125 0.5546297890624999 0.8553507 0.55638168125 0.8693847625 0.55734879375 0.8693678828125 0.567273321875 0.863464609375 0.5985173796875001 0.7733222625 0.5996929 0.7501211375
5 0.807739625 0.7617263578125 0.77583991875 0.72477745625 0.76494044375 0.7270513578125 0.7373287562499999 0.75670443125 0.729517446875 0.7568407781250001 0.721378903125 0.7382299812500001 0.713603953125 0.74044934375 0.7114247671875 0.7946622999999999 0.703722534375 0.8010476953125 0.7074651640625 0.836404428125 0.7184737171875 0.840379575 0.7253760484375 0.7881678265625001 0.759164065625 0.75423964375 0.7986205671875 0.7764710859374999 0.8209285453125 0.80108550625 0.857698015625 0.9379646375 0.8637951062500001 0.9515321703125 0.8720653296875 0.9513878124999999 0.8732115593750001 0.9314428953125 0.8279763125 0.7572058234375 0.8163132953125001 0.7157363875 0.8084656265625 0.71378971875 0.79920113125 0.7202023828125 0.807739625 0.7617263578125
5 0.5764870421875 0.4086772515625 0.619942784375 0.4119558 0.6470545640625 0.4114825625 0.656126046875 0.405203496875 0.6795599765625 0.40479445468749997 0.717527215625 0.4102524578125 0.7297149640625 0.41003972031249997 0.7295695265625 0.40170766875 0.7172348796875 0.32495811093750004 0.707424996875 0.300125534375 0.55559470625 0.2861065375 0.568312140625 0.38798343750000003 0.5764870421875 0.4086772515625
5 0.1430168859375 1 0.1638650640625 0.9392665984375 0.1708037546875 0.8891378671875 0.16698840625 0.8496151015625 0.1247192578125 1 0.1430168859375 1
5 0.17774007812499998 0.65981521875 0.1872590875 0.667983665625 0.1976847109375 0.549033596875 0.144131490625 0.5249645640625 0.141152403125 0.5333511671875 0.15648533281250002 0.6060113031250001 0.17774007812499998 0.65981521875
5 0.1143115625 0.43328352968750006 0.328431778125 0.4295460484375 0.32834890156249996 0.4247979984375 0.30120967187500003 0.30721604999999996 0.2848598671875 0.2658284234375 0.0812204171875 0.238128203125 0.1081800046875 0.35017475937500003 0.1143115625 0.43328352968750006
5 0.3493467515625 1 0.34675870625 0.7632614 0.4246536515625 0.749399834375 0.5050603796875001 0.998425096875 0.5238645921875 0.99809686875 0.4495044078125 0.7406314593750001 0.5206049171875 0.6956337312499999 0.4039431109375 0.6372442015625001 0.25443744375 0.5773443125 0.2394341125 0.7026252375 0.3152225921875 0.747142659375 0.3199844609375 0.9304208015625001 0.32717365625 1 0.3493467515625 1
19 0.15554927031250002 0.9105010984374999 0.17324199843750002 0.8497664 0.167136021875 0.679013625 0.0640255453125 0.59121644375 0.0197731796875 0.5628177640625001 0.0009896765625 0.5610619796874999 0.0078206578125 0.9524086171875 0.017633609375 0.9522373328124999 0.1120968078125 0.92792876875 0.143414765625 0.9315494125000001 0.15554927031250002 0.9105010984374999
9 0.7579970234375 0.418792253125 0.7362344328125 0.42542307343749997 0.7725300515625 0.44562603906250003 0.8617085390625 0.451492428125 0.875549175 0.4512508390625 0.8990732749999999 0.44341721874999995 0.9414337796875 0.27390210625 0.9348575 0.2552640390625 0.9127676765625001 0.24314771406250002 0.865865821875 0.421076696875 0.7579970234375 0.418792253125
2 0.6561523015625 0.40351007031249997 0.63598833125 0.41219663593750006 0.590537296875 0.404655384375 0.5657592593749999 0.417589790625 0.5599101625 0.44061204531250003 0.6632739703125 0.453393378125 0.6945192109375 0.45284799062500003 0.6974619390625 0.44237837031250005 0.7583901578125001 0.4413148640625 0.73313945 0.4271700625 0.7313590328124999 0.4146992359375 0.7156273359374999 0.4087228828125 0.6561523015625 0.40351007031249997
3 0.20175547656249998 0.1555432453125 0.21752353281249998 0.163602615625 0.195651865625 0.1639843875 0.18965733125 0.178674578125 0.20560718437499997 0.197149028125 0.21127566875 0.253308653125 0.284956496875 0.266608103125 0.3162392796875 0.35774269062499997 0.374152053125 0.362982771875 0.37891155625 0.367066996875 0.37818555625 0.415003634375 0.41419030156250003 0.4185424703125 0.375242828125 0.425473253125 0.4138989546875 0.4343051640625 0.4240829296875 0.43412740312500003 0.4472159578125 0.430467909375 0.4407487546875 0.41807889062500003 0.425126134375 0.41835158437500003 0.4262872640625 0.3058141796875 0.5011667625 0.2982562015625 0.5074885296875 0.30231315625 0.5065455562500001 0.42734865468749994 0.5581365625 0.4285317828125 0.570343784375 0.41164949999999995 0.5700529109375 0.394985371875 0.5525759734375 0.28902424843749996 0.5805876125 0.2822843515625 0.5830564875 0.15513856406249998 0.58752511875 0.142558659375 0.6108136125 0.1338175546875 0.61019550625 0.09840628125 0.5300838328124999 0.074800828125 0.506649903125 0.07520986874999999 0.281285403125 0.14582044375 0.2344902609375 0.15080455625 0.2408483859375 0.1569445265625 0.20175547656249998 0.1555432453125