11 0.765435359375 0.44205434062500004 0.7735036625 0.45739926249999996 0.8460894968750001 0.475382509375 0.8699241843750001 0.47746777500000004 0.934659003125 0.47986369375000004 0.9980576578125 0.0420565953125 0.9046644046875001 0.0338857453125 0.7237160359375 0.1121629234375 0.6883339453125 0.42694367343749995 0.765435359375 0.44205434062500004
5 0.9565971187500001 1 0.9846703874999999 0.6791210734375001 0.984724328125 0.678472525 0.889361509375 0.854162996875 0.8202244421874999 0.8376578312499999 0.5484248640625 0.8787084796875 0.5368026859375 0.8860568359375 0.6577218765625 0.9740136749999999 0.6442425515625 1 0.9565971187500001 1
21 0.634090834375 0.0949109265625 0.4676185609375 0.187002346875 0.460666046875 0.19475924687499999 0.458954259375 0.23225272968750002 0.5697551421875 0.2565855875 0.57388008125 0.263220346875 0.5694183359375 0.29629065625 0.6079690421875 0.3038459890625 0.60522049375 0.42490042031249997 0.6095270078125 0.42945977500000004 0.731082634375 0.448067559375 0.7677654265625 0.45127688906249996 0.7680377890625001 0.4481637796875 0.765908728125 0.434776234375 0.6967716609375 0.4182710703125 0.691271740625 0.40942472499999993 0.7263946406249999 0.1155342109375 0.634090834375 0.0949109265625
3 0.46095302031249996 0.19334659062499998 0.45924123437500003 0.23084007187500002 0.5268217468749999 0.24720905625 0.5309466859375 0.25384381562499997 0.5245652375 0.2909287546875 0.6068810359375 0.30022174687500003 0.6114730828125 0.3194451203125 0.60550746875 0.42348776250000003 0.618790159375 0.43301501406250004 0.6841654359375 0.438734609375 0.7261368906250001 0.12034777031249999 0.639047471875 0.0939068109375 0.46616740625 0.18752891562500001 0.46095302031249996 0.19334659062499998
5 0.6123776015625 0.3090677984375 0.6082526625 0.30243303906249996 0.546515796875 0.2954632953125 0.525405046875 0.29361634375 0.51742779375 0.3007607671875 0.49169408125 0.41562167343749995 0.589439253125 0.42783302812499996 0.6018950296875001 0.42892276718750005 0.6123582609375 0.309327496875 0.6123776015625 0.3090677984375
5 0.558092425 0.8399504515625 0.5593121734375 0.8797917015625 0.570208053125 0.8807449671875001 0.57477375625 0.8644140828125 0.55879096875 0.67061696875 0.5600619906250001 0.6560891296875 0.59466933125 0.654934296875 0.6082112125 0.643571309375 0.59534294375 0.5755241609375 0.5965100078125001 0.5442568953125 0.41667601562499995 0.52015829375 0.41008665000000005 0.52376438125 0.3976092859375 0.6125982796875 0.40274605625 0.6255954375 0.4267430515625 0.638151359375 0.4320613953125 0.6490731109375 0.4210879 0.6669346765624999 0.376234771875 0.8031270546875 0.3753269 0.813504084375 0.382746521875 0.8183357984375 0.3811123515625 0.8370144484375001 0.3599180015625 0.899990215625 0.3554911125 0.9328021640624999 0.3613994171875 0.9333190734375 0.36899813593749997 0.9216975375 0.4528413234375 0.6446172453125001 0.49660641562499996 0.646354903125 0.5363505281250001 0.6581972281249999 0.5444465859375 0.8345740125000001 0.558092425 0.8399504515625
5 0.160772315625 0.2360967953125 0.026623120312499998 0.20972122031249998 0.0109813734375 0.352651846875 0.0621660890625 0.359221221875 0.0677436234375 0.3492527359375 0.105541690625 0.3295554328125 0.163419728125 0.3492581453125 0.1655459375 0.2532447625 0.160772315625 0.2360967953125
5 0 0.6674453312499999 0.003728921875 0.6506798828125 0.012056415625 0.6451345703125 0.012678754687499998 0.620093521875 0.09745898124999999 0.619145665625 0.10244051875 0.6697724859374999 0.097693240625 0.688178775 0.1045681390625 0.69923670625 0.11123653281250001 0.8022933906249999 0.1184745796875 0.8092005125 0.123870540625 0.80130743125 0.11912185 0.6942361171875 0.1211191703125 0.6714066562500001 0.12597040625 0.6697397921875 0.1364518640625 0.7292129593750001 0.1294217328125 0.7557846890625 0.142341275 0.76946275 0.16167001875 0.9070877328125 0.1664063453125 0.9241017328125001 0.1745685265625 0.9248158312499999 0.1789736890625 0.9065103156250001 0.1391227953125 0.626973359375 0.141587221875 0.6167325124999999 0.18140894999999999 0.6097600046875 0.1986086625 0.5924431625000001 0.164130209375 0.5204140749999999 0.1630144203125 0.4973122515625 0.00030252656250000004 0.474711640625 0 0.478739271875 0 0.6674453312499999
21 1 0.50840259375 0.76315250625 0.45021978125000006 0.521237921875 0.41859854218750003 0.32960017812500003 0.403923703125 0.28087989062499996 0.38711348125 0.11432858906250001 0.37254213125 0.011128903125 0.35096558125 0.0000528609375 0.47756532343749997 0.006097503125 0.480185453125 0.5129894546875 0.5308066265625 0.6770763296875 0.5556188234375 0.6774658203125 0.58702226875 0.6584254328125 0.7150165140625 0.662862246875 0.7718695515625 0.656429525 0.8633235796875001 0.6597939890625 0.8668855734375001 0.6655824234375001 0.8673919968750001 0.6718134921875001 0.8667607937499999 0.67949230625 0.8507022703124999 0.7065732437500001 0.577021090625 0.71305865 0.556675578125 0.9946133890625 0.5833997156249999 1 0.5218304765624999 1 0.50840259375
2 0.06351837187500001 0.36169223281249996 0.0697089875 0.3682463046875 0.2356348859375 0.3827629390625 0.22272766718749998 0.3526170359375 0.1575339640625 0.34482203437500003 0.1045071625 0.323452459375 0.0732984625 0.3395436734375 0.062869690625 0.35117902343749996 0.06351837187500001 0.36169223281249996
9 0.34564053125 0.38193072968749997 0.28667304531250004 0.3746804515625 0.28384546875 0.389072109375 0.35280096250000004 0.40765268125 0.4880396046875 0.421575821875 0.52975328125 0.24955682499999998 0.382139821875 0.21572940625 0.34564053125 0.38193072968749997
3 0.6066773546875 0.643175703125 0.5688792890625 0.66287300625 0.6462149609375001 0.7470167796875 0.6670988484375 0.7593003406250001 0.6694593156249999 0.7323200671875 0.6617541609375001 0.7128243328125 0.6817800375 0.5556382265625001 0.6077917328125 0.540799925 0.5963511296874999 0.546072875 0.5950801078125 0.5606007140625 0.6066773546875 0.643175703125
21 0.5676631859375 0.6588454390625 0.5671184625000001 0.6650716546875 0.6389542171875 0.7403690828125 0.6570395484375 0.7521463921875 0.6612876421875 0.7525180515625001 0.6630024859375 0.698555915625 0.6819389140625 0.553822246875 0.599804690625 0.54245385 0.5951613703125 0.577599565625 0.6078480625 0.6477221203125 0.5676631859375 0.6588454390625
3 0.8138194296875 0.8391887562499999 0.8893642890625 0.8541632390625 0.9745838671874999 0.7047721375 0.985478334375 0.5802478 0.7288284640625 0.5557025546875 0.71116164375 0.5604307828125 0.6894503249999999 0.790664625 0.74680310625 0.8462654531249999 0.7562847421875001 0.8470949890625 0.8138194296875 0.8391887562499999
21 0.7488422109374999 0.8480123203125001 0.761923096875 0.8491567484375 0.8247039609375 0.840271734375 0.879650465625 0.857626678125 0.8924660484375 0.8545653140624999 0.9857275890625001 0.684964878125 0.9948063125 0.581194596875 0.7196593640625 0.552939775 0.7115134453125 0.5564096828125 0.6892574015624999 0.7928697421875001 0.7488422109374999 0.8480123203125001
5 0 0.9565971187500001 0.070309371875 0.9627483921875 0.13625265 0.8928390765625001 0.15262210625 0.86708443125 0 0.8497018468749999 0 0.9565971187500001