14 0.913994971875 0.1584515984375 0.90089385625 0.1700542546875 0.8918913375 0.2105764078125 0.8959899328125 0.23949590625 0.9093502390625 0.24878348906249997 0.9009187859375001 0.2599776 0.8876873703125 0.3238739390625 0.885143915625 0.420295865625 0.9196472984374999 0.4381901234375 0.9193617656249999 0.45285414218750003 0.9008383468750001 0.49211797500000004 0.9638268140624999 0.49497236562499997 0.9744898453124999 0.43757460468750004 0.9672795515624999 0.283449865625 0.947356221875 0.2350019390625 0.9481352062499999 0.172195046875 0.9295605140625 0.157089790625 0.913994971875 0.1584515984375
19 1 0.5788428703124999 0.99870469375 0.517147146875 0.9925824359375 0.5009524437499999 0.9058825078125 0.49598995625000003 0.88105525625 0.5169836812499999 0.8418558671874999 0.5350522234375 0.6865372515625 0.5883753765625 0.6665612375000001 0.6110359640625 0.640203775 0.5966116125 0.5626615968750001 0.5887566359374999 0.5508578453124999 0.5793328734375 0.5808745515625 0.47423347656250003 0.5275109437500001 0.45589798281249994 0.51632953125 0.47151527031249996 0.49152721093749996 0.5824323406249999 0.4355952171875 0.5705954249999999 0.3743448796875 0.5696802609375 0.36996075 0.5554247828125 0.40869444218749995 0.424467253125 0.4746144421875 0.42497387499999995 0.45723315624999994 0.4055816265625 0.414402278125 0.38214205625000003 0.36908063125 0.3840158953125 0.33958371718749997 0.4054181625 0.334628521875 0.42049072499999995 0.381506721875 0.4184807046875 0.3917539203125 0.4280406484375 0.37818569687500003 0.45223191875 0.3549662734375 0.5274585515625 0.3345231515625 0.5627077546875 0.2600940828125 0.5545804140625 0.250028459375 0.5470958765625 0.28598585 0.4561157765625 0.2831582734375 0.44172411875 0.121458209375 0.4579623328125 0.1157767171875 0.46473327343750004 0.11948582187500001 0.5250562171875 0.15188792812500002 0.5368604390625 0.16446924999999998 0.6089549125 0.1719664890625 0.622938028125 0.327310034375 0.659538221875 0.3223548390625 0.6746107828125 0.295426309375 0.689514471875 0.3014182671875 0.7580028578125 0.24857304062500002 0.7814478375 0.22914174843750001 0.8103346437500001 0.23510736406250002 0.9143772875 0.2475063515625 1 0.5039028 1 0.8487366234374999 0.9698309500000001 0.982642878125 0.817607034375 0.9859639046875 0.7838558203125 1 0.7594013390625001 1 0.5788428703124999
15 0.340296990625 0.5625947265625 0.3586014078125 0.53315298125 0.392924628125 0.42349423125 0.30723653125 0.412169346875 0.2698265453125 0.4865462015625 0.2492794640625 0.53853483125 0.25055048593749996 0.55306266875 0.3325682640625 0.5632709015625 0.340296990625 0.5625947265625
15 0.41302365312499995 0.420167325 0.4045922 0.4313614390625 0.367959784375 0.5684090046875 0.49057443125000005 0.5839534609375 0.495059634375 0.58356105625 0.5312178140625 0.4265570078125 0.41302365312499995 0.420167325
15 0.661335503125 0.6050885781249999 0.675344490625 0.60386295 0.6955020796875 0.58327776875 0.7037783015625 0.5344539921875 0.7241438078125 0.4803899578125 0.7262714265625 0.45092573593749996 0.5921485750000001 0.441747053125 0.5862855062500001 0.4464425875 0.5498346656249999 0.5855655578125 0.661335503125 0.6050885781249999
15 0.642318634375 0.6924952828125 0.646158040625 0.7005245437500001 0.680220659375 0.695453159375 0.6743326609375 0.6102253484375 0.6477409375 0.6648341046875 0.642318634375 0.6924952828125
15 0.8350453734375 0.47513560625 0.8328141765625 0.449632909375 0.8215108875 0.4444232453125 0.793207378125 0.46153852031250003 0.7620762937500001 0.4642621375 0.7378201093750001 0.4559278203125 0.6854016671875 0.5872983765625001 0.6879927390625 0.5870716875 0.8250120765625001 0.538225040625 0.8350453734375 0.47513560625
15 0.8268936140625 0.525381971875 0.830351965625 0.53540515625 0.837886121875 0.534746003125 0.8886110593750001 0.513708521875 0.920884275 0.4523288234375 0.9209882328125 0.4355893984375 0.9124791640625001 0.42796867968749996 0.8567287453124999 0.4182071703125 0.8307080890625 0.4434878875 0.834158003125 0.48292059375 0.8268936140625 0.525381971875
21 0.07947765625 1 0.0781282359375 0.9845760468750001 0.114526390625 0.9165615890625001 0.10329370468750002 0.8778097875 0.17652936875 0.89022411875 0.2356784296875 0.885049246875 0.23495213124999997 0.8767476249999999 0.124722315625 0.8717524437499999 0.06788245000000001 0.8495385000000001 0.060229979687500004 0.7979257203125 0.06536675 0.7849285640625 0.0723192640625 0.7926854640625 0.07001007031249999 0.820074278125 0.087313740625 0.8206516953125 0.0918018296875 0.8181677468749999 0.0846940828125 0.7727811859375 0.284426471875 0.7072071640625001 0.287772428125 0.763379296875 0.297293328125 0.7646376171875 0.304531375 0.757730496875 0.2995512484375 0.6828797125 0.33426255 0.6672951203124999 0.31898254062500003 0.6539929078125 0.17334146875 0.6207264421875001 0.17131780624999998 0.6334512375 0.1767137671875 0.6413443171875 0.2284432046875 0.6410011609375 0.23090763124999997 0.6512420078125001 0.187764878125 0.6780207140625001 0.16148503125 0.6824111937499999 0.046403978125 0.6757491515625 0.0391922734375 0.647102015625 0.011355871875 0.651628675 0.0220687640625 0.7740776078125 0.0383606046875 0.781017421875 0.057519098437500006 1 0.07947765625 1
9 0.16964748125 0.6779066078125 0.186060796875 0.6764706281249999 0.230884934375 0.6509825828125 0.23153361718749998 0.640469375 0.1730332390625 0.6351310375 0.1528770609375 0.5302386171875 0.0160042484375 0.5254831046875 0.0141621625 0.5402833078125 0.04638128125 0.6754897265625 0.16964748125 0.6779066078125
2 0.016156803125 0.6568289953125 0.0409530984375 0.649300665625 0.027619134375 0.6044588281250001 0.0077470796875 0.610379990625 0.011843853125000001 0.6572063296875 0.016156803125 0.6568289953125
19 0.21600435468749998 0.731884240625 0.290147890625 0.7546756015625 0.285608528125 0.702790459375 0.27782575781249996 0.7034713640625 0.21545963124999998 0.7256580234375 0.21600435468749998 0.731884240625