3 0.2869406796875 0 0.2676740578125 0.080113259375 0.185557096875 0.3664891375 0.188693759375 0.3782250140625 0.2353875921875 0.40245070937499994 0.2130801 0.4632401421875 0.23781860625 0.4790029578125 0.240867228125 0.5080519125 0.269183921875 0.5226734656249999 0.5569881875 0.6073673 0.5649395687500001 0.5966435796875 0.57236006875 0.5424218203125 0.6762549578125 0.22544672187499998 0.708457328125 0.14148711249999998 0.733680721875 0.0988721234375 0.6595979203125 0.0624581890625 0.4994614609375 0 0.2869406796875 0
4 1 0.123629340625 0.9065638874999999 0.09683696562500001 0.86490685 0.1174013609375 0.821352309375 0.25228805312499997 0.9270056875 0.2924719328125 0.9403969406250001 0.29631181406249996 1 0.296067440625 1 0.123629340625
4 0.876777025 1 0.9299896625 0.81442548125 0.9302984656250001 0.7906738343749999 0.9226558890625001 0.7776459078125 0.8187544203125 0.7261797375000001 0.8261315578125 0.71745864375 0.8462314296875 0.7210549 0.8604561374999999 0.73380293125 0.9280448515625 0.7531836828125 0.9357754703125 0.7488985296874999 0.9403694265625001 0.7328775015625 0.8294876671875 0.649067696875 0.8507347140625001 0.5749704421875 0.72629185 0.5327851531250001 0.6531854 0.7480568796875 0.66524585 0.779689934375 0.6587083984375 0.8081574171874999 0.6956834390625 0.82092713125 0.7557636109375 0.91184271875 0.7945941046875 0.9294790546874999 0.7907071140624999 0.9543719640624999 0.8215573781250001 1 0.876777025 1
11 1 0.3677468625 0.9268425468749999 0.3605593484375 0.827055409375 0.64620296875 0.9385114124999999 0.7280101453125 0.9342709390625 0.7484671125 0.9250383484375 0.75232158125 0.825201271875 0.7150245984375 0.8187518609375 0.726179003125 0.92358105625 0.7800784859375 0.9293475890625 0.8109959734375 0.9915469515625001 0.594081021875 1 0.5638246734375 1 0.3677468625
9 0.09076691875000001 0.4759832484375 0.050787934374999996 0.46235216875 0.045266253125 0.47593988437499996 0.062053378125 0.502426421875 0.083067184375 0.5088584 0.17484898437500002 0.5351764078125 0.21233724375000002 0.45449342656249997 0.2381348828125 0.4098758078125 0.23384973125 0.4021451890625 0.1952399984375 0.378070284375 0.13754879375 0.4828958640625 0.09076691875000001 0.4759832484375
21 0 0.6239983828125 0.0295977234375 0.6269501 0.169634546875 0.67143959375 0.14034807656249998 0.7735736484375 0.1424608390625 0.808720665625 0.14775573749999998 0.8102389546875 0.172727846875 0.7286761375 0.1913257484375 0.7318417078125 0.1902653 0.7185338859375 0.20899460625000002 0.6588857140625 0.225162809375 0.659187290625 0.27172129218749996 0.5251619671875 0.2674361390625 0.5174313484375 0.1944137859375 0.4943252359375 0.172768578125 0.5357989625 0.132701553125 0.5394809609375 0.13097882031250002 0.545488846875 0.1448500453125 0.5538009374999999 0.127754115625 0.5510660484375001 0.1165780296875 0.5673669718750001 0.09095647343749999 0.5773584328125 0.05641113125 0.567452715625 0.0025609234375000003 0.5455095453125 0.0092310953125 0.527916571875 0.0249130953125 0.5129076984375 0.0450129671875 0.5165039546875 0.0601207234375 0.503497709375 0.0454098140625 0.47543922812500006 0.048855279687499996 0.46342345625 0.1230261234375 0.4825243140625 0.1418447859375 0.4792513171875 0.024337534375 0.44122207343750003 0 0.4497056796875 0 0.6239983828125
2 0.1382123953125 0.5372684109375 0.1447945265625 0.5369885156249999 0.14594301406250001 0.532983259375 0.14201134531249998 0.5296885796875 0.062053378125 0.502426421875 0.043367434375 0.5165739281249999 0.0298496921875 0.512697778125 0.01173799375 0.5248426546875 0.00299160625 0.544007575 0.0048470609375 0.548874196875 0.05588930156250001 0.5660839828124999 0.0935676453125 0.5768880734375 0.1179364390625 0.5682983125 0.12496009374999999 0.5551412796874999 0.1456342109375 0.55673490625 0.1464292171875 0.5482937078125001 0.134987690625 0.5428456140625 0.1382123953125 0.5372684109375
19 0 0.87515155625 0.11929263906250001 0.9093581703125 0.1337923078125 0.8587918171875 0.1472529765625 0.806166575 0.1415092171875 0.75250460625 0.11495861874999999 0.6863745031249999 0.0788666265625 0.6478505140624999 0.029522332812500003 0.62719939375 0.01406109375 0.6357696984375 0 0.65301116875 0 0.87515155625
19 0.8251232156249999 1 0.710588515625 0.8314320515625001 0.690002440625 0.812525346875 0.6614649828125 0.8043423625000001 0.5987803453125 0.8188771906250001 0.5468749484375001 0.85817581875 0.4983716546875 0.93095934375 0.47440866875000004 1 0.8251232156249999 1
19 0 0.45158095625000005 0.020579896875 0.4429891546875 0.1422395796875 0.47787450781249996 0.1585838671875 0.44354992812500005 0.1095930546875 0.42733474843749997 0.1334905609375 0.34966291875 0.131281625 0.34036035625 0.0717770140625 0.3211303921875 0.037498428125 0.406661946875 0.0072382374999999995 0.4044868484375 0 0.42972958281249996 0 0.45158095625000005
15 0.078808140625 0.2625978578125 0.04854795 0.26042275937500003 0.006879334375 0.4057384921875 0.0343090875 0.4136038484375 0.041040723437499996 0.4056458515625 0.093253609375 0.2689073203125 0.078808140625 0.2625978578125
19 0.21172887031249998 0.4624463171875 0.1941282609375 0.491940615625 0.23680302343749998 0.50417740625 0.240619809375 0.4750652421875 0.21172887031249998 0.4624463171875