9 0.3183565765625 0.7890302 0.3174207765625 0.7277568390625 0.3103617703125 0.7224374953125 0.29054800625 0.59268226875 0.065030621875 0.615961440625 0.10299777031249999 0.81929690625 0.3183565765625 0.7890302
15 0.135814390625 0.4459925765625 0.0944110828125 0.6117007984375 0.24227383125 0.5972314671875 0.2653019828125 0.44672855 0.1855201640625 0.45162973125 0.135814390625 0.4459925765625
19 1 0.5084250734375 0.99475908125 0.5063347015625 0.977354109375 0.483535121875 0.9645882406249999 0.4937444765625 0.944562659375 0.5870226093750001 0.9275396484374999 0.62307595625 0.8824702015625 0.6841090484375 0.8656423375 0.69909689375 0.8458174625 0.70398690625 0.8369212171875 0.6968219625 0.8178741546875001 0.6511112812500001 0.8188443390625 0.6131063953125 0.74612430625 0.5896656109375 0.749801559375 0.559695503125 0.78046305 0.48596066562500007 0.7759187421875 0.47608028906250005 0.6961369234375 0.48098147031250005 0.69062243125 0.509105978125 0.7036699093750001 0.6019436109375 0.684714865625 0.6130227968749999 0.6285299734375001 0.6061924171874999 0.532985271875 0.6112051187499999 0.5287309078125 0.6033878015624999 0.5381178015625 0.524227684375 0.5331887546875 0.489155690625 0.452924621875 0.47939800468750005 0.447987240625 0.5453099375 0.457265446875 0.611327809375 0.4423723953125 0.61762850625 0.387734796875 0.6105806671875 0.300796396875 0.62069525625 0.2977966046875 0.6442587296875 0.3094919375 0.7162483187500001 0.31684088906249996 0.7236307203125001 0.45184019375 0.7299034953125 0.44951786406250005 0.7470603375 0.419826559375 0.782790290625 0.434711275 0.8774735234375 0.5625539984375 0.8889597031250001 0.56738825 0.9009031375 0.554909546875 0.9468368609375 0.5616326234375 0.9946740296875 1 0.9330655140624999 1 0.5084250734375
15 0.45947208125000005 0.604574778125 0.4493240421875 0.53236773125 0.45358674062500004 0.43920111874999995 0.4449804390625 0.434099234375 0.39730427343749997 0.442903490625 0.2992535796875 0.4445867234375 0.29478669375 0.445214503125 0.2892836484375 0.46018860625 0.28414833906250003 0.5808273515625 0.2940092125 0.6173100296875 0.45222315625 0.6155866328124999 0.45643952812500005 0.6149940609375 0.45947208125000005 0.604574778125
15 0.5382028109375 0.4462433734375 0.5319160609375 0.45764595625000004 0.537132275 0.5284423171875 0.5262956609375 0.59728714375 0.52890515625 0.6158546687500001 0.635570859375 0.6113828203125 0.674445575 0.6185421796874999 0.7042316765625001 0.6059407859375 0.69447115625 0.5252640468750001 0.6970889859375 0.4428476453125 0.5382028109375 0.4462433734375
15 0.9473449515624999 0.41596020625 0.93603158125 0.40282354375 0.826658809375 0.3992606171875 0.8003520343750001 0.43661871249999995 0.7716253578125001 0.5016663984374999 0.7447359171875 0.5685596859375 0.74086629375 0.5859339875 0.7451206578125 0.5937513046875 0.8210747578125 0.6110835875 0.8258085109375 0.610418303125 0.8721966796875 0.5211929421875 0.9036332046875 0.43051872031249994 0.91668901875 0.42237242343750003 0.9236504515625 0.4382245171875 0.9375760968750001 0.43626739531250003 0.9473449515624999 0.41596020625
15 0.9611298125 0.43545540625 0.9537808609375 0.4280730046875 0.917225696875 0.43741811249999996 0.9139387390625 0.42525721875 0.9077495640625 0.4261270515625 0.8933388265625 0.44708661406249994 0.888114278125 0.47727418125 0.8637395390625 0.5396064359375 0.8134455421875 0.6308270953124999 0.8166349265624999 0.6535207375 0.8404482828125 0.7046100078124999 0.8568238031250001 0.702308578125 0.868755046875 0.69879091875 0.9015409406250001 0.66262605 0.9401312687500001 0.6003997328125 0.954157265625 0.5542485515625 0.9661536546875 0.493655959375 0.9611298125 0.43545540625
14 0.7551291531250001 0.15974929375 0.7347243890625 0.160513190625 0.7228283531249999 0.17691172187499998 0.7181836921875 0.211225403125 0.7232103140625 0.235764646875 0.7382957343750001 0.2420597625 0.7397454546875 0.2523750515625 0.7277490656250001 0.3129676453125 0.7297703375 0.42839298125 0.7312200578125 0.4387082734375 0.742631003125 0.4413121875 0.74927981875 0.47758885156249997 0.7852628421875 0.47253176718749995 0.803652925 0.42642469375000003 0.7852916609375 0.27332345 0.766342171875 0.21708001562499998 0.7724365515625 0.1930816265625 0.7695371125 0.17245103906249998 0.7551291531250001 0.15974929375
21 0.44438248125 1 0.41979031562499997 0.7825324078125 0.456058315625 0.7374629328125 0.4499667140625 0.7278000140625001 0.31342011406250003 0.721744696875 0.3137045015625 0.791130375 0.10298259375 0.8186416015625 0.0890625046875 0.7532761031249999 0.0807461484375 0.750237275 0.0855804 0.7621807109375001 0.08026105624999999 0.7692397171875001 0.035291959375 0.7860787499999999 0.058197532812499994 0.94906036875 0.24067785625 0.9675943890625 0.244505471875 1 0.271226525 1 0.2664019640625 0.9597714859375 0.2701740125 0.9529299359375001 0.40257493593750004 0.805989946875 0.4246078984375 0.9964437 0.418073259375 1 0.44438248125 1
2 0.0641747640625 0.7333689875 0.0274272296875 0.7301182875000001 0.0355275390625 0.787754984375 0.041281540625 0.7869463125 0.07684028125 0.76735369375 0.07365089687500001 0.74466005 0.0641747640625 0.7333689875
21 0.043498178124999995 0.73219876875 0.0623556484375 0.7316523296875 0.0679903796875 0.7405905296874999 0.0718199375 0.7400523203125 0.0864348875 0.7345796359375 0.08440528124999999 0.720138228125 0.0773462734375 0.714818884375 0.025415743750000004 0.715805821875 0.029185015624999998 0.74262558125 0.033247009375 0.737847090625 0.03429805625 0.7453256765625 0.0349749984375 0.7452305375 0.043498178124999995 0.73219876875
19 0 0.5349634015625 0.025687565625 0.7177399375 0.05134467499999999 0.7161063859375 0.080078140625 0.712068159375 0.0658279671875 0.621634853125 0.09561406875 0.6090334578125 0.109350121875 0.5608192187500001 0.124828615625 0.49132201875000003 0.12125171562499999 0.47709806875 0.10268418906250001 0.4797075640625 0 0.5042467859374999 0 0.5349634015625
19 0.1873211578125 0.4532174515625 0.2640083890625 0.4487511859375 0.24165770000000003 0.5928474687499999 0.2760726046875 0.5914294546875001 0.28405524843749996 0.5903075671875 0.2911822171875 0.45124357656249997 0.363615084375 0.4389599921875 0.2792917359375 0.4003194875 0.2183673875 0.40467423125 0.16420932500000002 0.44594657031249996 0.1873211578125 0.4532174515625
21 1 0.47529404687500004 0.98790355625 0.378965928125 0.89729068125 0.385389315625 0.8980629390624999 0.40211124062500003 0.904832003125 0.4053675265625 0.9861611140625 0.4002488875 0.9935510984375 0.48586086249999993 0.9997471812500001 0.484990059375 1 0.4848831015625 1 0.47529404687500004