14 0.473042821875 0.89515265 0.4561776734375 0.92250560625 0.458352253125 0.9379785453125 0.47860173437500003 0.9384954703125 0.4930880828125 0.936459546875 0.5452690375 0.8968358343749999 0.539475921875 0.8370209046875001 0.532215090625 0.7853574046875 0.49819329218749997 0.8074656843750001 0.487916340625 0.8325778500000001 0.48066426875 0.823078025 0.44137555624999997 0.8522675265625 0.41314616875 0.896996178125 0.41447392031249997 0.920477409375 0.42214940624999997 0.9259730875000001 0.473042821875 0.89515265
14 0.5029301937499999 0.2212281640625 0.48969281875000004 0.23229271406250002 0.4835245640625 0.2726059953125 0.49343214062499996 0.3290682796875 0.5056397375 0.3457609296875 0.46471835468749995 0.3843840453125 0.45909548125 0.40752724375 0.4751643671875 0.507829521875 0.47237994843750003 0.5581862734375 0.417194884375 0.5935545015625 0.40685695 0.625249634375 0.4115685390625 0.658774334375 0.41996888437499996 0.6694276609375 0.51220015 0.6801332343750001 0.5218707375 0.678774121875 0.5258609390625 0.665064540625 0.5708300359375 0.6482255078125 0.5889619515625 0.6509367515625 0.5844263671875 0.68181641875 0.5960920546875 0.6736025140625 0.6021348703125 0.6885318078125 0.6185524 0.690037628125 0.6191390734375 0.6899551765624999 0.642506478125 0.5372350265625 0.634729334375 0.4818977828125 0.6220422609375 0.416183678125 0.610803459375 0.3783168 0.5708543453125 0.35368905 0.54637816875 0.3268867203125 0.5498874453125 0.2816876140625 0.539495471875 0.23581244375 0.5249303453125 0.2233957640625 0.5029301937499999 0.2212281640625
15 0.42121070468750005 0.58681018125 0.4262529984375 0.58011883125 0.45566722187500003 0.43155045937500003 0.4552608546875 0.4286590125 0.3785778328125 0.4303484609375 0.3500504703125 0.42383868125 0.33826281406250003 0.4452185234375 0.3074284859375 0.56263165625 0.390896978125 0.5601050812499999 0.39566955 0.5870468125 0.41092764375 0.588255371875 0.42121070468750005 0.58681018125
19 1 0.7092135328125 0.9975859140625 0.710992896875 0.9604752546875 0.7135787015624999 0.9547338875 0.7078112 0.9528032421875 0.6660063843749999 0.9687640515625 0.611168053125 0.9202926234375 0.5890529171875001 0.9259764796875001 0.55932675 0.96853400625 0.46919338125000004 0.9059783765624999 0.46615108593750004 0.8734608125 0.473350890625 0.8654194234375 0.507353025 0.8723021203125001 0.5984273 0.8668012140625001 0.6084045609375 0.8493941578124999 0.6108509625 0.7884711984375 0.5983750515625 0.6915248703125 0.5962214125 0.706703309375 0.5007317687499999 0.7042882671874999 0.46951406875 0.63484299375 0.45955077031249997 0.64456761875 0.5357619625 0.622553578125 0.7019009125 0.5862862734375 0.7385550609375 0.59812449375 0.8368221609375001 0.6177061296875 0.8498486968750001 0.600901965625 0.8706186828125 0.5944932484375001 0.895187203125 0.60488175 0.9831390125 1 0.9298737656249999 1 0.7092135328125
15 0.8718161484375001 0.5914609921875 0.864086625 0.5083950078125 0.8795651203125001 0.4388978109375 0.879391784375 0.437664459375 0.8559336875 0.4293331703125 0.71099685625 0.4365539171875 0.70379535 0.5467010343750001 0.693153884375 0.5944803578125 0.693310521875 0.595594884375 0.8656351890625 0.6079767390625 0.8663006078125 0.6078832203125 0.8718161484375001 0.5914609921875
15 1 0.4710567765625 0.9949462 0.436093828125 0.955715 0.5007769984375 0.9217407703125 0.5818147859375 0.9328000921875 0.597353934375 0.9767394093749999 0.6082721015625 0.9554606453125001 0.6533387859374999 0.957631753125 0.7108883609375 0.998399146875 0.70765715 1 0.707432165625 1 0.4710567765625
16 0.32403524687499996 0.29732179687500004 0.3152114875 0.29067261875 0.3079628890625 0.23909615468749998 0.3134028109375 0.235701865625 0.3059712609375 0.203874309375 0.3358838859375 0.26935898593749996 0.3403550140625 0.2871389265625 0.3259693640625 0.297049975 0.34252959375 0.3026118640625 0.35134640625 0.39341431718750003 0.35726725312499996 0.42150955 0.35896256718749997 0.421994471875 0.36324118437499997 0.4213931515625 0.35316550156250004 0.322155159375 0.3668228171875 0.3491631 0.36210775625 0.3577150375 0.37056908437499997 0.36178539375 0.36585055 0.41241396718749995 0.37358701875 0.4113266765625 0.38041915 0.3827540109375 0.39601058437500003 0.40949013125 0.3821737890625 0.360154459375 0.39432734687500004 0.2992768046875 0.41747577031249994 0.302597903125 0.4213405328125 0.3441308953125 0.406954884375 0.35404194375000003 0.4238775421875 0.3621826578125 0.4271394125 0.385392065625 0.43330419375 0.3871554203125 0.43125158125 0.35851654375 0.4355432296875 0.353968753125 0.45137859843749994 0.354372996875 0.45808528906249996 0.38104290625 0.463887640625 0.3802274375 0.4470448375 0.246701728125 0.4369145578125 0.17462104218750002 0.3369206109375 0.1574485125 0.293946615625 0.167432753125 0.3200381 0.395184653125 0.32384535 0.401223978125 0.3281369984375 0.3966761875 0.32886533125 0.359757196875 0.3170236375 0.3035667328125 0.32403524687499996 0.29732179687500004
19 0.453068346875 0.3856926296875 0.4151108609375 0.39628672656249997 0.3862785796875 0.42269179218749997 0.4515814359375 0.4231784390625 0.4574482625 0.4223539109375 0.45883847031249997 0.409206965625 0.45648267656249997 0.392444615625 0.453068346875 0.3856926296875
19 0.4728294 0.5087575984375 0.46768364843750004 0.4721436703125 0.461670578125 0.44010307343750005 0.44661758125000006 0.48035014531250003 0.43162209531249995 0.556090884375 0.43245770156249996 0.5741845296875 0.449227709375 0.571827659375 0.463594278125 0.5660611624999999 0.4692171515625 0.5429179656249999 0.4728294 0.5087575984375
19 0.2050480953125 0.5737376421875 0.3040505078125 0.5624535203125001 0.33087113281249997 0.4641962640625 0.3303078578125 0.4601883578125 0.1652854046875 0.4872843484375 0.16268393750000001 0.5178921921875 0.1808054359375 0.646833346875 0.18388666874999998 0.6517210109375 0.19642667187500001 0.649958628125 0.197003234375 0.6498164140625 0.2159819765625 0.644519365625 0.2050480953125 0.5737376421875
21 0.1083050734375 0.8102015296875 0.13151448125 0.806939659375 0.138766553125 0.8164394843749999 0.1561736078125 0.8139930812499999 0.1634256796875 0.8234929078125001 0.1808327359375 0.8210465046875 0.1765410875 0.8255942953125001 0.1919530421875 0.8300026859375 0.21516245 0.8267408156249999 0.21739801406249998 0.835630784375 0.23583137656250003 0.8475038203124999 0.2702830578125 0.8400321937499999 0.2775961140625 0.84294905 0.2736668953125 0.8500756624999999 0.29457975625 0.8445067937499999 0.3137989609375 0.85495450625 0.3946926234375 0.86666178125 0.40443447343749994 0.8652926531249999 0.44145070468750003 0.8370142234375001 0.4569236421875 0.83483964375 0.45777047031249996 0.8268313515625 0.491619259375 0.8010361406250001 0.5070921984375001 0.7988615609374999 0.5075765953125 0.788274446875 0.52848945625 0.7827055765625001 0.529336284375 0.7746972859375 0.5631850734375 0.7489020734375 0.570074715625 0.755823075 0.579142409375 0.7361403796875 0.6149253171875 0.71007334375 0.6178733265624999 0.698771825 0.6177171312499999 0.697660434375 0.5861574921875 0.6878188062499999 0.4240575390625 0.6711540796875 0.4124528359375 0.6727850140625 0.4123918515625 0.67936798125 0.43747439374999997 0.682417259375 0.4420065046875 0.6936142296875001 0.41800777968749997 0.740378059375 0.251433228125 0.7480100296875001 0.23988950781249999 0.7430579953125 0.2214021078125 0.6536146546875 0.2156607390625 0.6478471531250001 0.175044275 0.6535554234375 0.13116246874999998 0.6781309249999999 0.0253414140625 0.7152769328125 0.0355051890625 0.78759595625 0.049800628125 0.78686668125 0.053184465624999996 0.79691015 0.08255865625 0.7954116375 0.0855800625 0.802876284375 0.11646495625 0.80511009375 0.1083050734375 0.8102015296875
9 0.2108372421875 0.5737741421875 0.20683719374999998 0.5743363125000001 0.24381810937499998 0.7463847609375 0.4165780265625 0.738935396875 0.41941181875 0.738537134375 0.4405209890625 0.6942712625 0.43996028750000005 0.6902816671875 0.41130394687500005 0.6820848921875 0.3892532296875 0.5602703515624999 0.2108372421875 0.5737741421875
2 0.179182384375 0.72338565625 0.230801334375 0.7064598515625 0.2269997875 0.6794104359375 0.221474853125 0.6509746703125 0.1793476859375 0.65295061875 0.11612470781249999 0.6802443453125 0.10518387968750001 0.6936158953125 0.1120125375 0.7071198671875 0.1463422515625 0.7128141765625 0.166478365625 0.7251710890624999 0.179182384375 0.72338565625
21 0.240884840625 0.9056344671875 0.244854134375 0.8962669265625 0.24013019062500002 0.8626543109375 0.22897693593750001 0.8534636921875001 0.2296365328125 0.9072153140625 0.240884840625 0.9056344671875
4 0.8234302765624999 0.345672803125 0.859707665625 0.3405743484375 0.8459939406249999 0.3414168140625 0.8337253609375 0.331307134375 0.8384404234374999 0.322755196875 0.830825921875 0.31067655 0.831191825 0.2711787359375 0.8250270421874999 0.26941537968749996 0.817172078125 0.24159197031250002 0.81052984375 0.16626245625 0.9521438218749999 0.1424152703125 0.9473814390624999 0.1018631015625 0.9411128796874999 0.0572599875 0.6138597156250001 0.1281586578125 0.6249155656250001 0.18577444375000002 0.6938189296874999 0.1708311890625 0.7034285312499999 0.1760550453125 0.7146028765625 0.26258153125 0.7958358046875 0.2511649875 0.8080974390625 0.345427940625 0.8234302765624999 0.345672803125
7 0.7005098375000001 0.17528559999999999 0.6237416046875001 0.1847890109375 0.6411922796875 0.3861428234375 0.6857379625 0.3733079390625 0.6958762921874999 0.4062014484375 0.718780175 0.4029825171875 0.721700346875 0.369568634375 0.7066298703125 0.21883189218750002 0.7005098375000001 0.17528559999999999
6 0.8843015921875 0.35401410312500003 0.8957843296875 0.3655491046875 0.9616557468750001 0.360959303125 0.981818921875 0.3581255546875 0.9798744859375 0.34429016875 0.8797084984374999 0.3494001 0.8251298 0.361015275 0.8381232390625 0.376282603125 0.864476021875 0.367319440625 0.8769828546875 0.372859303125 0.8806420203125 0.372345040625 0.8843015921875 0.35401410312500003
18 0.9613284234374999 0.335825359375 0.9608300812499999 0.33227947812499997 0.9550129171874999 0.3294811078125 0.9510261890624999 0.3011140546875 0.9437131328125 0.2981971984375 0.9496949625 0.3197094609375 0.9425613859374999 0.339120334375 0.95196268125 0.341809453125 0.9562499703125 0.3412069140625 0.9613284234374999 0.335825359375
10 0.8002686578124999 0.3013011375 0.7942863703125 0.258734953125 0.7146673625 0.26865388281249997 0.7273489375 0.400989328125 0.7389536421875 0.39935839375 0.7394990234375001 0.3821883109375 0.775884821875 0.374444859375 0.7856773765625 0.359919809375 0.8049575656249999 0.363784553125 0.8002686578124999 0.3013011375