11 0.1169212484375 0 0.0588761296875 0.21444504375 0.039683753125 0.2860719671875 0.10995434374999999 0.304900915625 0.10759808125 0.2922048140625 0.072901259375 0.2519034640625 0.181042253125 0.28222777187500003 0.19121685625 0.27821396875 0.2272085546875 0.14766426562499999 0.26236779375 0.0164481984375 0.24181976875000002 0 0.1169212484375 0
4 0 0.55690445 0.025448793749999997 0.5637234328125 0.03252271875 0.544657240625 0.19012422499999998 0.526225721875 0.22460246874999998 0.404908803125 0.24219283749999998 0.33926065625 0.11690267812499999 0.29766360937499997 0.1116460640625 0.3097352625 0.038675965624999996 0.291531 0 0.43587166718750003 0 0.55690445
5 0.4210922015625 0.4611303109375 0.44123823125 0.46518040625 0.44642711874999996 0.4571346546875 0.4252039734375 0.44201181875 0.420421434375 0.42590216718749996 0.43161839375 0.286012703125 0.35123745 0.2577346140625 0.33619961875 0.4006389671875 0.3378152921875 0.417248075 0.351962975 0.4399111578125 0.3326908875 0.459011503125 0.27284935625 0.5616024093750001 0.3127415484375 0.51837085625 0.31543758125 0.508309128125 0.3491959765625 0.4917423625 0.3577516640625 0.5088630265625 0.3474383703125 0.55867220625 0.3593673375 0.5254721359375 0.3655656171875 0.532525021875 0.35416886718749996 0.5968046640625 0.35439199062500004 0.59686445 0.3698773234375 0.539072403125 0.38483770625 0.5134246765625 0.3982468984375 0.5048855171875 0.4150228875 0.521512771875 0.4208115765625 0.590464640625 0.42634233125 0.5245458078125 0.44062870624999995 0.5014135125 0.462932209375 0.48986551250000004 0.4749256609375 0.4903831171875 0.492104759375 0.52059854375 0.486980353125 0.5623619703125 0.491256128125 0.568854790625 0.49134118125 0.56853736875 0.505046359375 0.46475353750000004 0.5205558156250001 0.45950687187500006 0.53441683125 0.4077768578125 0.464086775 0.383681625 0.4473720265625 0.43851561875 0.4579497375 0.44808998750000006 0.456533996875 0.45714675156249995 0.4246589328125 0.5119626 0.4210922015625 0.4611303109375
5 0.4960316546875 0.33973600937500004 0.5003422421875 0.3236486796875 0.49157306093750003 0.3175122859375 0.4858456140625 0.32002166875000004 0.47250090624999996 0.3622785046875 0.486198571875 0.3685100140625 0.48695842968749997 0.36871361875 0.4960316546875 0.33973600937500004
5 0.5494283171875 0.5123006671875 0.5285373124999999 0.552535478125 0.5292851703125 0.5531402703125 0.5367685796874999 0.5551454437500001 0.550705365625 0.5490392796875 0.563237375 0.5550932515625 0.562227984375 0.5399946124999999 0.5685617140625 0.5389956984375 0.5757726265625001 0.5234036515625 0.585811778125 0.5274416484375 0.5726702453125 0.55762078125 0.6072348578125 0.568230359375 0.6159969609375 0.53552974375 0.6202409421875 0.5461030265625 0.6310218265625 0.5435996921874999 0.6355367078125 0.538069371875 0.6267778453124999 0.5330264109375 0.6630290984375 0.5184756187499999 0.674351784375 0.48376507812499997 0.6734101171875 0.46464053906249997 0.6848650109375 0.4596217734375 0.6698401453125 0.451551825 0.673277909375 0.4349487640625 0.7104031046875 0.4435484140625 0.721636509375 0.4153967625 0.726693934375 0.396522196875 0.69369808125 0.3851516828125 0.6958555546875 0.3695535859375 0.5928357234375 0.33520942656249997 0.54929935 0.4448653171875 0.5358191921875 0.495173953125 0.5494283171875 0.5123006671875
9 0.5466361625 0.38632183750000004 0.546905765625 0.38531566562499997 0.5443187421875 0.3813872375 0.5565186093750001 0.3320835625 0.50497483125 0.3169244328125 0.49142694843749996 0.3712589703125 0.5028676078125 0.3745940890625 0.5466361625 0.38632183750000004
21 0.33799748281249997 0.45335631875000004 0.33894754374999997 0.45320648124999996 0.340295559375 0.44817561875 0.3470811015625 0.4428493140625 0.3482269140625 0.43857308125000005 0.3468324640625 0.43509900156250003 0.341779025 0.43509295156250005 0.3377349765625 0.45018554375 0.33517439531250004 0.4521954703125 0.3353562796875 0.4526486109375 0.33799748281249997 0.45335631875000004
21 0.310863675 0.5342460734375 0.3142337140625 0.5216689156250001 0.316794296875 0.5196589890625 0.316862021875 0.5156330875 0.3130888734375 0.5146220765625 0.30857399218750003 0.520152396875 0.30250792187500003 0.542791284375 0.3031142046875 0.5443017515624999 0.30628106875 0.5438022953125 0.30830309375 0.5362560000000001 0.310863675 0.5342460734375
21 0.391992025 0.48993157343749993 0.393272315625 0.488926609375 0.39394632343749997 0.486411178125 0.3956107015625 0.48510472499999996 0.40349659375 0.455674171875 0.403314709375 0.45522103124999996 0.39502668124999996 0.45974034062499997 0.39030862499999996 0.4773483640625 0.39152119218750003 0.4803693015625 0.3913857421875 0.488421103125 0.391992025 0.48993157343749993
21 0.42202660312500007 0.407931853125 0.42583959687500006 0.4089535421875 0.4402791828125 0.3738649578125 0.5608844609375 0.414269140625 0.5640851875 0.4117567328125 0.56779223125 0.39792185625 0.5662765249999999 0.394145684375 0.5021330125000001 0.3769584828125 0.48272871562499997 0.366367053125 0.4305786546875 0.3496974546875 0.425254315625 0.365795009375 0.42202660312500007 0.407931853125
19 0.72976751875 1 0.86153618125 0.5996173406249999 0.8642565828125001 0.5894646671875 0.7195363453125 0.5377955390625 0.7129130265625 0.5360208265625 0.694952834375 0.5481934078124999 0.6800569359375 0.6075588093750001 0.6438089234375 0.5843660234375 0.5508282453125 0.5540598625 0.43446046562499996 0.5997161140625 0.40332389218750003 0.6857342046875 0.38364221249999997 0.7667335296875 0.356688378125 0.791863653125 0.3362004828125 0.845686634375 0.304054684375 0.9618994624999999 0.44624782500000004 1 0.72976751875 1
21 0.6811826437499999 0.460724509375 0.6538159765625 0.5854971875 0.6651354203125 0.5885302234374999 0.6752455390625001 0.5507987453125 0.6797604203125001 0.545268425 0.6795572453125 0.5573461265625 0.6718956421875 0.59297025 0.6795329375 0.5950166578125 0.7113678265625001 0.4688126046875 0.7152086984375 0.46579771562500005 0.728414715625 0.4693362578125 0.7410821750000001 0.46733842968749995 0.7459472796875 0.4635195703125 0.74775245 0.45678258749999995 0.7281470578125 0.4476962859375 0.6772095625000001 0.434047625 0.673368690625 0.4370625140625 0.6699986499999999 0.449639671875 0.6781512281250001 0.453172165625 0.6811826437499999 0.460724509375
19 0.88366349375 1 0.9973717046875 0.5756351796875 0.9570617328125 0.558168965625 0.886781184375 0.6053901265625 0.8495785390625 0.7140471046875 0.851868221875 0.72814078125 0.8416258937500001 0.7361804843749999 0.7533681734375001 1 0.88366349375 1