19 0.179002903125 0.72584088125 0.18297524375000002 0.69943801875 0.175815946875 0.6732713828125 0.14445653281249998 0.6309498796875 0.2023298046875 0.6101290296874999 0.19718134375000002 0.5558465874999999 0.144171378125 0.5394258125 0.012757459374999999 0.55244956875 0.0009637640625000001 0.557086271875 0.0265195765625 0.677316915625 0.12499639375 0.65212526875 0.1437451453125 0.665179109375 0.160940875 0.6934721875000001 0.1530455234375 0.7164491578125001 0.0408135046875 0.7445645625 0.052508537499999994 0.799585365625 0.1536089171875 0.7717061875 0.1821405265625 0.8082391328125 0.1978572328125 0.8070283187499999 0.179002903125 0.72584088125
15 0.11997817656250001 0.6510620484375 0.026086426562499997 0.6752791078125 0.0408135046875 0.7445645625 0.1633108625 0.7121373171875 0.1559473234375 0.6774945890625 0.1260916 0.6497626000000001 0.11997817656250001 0.6510620484375
21 0.3555783609375 0.707344378125 0.3614628765625 0.712483215625 0.36230450937500003 0.73147320625 0.3321458796875 0.7549226296875 0.3270783328125 0.7836881625000001 0.295873828125 0.779671503125 0.329244078125 0.7938771984375 0.34929227812499997 0.8130444625000001 0.3529617140625 0.8378230140625 0.32058800781249996 0.8809121531249999 0.32079225 0.8893882453125 0.3588462296875 0.84296185 0.35627200000000003 0.8158206296875001 0.39555143125000003 0.8202507859375 0.3922904765625 0.8124244171875 0.3495458515625 0.7916918015625 0.33670628125 0.768862421875 0.36360395625 0.7375866296875 0.3681396921875 0.7664407953125 0.38385639843749997 0.7652299828125 0.3734854796875 0.7014082265625 0.47677627031250003 0.6688037109375 0.48179448750000003 0.66986693125 0.48676337187499996 0.70075890625 0.500951721875 0.6998729546875 0.4947080546875 0.64795318125 0.5220142140624999 0.6336295734374999 0.49628574218750005 0.617799565625 0.365174728125 0.579641909375 0.36515006250000004 0.5945562859375 0.37539073749999996 0.6051588203125 0.4292916671875 0.610740834375 0.43823289374999996 0.615229946875 0.438870284375 0.6257438468750001 0.373788384375 0.6502268124999999 0.293039109375 0.6460918375 0.286084053125 0.6284012953125 0.27408611562499996 0.6245619062500001 0.27411078125 0.6096475296875 0.26692681875 0.5983952718750001 0.2343982015625 0.603179565625 0.14290110625000002 0.6311473796875 0.16817176250000002 0.6598539546875 0.199767 0.8235282796875 0.21767411874999998 0.8175921265625 0.18669160625 0.6793460796875 0.25929195625 0.7278106859375 0.298046490625 0.91765164375 0.2988634578125 0.9515560125 0.305224259375 0.96151895 0.31065310625000003 0.9603650125 0.3261449515625 0.95214678125 0.31766154062499996 0.9347811 0.312717321875 0.888974746875 0.296437221875 0.8349285328124999 0.278931671875 0.7300257640625001 0.3555783609375 0.707344378125
19 0.208884128125 0.7835188343749999 0.2114595109375 0.8025396578124999 0.2187860625 0.8009823515625 0.2291157296875 0.7962685765625 0.226080196875 0.781987521875 0.208884128125 0.7835188343749999
19 0.1839918140625 0.6741958953125 0.20488628593749997 0.7799757328125 0.2201126171875 0.7783366828125 0.22511999062500002 0.7772723328125 0.21484180468749997 0.6990542015625001 0.184406721875 0.674107703125 0.1839918140625 0.6741958953125
19 1 0.48170259687500006 0.784967784375 0.548051915625 0.7782169703124999 0.5388374640625 0.8082946874999999 0.43234006562499994 0.806128940625 0.42215102812499994 0.7620602 0.410219365625 0.7332572671875 0.5377445640625 0.7162164468750001 0.5477563296875 0.6837124953125 0.5376262484375001 0.619979375 0.538393884375 0.529422575 0.5256941828125 0.524633265625 0.5181926765625 0.5570809703124999 0.43036040625 0.5560104296875 0.4178087 0.44749718125 0.44087390312499997 0.40819308281250005 0.45135812187499996 0.4049074640625 0.45844613125 0.42934340468750004 0.5959538203125 0.44111243437500003 0.60623149375 0.50917705 0.6258419328125 0.5159278625 0.635056384375 0.49167841562500003 0.64873026875 0.49901728749999996 0.698287371875 0.3950644390625 0.735292365625 0.383679228125 0.756881253125 0.414179259375 0.922918246875 0.4318081375 0.9532491328124999 0.44243262968749997 0.9957182296875 0.445954690625 1 0.552552115625 1 1 0.9048920171875 1 0.48170259687500006
15 0.7293036484375001 0.5455070281250001 0.7638692015624999 0.388669203125 0.65189075625 0.3954319484375 0.6264227734375 0.486040384375 0.619573296875 0.5364834390625 0.723351590625 0.5467721765625 0.7293036484375001 0.5455070281250001
19 0.674859446875 0.3973387828125 0.699695215625 0.39205977812500004 0.7245897703125 0.384239046875 0.68665911875 0.3560935609375 0.624454353125 0.356536334375 0.5995428484375 0.3746106953125 0.5962325625 0.39661308125 0.674859446875 0.3973387828125
15 0.5970535171875 0.5336824828125 0.6002418421875 0.5330047828125 0.6278945796875 0.470419059375 0.6406779031250001 0.3952860859375 0.5684367046875 0.39360241875 0.5368799656250001 0.47059592656250004 0.5252165140625 0.52845185 0.5970535171875 0.5336824828125
15 1 0.44744788281250003 0.98688098125 0.3857277546875 0.9591416734375 0.3980135546875 0.9397308656250001 0.3893601921875 0.825790915625 0.3944099890625 0.8054398125000001 0.4264241421875 0.7922726703125 0.46969055312499997 0.77885195625 0.534309625 0.7840744140625 0.5438489375 0.818744353125 0.5392750765625001 0.8539443046875 0.531793096875 0.9856131156249999 0.492491059375 1 0.47865070468750004 1 0.44744788281250003
9 0.2900636125 0.6471236499999999 0.35765935312499997 0.651658384375 0.3797822859375 0.646956009375 0.43851835 0.624088125 0.43242959374999995 0.610473196875 0.371753184375 0.6105911093749999 0.33960146875 0.5194508609375 0.24792479687500002 0.5240282046875 0.2900636125 0.6471236499999999
2 0.2715515125 0.6236363625 0.2783733921875 0.6221863265625001 0.27350046093749997 0.5992609843750001 0.27346543125 0.599135321875 0.26495735468750004 0.5966840171875 0.2597102296875 0.6020590796875 0.26383748281249997 0.6139610625 0.2715515125 0.6236363625