7 0.24754920781249998 0.5495765453125 0.21851618125 0.19860533281249998 0.2052135859375 0.19162425624999999 0.0982390296875 0.19029888125 0.06246883125 0.2087221421875 0.10635839375 0.56651110625 0.24754920781249998 0.5495765453125
21 0 0.5262038859375 0.00448119375 0.568839596875 0.0524355796875 0.561704578125 0.0573625984375 0.5795163062500001 0.07455566875 0.5777092421875001 0.06983539375 0.5179796062500001 0.083603090625 0.514437753125 0.08186095 0.4978623890625 0 0.4826839140625 0 0.5262038859375
5 0.082092328125 0.5000638046875 0.0833989328125 0.512495328125 0.07273911718750001 0.515710528125 0.0757287296875 0.5740509578124999 0.0783918359375 0.57416383125 0.0899197109375 0.5729522015625 0.08889145937500001 0.4302204921875 0.0629100078125 0.43714087187499995 0.05072581875 0.425852628125 0.0367403546875 0.427322559375 0.0386115609375 0.4899701546875 0.082092328125 0.5000638046875
4 0.51125580625 1 0.7340118546875 0.9765873953125 0.7209125203125 0.688487784375 0.3970799671875 0.8063163140625 0.009721226562500001 0.6186951859375001 0.0231824546875 0.6570817234375 0.057837075 0.97185033125 0.07732284687499999 1 0.51125580625 1
6 0.7280289203125 0.6814553937500001 0.7249801734375 0.6524485046875 0.7150032265624999 0.6472126968749999 0.28218504375000003 0.5502567140625 0.20716036718750003 0.553952509375 0.012670475 0.586963075 0.006672479687500001 0.589688296875 0.0099389953125 0.62076710625 0.38645619999999997 0.8057308843750001 0.40133823125 0.8041667203125 0.433721234375 0.796180734375 0.7280289203125 0.6814553937500001
5 0.054234509374999997 0.5638721624999999 0.0431391578125 0.5629435218750001 0.03735893125 0.5677406656249999 0.0386383171875 0.5799132 0.054396243749999997 0.5782569750000001 0.054234509374999997 0.5638721624999999
4 0.4235476203125 0.221046646875 0.44775736562499996 0.2122176734375 0.461672896875 0.135341971875 0.4580004140625 0.08545255 0.39910827968749996 0.07540759531249999 0.3951586859375 0.07582271406249999 0.2988156171875 0.110562784375 0.31814249375000003 0.29444573749999997 0.47201034843749995 0.278273575 0.47054223593750005 0.2496242578125 0.42637859999999994 0.247981615625 0.4235476203125 0.221046646875
4 0.741718215625 0.04934818125 0.5009865109375 0.12073590000000001 0.4898615921875 0.1344740296875 0.5426660015625 0.143587725 0.6148301328125 0.12762373437500002 0.631004071875 0.25161231875 0.7380081953125 0.238270921875 0.789040896875 0.24547602343750002 0.7998889124999999 0.2589995140625 0.8014132859374999 0.2735029578125 0.79237734375 0.351960603125 0.793318346875 0.4356540578125 0.821289275 0.43271419375000003 0.8086962890624999 0.0737306359375 0.7994022140625 0.060043820312499996 0.741718215625 0.04934818125
6 0.4713171 0.43637358437499996 0.4207199359375 0.43331232656249996 0.4622407921875 0.42475869062499994 0.45381778749999996 0.41935955625 0.285121146875 0.42871105312499996 0.2828843359375 0.4373253859375 0.29441522343750004 0.44239786875 0.46507177187500004 0.45169365937499995 0.61956981875 0.45758167812500006 0.6557872140625001 0.4537750765625 0.69412475625 0.448567309375 0.691264209375 0.43629911093749996 0.6457644 0.436891715625 0.6353519203125 0.4275120671875 0.6116072781249999 0.4258181109375 0.4713171 0.43637358437499996
6 1 0.473796109375 0.9990030890625 0.46431113437500005 0.8642753703125001 0.46799754218749995 0.8392241234375 0.4538720625 0.830830684375 0.433806159375 0.8015309671875 0.435314578125 0.791673165625 0.436350675 0.7888447249999999 0.4528827234375 0.8065618062500001 0.47196867343750004 0.80584936875 0.4950864515625 0.730141821875 0.507233253125 0.6571361875 0.50024279375 0.5809931046875 0.508245753125 0.49506127656250004 0.5277515968750001 0.4866087046875 0.537019234375 0.4885686140625 0.5556665187500001 0.49565544531250005 0.5633008984375001 0.7482649 0.6074503765625 0.7529192640625 0.6069611828125 1 0.5344996890625 1 0.473796109375
4 0.6426292984375 0.4369593765625 0.672412775 0.43631659375 0.69276253125 0.4341777484375 0.692196759375 0.40032749218749997 0.6824671484375 0.3824968359375 0.6493988640625 0.3817828359375 0.64781535625 0.39661293125 0.6353838328125 0.39791953593749996 0.6426292984375 0.4369593765625
10 0.8658293109375 0.4678342171875 0.9990030890625 0.46431113437500005 0.9817994453125 0.3006294046875 0.8475072625 0.3084596546875 0.824851459375 0.3171253015625 0.834126765625 0.4502182 0.8658293109375 0.4678342171875
13 0.50130660625 0.5124315234375 0.4947735765625 0.4502739046875 0.40977195312500003 0.44873389062499996 0.4206012015625 0.5816634625 0.4946956734375 0.5990135265625 0.48816264531250003 0.5368559078125 0.501059271875 0.5250263734375 0.50130660625 0.5124315234375
20 0.42956721093750005 0.42780004531250004 0.42067910468749997 0.432923840625 0.4839255609375 0.436750415625 0.581823809375 0.42646089531250003 0.513479996875 0.41898045625 0.42956721093750005 0.42780004531250004
4 0.411135346875 0.44675763437500005 0.292847671875 0.4424316984375 0.3017170109375 0.556713984375 0.41400703906249997 0.57816691875 0.42177423750000004 0.5773505531249999 0.411135346875 0.44675763437500005
4 0.61971255 0.458090378125 0.5016426421875 0.4558363640625 0.49340783750000006 0.467175921875 0.497733621875 0.5232811046875 0.5048204546874999 0.5309154828125 0.6249389734374999 0.5078164734375 0.6218902265625 0.4788095859375 0.6265816140625 0.4636528375 0.61971255 0.458090378125
4 1 0.52854391875 0.8434156843749999 0.583440590625 0.749931921875 0.6058349828125 0.49921247187500006 0.5672475828125 0.5004895109375 0.5943458765625 0.50757634375 0.60198025625 0.7247624046875 0.650376584375 0.7280289203125 0.6814553937500001 0.718240175 0.6929582765625 0.7182106078125 0.7076250468749999 0.735533865625 0.9764274265624999 1 0.948630915625 1 0.52854391875