19 0.9581655859374999 1 0.9717804375 0.8443815515624999 0.9470621609375 0.8401281171875 0.9467766281250001 0.825464096875 0.9582948468750001 0.801376315625 0.9772270984375 0.78212593125 0.9815855687499999 0.7323083859375 0.8244297734374999 0.6641871593750001 0.8274389234375 0.6477200937500001 0.8703210734375 0.569911434375 0.8756130765625001 0.545278928125 0.81589295 0.5107760156250001 0.7902881265625 0.5524530015625 0.7563821515625 0.6352295578125 0.729661540625 0.6538047203125 0.681383428125 0.7395064609374999 0.6642613328125 0.738008471875 0.6546364734375001 0.722527365625 0.609963509375 0.7311667359375 0.596603203125 0.7404543171875 0.5882244359375 0.80036871875 0.5830100484375 0.80618639375 0.496777228125 0.82373749375 0.47197631875 0.8382980265625 0.45194929375 0.9961375578125 0.49609720937499996 1 0.9581655859374999 1
21 0.640429509375 0.7235064140625 0.6264981374999999 0.70346595625 0.4462483125 0.6124096515625 0.43672741249999997 0.613667971875 0.43958132968749997 0.6348305703125 0.4838135296875 0.6491568437499999 0.489131875 0.6600785953125 0.43989320625 0.685048846875 0.4118752296875 0.6825975921875 0.305095328125 0.6481600656250001 0.299413834375 0.641389125 0.2984796203125 0.6162118953125 0.26579198125 0.6133520984375 0.2437923046875 0.577966715625 0.20020878749999999 0.5741536515625 0.11195230468749999 0.5789799578125 0.1368835140625 0.616713109375 0.1320336890625 0.743857575 0.137248075 0.7380399 0.1478057359375 0.65322063125 0.15237144062500002 0.6368897484375 0.161892340625 0.6356314265624999 0.32102543125 0.7708486671875 0.32572143593749997 0.806811465625 0.3069929234375 0.9850239875 0.327228128125 0.9867943390624999 0.352986771875 0.7820100859375 0.576637128125 0.75347725625 0.575210875 0.8056347593750001 0.5861067546875 0.8065880249999999 0.598688078125 0.7344935515625 0.640429509375 0.7235064140625
14 0.5790561640624999 0.7437552609375 0.5037646140625001 0.761740778125 0.502519934375 0.8118228734375 0.518546 0.8168847328125001 0.52268059375 0.8172464625 0.5798805375 0.8060433015624999 0.5877145828125 0.7523551171875 0.5810991390625 0.7439339984375 0.5790561640624999 0.7437552609375
14 0.747934296875 0.6241647140625 0.767312903125 0.5819430046875 0.7719562234375 0.5467972921875 0.7706837906249999 0.4358475265625 0.7284225671875 0.3631375359375 0.7451288296875 0.2976778203125 0.743649890625 0.278726809375 0.727980390625 0.260625575 0.7065517796874999 0.25456823125 0.6848639796875 0.2694011265625 0.6768220171875 0.2896104578125 0.66945508125 0.35588725781249997 0.6800917703125 0.3777307609375 0.6469633671875 0.39783660625 0.63388859375 0.42178820781250004 0.6154968875 0.5602956609375 0.5261509578125 0.5775744 0.513076184375 0.6015260015624999 0.5094446953125 0.6430341140625 0.5886737281250001 0.6876089999999999 0.5948999453125 0.6881537234375 0.599284075 0.6738982453125 0.6728052718749999 0.676147934375 0.663051525 0.73385075 0.67807234375 0.741438775 0.6991114625 0.716092671875 0.747934296875 0.6241647140625
9 0.29888045937499996 0.6474856296875 0.40747196875 0.684826471875 0.42176586718750003 0.686077025 0.45098200781250003 0.6837969953125 0.48722352031250005 0.6639635125 0.4853814328125 0.6491633109375 0.465327803125 0.6453175546875001 0.43546773906249997 0.6280660984375 0.436945265625 0.5215395078125 0.29848955625 0.49060457968750004 0.29888045937499996 0.6474856296875
2 0.290214746875 0.5672584078125 0.280875421875 0.5664413234375 0.280693846875 0.568516728125 0.26979796875 0.5675634625 0.26961639375 0.5696388671875 0.247824634375 0.5677323359375 0.24590493125 0.5717469671875001 0.2443483765625 0.5716107859374999 0.24289578125000003 0.5882140312499999 0.24720229531250001 0.5927733843749999 0.24702072031250003 0.594848790625 0.24857727500000001 0.594984971875 0.24839570000000002 0.5970603765625 0.24995225468750001 0.5971965578125 0.24977067968750002 0.5992719625 0.25132723437500004 0.5994081437500001 0.251145659375 0.60148355 0.257190303125 0.604103678125 0.25838370781250003 0.608390671875 0.2599402625 0.6085268515625 0.25957711250000004 0.6126776625 0.26113366718750003 0.6128138437499999 0.26095209218750004 0.6148892499999999 0.2656217546875 0.6152977921875 0.2655650140625 0.61594635625 0.288037778125 0.6179124671875 0.29830939375 0.618157590625 0.29849096875000003 0.6160821828125 0.300047521875 0.6162183640625 0.30113696874999996 0.60376593125 0.29958041562500004 0.60362975 0.3006698625 0.591177315625 0.2991133078125 0.5910411343749999 0.3003843296875 0.576513296875 0.298827775 0.5763771156249999 0.299735646875 0.5660000875 0.290396321875 0.5651830015625 0.290214746875 0.5672584078125
15 0.740607284375 0.6362021375 0.74115055625 0.6450069515625 0.7460407296875 0.6454347859375 0.7589227859375 0.64198711875 0.7823999890625 0.5708459109375 0.8235440109375001 0.494976478125 0.8218834984375001 0.4781008703125 0.7956036515625 0.473710390625 0.771710615625 0.47789389531250004 0.7694028328125 0.57598268125 0.740607284375 0.6362021375
15 0.5436620609375 0.566558675 0.5666267796875 0.5685678281250001 0.610804528125 0.5601465421875 0.6183017656249999 0.5461634265625 0.6320501515625 0.4428016875 0.5774667953125 0.42129593125 0.531186003125 0.4841682109375 0.49652738906250005 0.53969213125 0.49369981249999995 0.554083790625 0.5436620609375 0.566558675
15 0.9799539546875 0.73177521875 0.9816194671874999 0.73192093125 0.9988236468749999 0.53527625 0.9029073406249999 0.514859734375 0.8983025375 0.5144568656249999 0.8830939109375 0.5314250828125 0.870123096875 0.572116109375 0.8195621328125 0.6659832921875 0.9799539546875 0.73177521875
19 0.3876802546875 0.510955503125 0.4336505828125 0.5233425515625 0.44003344375 0.611735215625 0.4847278453125 0.63512061875 0.5069379296875 0.63706375 0.5134506828125 0.597245478125 0.5350345234375 0.5656731578125 0.499960075 0.5542393765625 0.49775483906250007 0.5435899859375 0.5562801484375 0.448328303125 0.40565753750000005 0.43096795 0.3938537859375 0.44039171250000003 0.3876802546875 0.510955503125
19 0 0.727182015625 0.030061453125 0.726178878125 0.04646653125 0.7442137609375 0.0607630546875 0.74546454375 0.10560631250000001 0.7411533609375 0.12866768125 0.6030544515625 0.11354290468749999 0.578727 0.13450440624999999 0.572195728125 0.1462554734375 0.49166345156249996 0.0806722796875 0.45246500312500004 0.004115589062499999 0.43112812187499994 0 0.47816952031250004 0 0.727182015625
16 0.757840453125 0.27787703124999996 0.7543905390625001 0.3173097375 0.738461846875 0.320098740625 0.73773555 0.3284003625 0.7825124734375 0.33650041875 0.7780185046875 0.3878667078125 0.778055565625 0.38786995 0.8056778 0.215140934375 0.7011613453125001 0.1772416734375 0.6676954328125 0.1743137859375 0.6537578265625 0.1767541625 0.6493224234375 0.245378728125 0.6688313296875 0.255450703125 0.6648630343749999 0.336663884375 0.67664044375 0.2916858640625 0.67798908125 0.25834319375 0.72504885625 0.2582778078125 0.757840453125 0.27787703124999996