4 0.1523287109375 0.192661215625 0.179292575 0.3529161421875 0.2863965671875 0.34557622656250003 0.3046263859375 0.34268890625 0.3330533296875 0.3348907375 0.31379610156250004 0.323175665625 0.3119077875 0.2812887 0.289353215625 0.1688493625 0.156306690625 0.1878125609375 0.1523287109375 0.192661215625
6 0.79732495625 0.459499921875 0.7805887046875 0.453713475 0.7804161796875 0.43264777656250003 0.7742431265625 0.433625490625 0.753615159375 0.443220546875 0.7725464843750001 0.452877934375 0.7631335265625 0.473352521875 0.767849578125 0.483152084375 0.8552500234375 0.4756371203125 0.8840064734374999 0.47741045312499997 0.8899398828124999 0.484907903125 0.7531550203124999 0.5002445890625 0.7127905390625 0.51507490625 0.4891707796875 0.531509075 0.442719509375 0.5578499546875 0.44321793906250007 0.5809733359375 0.9261427953125001 0.5717195671875 0.9515013984375 0.5677031578125 0.9579680093749999 0.5648333078125 0.9596263625000001 0.46543344062500003 0.93711008125 0.433141528125 0.8730982234375 0.42851489374999996 0.872379296875 0.45394038906249995 0.79732495625 0.459499921875
4 0.7359922437499999 0.45181232656250003 0.4366663328125 0.46969066249999997 0.432688353125 0.47453931562499996 0.4444209375 0.548615940625 0.4512458 0.55175359375 0.478938271875 0.536821025 0.52028046875 0.5281637625 0.8249987359375 0.5212961875000001 0.8538481546875 0.5167268890625001 0.8922260062499999 0.5093301218749999 0.8880755015625 0.49311307812500005 0.7669629125 0.4975303109375 0.7588344296875 0.48616192187499996 0.768812934375 0.459269853125 0.7359922437499999 0.45181232656250003
4 0.5520599984375 0.4391537796875 0.5706654171875 0.44675348125000003 0.6287801296875 0.4400538125 0.6687602703125 0.4337215796875 0.6720223484375001 0.40749779531249997 0.64682224375 0.1984495625 0.6337380671874999 0.1857567765625 0.5828103875 0.193822928125 0.5189710546875 0.21026199218750002 0.5520599984375 0.4391537796875
4 0.59423844375 0.5656230812499999 0.53161646875 0.57976003125 0.45160643437500003 0.5839951671875 0.447954359375 0.5909015046875 0.4801518515625 0.8241530890625001 0.4935619328125 0.8389035578125 0.5233975515625 0.8395831484375 0.9342270296875 0.7745141515625 0.9017791000000001 0.5696459843749999 0.8346807171874999 0.5655082078125 0.7398898609375 0.576303 0.6715741203125 0.5744673359375 0.6687272359375 0.5664810296875 0.6116265046875 0.575524896875 0.59423844375 0.5656230812499999
21 0 0.53935085 0.0172366046875 0.6481784890625 0.137457740625 0.648121053125 0.18210674531249998 0.9300237671874999 0.190562934375 0.9365943218749999 0.1941317265625 0.9360290812500001 0.2031468796875 0.9330192453124999 0.16182404374999998 0.6421525078125 0.27113693125 0.5931995125 0.2624908734375 0.5186340296874999 0.1321187046875 0.5245178359375 0.12179514843749999 0.5092785078125 0.028954915625 0.5224009796875 0 0.5269869875000001 0 0.53935085
7 0 0.530150940625 0.008738340625 0.5287669234375 0.119600075 0.5054075671875 0.12292624375000001 0.49644354531249996 0.1086535359375 0.376364584375 0.0879681328125 0.2657385046875 0.017598703125 0.25842753125 0 0.2612148921875 0 0.530150940625
13 0.39970880625 0.6218770078125 0.4221894546875 0.618316421875 0.446542884375 0.6119544203125 0.43461862812499996 0.4767383859375 0.4129266828125 0.469627540625 0.3338943640625 0.480035728125 0.35540410312500004 0.615842875 0.39970880625 0.6218770078125
6 0.731556571875 0.43379480781249996 0.694431996875 0.429128253125 0.5097197171875 0.44150938437500004 0.42021046249999994 0.4556862578125 0.3242573703125 0.45664594375 0.3196275859375 0.4573792296875 0.3163996703125 0.45947245781249996 0.3190069125 0.47593393125 0.3412644046875 0.47662729375 0.7026938765625 0.45049469999999997 0.7275146859375 0.44656346874999997 0.731556571875 0.43379480781249996
5 0.3360894375 0.483906665625 0.323091521875 0.4817467296875 0.330328553125 0.4974749140625 0.3208293328125 0.5074166546875001 0.3227847625 0.5197627578125 0.3040259640625 0.53117106875 0.28396354375 0.53434864375 0.27964051562500003 0.4970659015625 0.259904 0.5023011609375 0.26924016093750003 0.6611294375 0.23496246875 0.6644491875 0.1712956625 0.7019539499999999 0.20590872343750002 0.890527596875 0.21582011250000002 0.893176390625 0.22377607031250002 0.88347908125 0.2185615875 0.8505561374999999 0.24049317499999998 0.8491918171874999 0.3063742015625 0.85563170625 0.316630640625 0.9004118984374999 0.3198747265625 0.9002935796875 0.333667640625 0.8981089953125 0.31894080156250004 0.8051273984374999 0.36004335625 0.8049453 0.36964798593750003 0.8456101234375 0.38751533125000004 0.838561609375 0.3476206703125 0.64660588125 0.3360894375 0.483906665625
18 0.31339940781250003 0.470494165625 0.3410918796875 0.455561596875 0.25303962343749997 0.458961190625 0.2398020671875 0.4652764203125 0.2417574984375 0.47762252343749995 0.31339940781250003 0.470494165625