14 0.6823801234375 0.245459446875 0.6593712171874999 0.2405353296875 0.6394915046875 0.24858930156249998 0.627647440625 0.268124821875 0.61543301875 0.3547821890625 0.6291642921875 0.3711610296875 0.5943388078125 0.3983696796875 0.5824947421875 0.41790519843749996 0.5615379640625 0.524478928125 0.5965679296874999 0.5354705625 0.7028013828125 0.5485143906250001 0.7073181796875 0.5423784875 0.705266053125 0.43088064218750005 0.6789905203125 0.349992196875 0.6992955624999999 0.300010871875 0.7020884015625 0.2772650234375 0.6823801234375 0.245459446875
19 1 0.4775643140625 0.9971078656250001 0.47720920468749994 0.9751695109374999 0.489208365625 0.9255082015625 0.585960684375 0.890710203125 0.62576658125 0.7714869015625 0.6992849109375 0.6421693078125 0.7652668796875 0.6209376625 0.7458681328125001 0.0886926078125 0.54198405625 0.0770474640625 0.5342572750000001 0.07312910156249999 0.5148853515625 0.061991746874999996 0.5030229625 0 0.501335046875 0 0.9407883968749999 0.4822397984375 1 0.91349131875 1 0.9508100984375 0.9312009124999999 1 0.530581309375 1 0.4775643140625
15 0.061531521874999995 0.404052078125 0.0600081546875 0.4164589046875 0.0783579859375 0.53625479375 0.29687062656249996 0.618314153125 0.301221859375 0.6188484171875 0.302385540625 0.6093709875 0.300218990625 0.4858336859375 0.293988090625 0.4724747546875 0.2373956875 0.47182301718749997 0.07159832499999999 0.39899118906250003 0.061531521874999995 0.404052078125
15 0.9421688921875001 0.5015546718749999 0.8706307171875001 0.5200576125 0.8234258921875 0.55834014375 0.7815803390625 0.5657960296875 0.5504757015624999 0.524826075 0.4258996421875 0.513728015625 0.408359953125 0.5283662421875001 0.40632228281250005 0.6603517125 0.610637084375 0.740011865625 0.6393971031250001 0.7658448 0.64164346875 0.76612061875 0.7816013093749999 0.6938363109375 0.894113409375 0.6236919078125001 0.921184628125 0.5955311531249999 0.9531073265625001 0.5406793609375 0.9618221984374999 0.5081657515625 0.9421688921875001 0.5015546718749999
9 0.27173580625 0.4358964828125 0.26838020625 0.437583446875 0.26711073281250003 0.44792246718750006 0.2705213078125 0.4714300015625 0.2924871484375 0.47202808906250004 0.297674984375 0.4810609890625 0.29600767031249997 0.5459246109375 0.29941824375000003 0.5694321453125 0.32535086562500004 0.5745840624999999 0.35770730781250004 0.578556934375 0.3854493765625 0.5611046296875 0.386464953125 0.5528334125 0.37611676875 0.5473648578125 0.3161412765625 0.535802834375 0.31166015156250004 0.495372025 0.311268825 0.434453590625 0.3037684515625 0.43143368281249994 0.27173580625 0.4358964828125
11 0.1156320546875 0.1943687859375 0.036764940625 0.169992271875 0.008677865625 0.398743140625 0.0158021125 0.3996178890625 0.0855900484375 0.40057797187500005 0.10350009375 0.318817896875 0.1156320546875 0.1943687859375
4 0.0576373671875 0 0.0453180109375 0.10033310625 0.0874724328125 0.1160039125 0.0811525578125 0.180296271875 0.11011098281250001 0.18804987812500001 0.11504492343749999 0.199150584375 0.12719785625 0.20274175468750003 0.2450790390625 0.22469335625000003 0.25967445625 0.2264854484375 0.283449234375 0.0456127921875 0.186003065625 0 0.0576373671875 0
19 0.7590157484375 0.5572532515625 0.7627445046875 0.56374565 0.7737112484375 0.565092196875 0.82336241875 0.55885709375 0.87031335 0.522642365625 0.784988928125 0.499571971875 0.7705234578125 0.50199379375 0.7661522796875 0.511951975 0.7590157484375 0.5572532515625
19 0.4724782328125 0.45490354687499995 0.338624540625 0.4552602109375 0.3317772984375 0.5234234046874999 0.3754463453125 0.5287852890625 0.40959343906249995 0.53114141875 0.4320395828125 0.5150066484375 0.5630729484375 0.5247985859375001 0.5715064390625 0.48175553437499996 0.5658108140625 0.47685824062500004 0.4724782328125 0.45490354687499995
21 0.3876984390625 0.5556085890625 0.36525229531250003 0.5717433578125 0.2975225359375 0.55922923125 0.3038633828125 0.622977153125 0.33231401875 0.63486636875 0.36874532968749996 0.633042634375 0.3699160453125 0.6461738109375 0.3797611953125 0.64738264375 0.382703009375 0.6347564218749999 0.40390716718749997 0.6415579218749999 0.411496515625 0.5669265390625 0.411215134375 0.5563970968749999 0.4050117203125 0.5556354140625 0.3876984390625 0.5556085890625
2 0.38718120625 0.55541389375 0.401284271875 0.5571455328125 0.411453159375 0.554458528125 0.40984733437500004 0.5290736125 0.3803811203125 0.525455615625 0.36490007343749997 0.53614865625 0.3667323078125 0.5468685203125 0.38718120625 0.55541389375