16 0.34153160625 1 0.33936065625 0.89067291875 0.352041075 0.8480178046875 0.3514462375 0.8115120390625 0.3489030328125 0.7751425171874999 0.33666785625 0.7681665062499999 0.32968294375 0.7242759999999999 0.32761704375 0.5547362875 0.3362689359375 0.5384681328124999 0.33676404375 0.5175493062500001 0.3334942078125 0.47078849062500006 0.3251557671875 0.4635399953125 0.3202830765625 0.3098597046875 0.3181031875 0.278685828125 0.3118947703125 0.27389891093749996 0.317739871875 0.2734901828125 0.31555998281250003 0.24231630625 0.32171853437500003 0.2183909265625 0.30931596093749997 0.0130266609375 0.28203881875 0.014934065625000001 0.28776993125 0.1528911734375 0.284054853125 0.1557614828125 0.282081553125 0.14154157812499998 0.2666762734375 0.1452293453125 0.27418122500000003 0.182557171875 0.25028077656250003 0.19075476875 0.00741163125 0.189464153125 0 0.092278921875 0 0.51746039375 0.013997578124999998 0.7176350874999999 0.043899853125 0.6972704359375 0.039258685937499996 0.5749002671875 0.0966446921875 0.569582184375 0.298234809375 0.568538259375 0.3042544390625 0.66862256875 0.311734459375 0.691594246875 0.30892766875 0.7074536703125001 0.3211628453125 0.7144296812500001 0.3135510328125 0.7175724765625 0.316771003125 0.7356209953125 0.30440403437499997 0.7547594578125 0.308318571875 0.866738334375 0.290313090625 0.9032394984375 0.2651659734375 0.9076084828125 0.1418738625 0.9083983296874999 0.1346004328125 0.902380621875 0.13013379375 0.8805034921875 0.0986464671875 0.9062000328125001 0.0869562640625 0.9070174906249999 0.015789221875000002 0.7292571703124999 0.033838271875 1 0.05061158125 1 0.049285453125 0.9422832624999999 0.053883884375 0.9380459203125 0.3082615765625 0.935921253125 0.31359044375 1 0.34153160625 1
2 0.1660641609375 0.9064457265625 0.17544268125 0.9005688640624999 0.16376673749999998 0.70559589375 0.1836829375 0.6803197437499999 0.1836146171875 0.6793427359375 0.15114331406249998 0.6790680874999999 0.121084315625 0.711191065625 0.13452696875 0.9034299703125 0.1410730546875 0.9088459062500001 0.1539322796875 0.9079467015624999 0.1660641609375 0.9064457265625
2 0.21581181875 0.8940912437499999 0.204499190625 0.7043139171874999 0.22115042968749998 0.67854534375 0.2209551484375 0.675752684375 0.18797903124999998 0.6780586 0.1635834765625 0.7071750234375 0.17525942187500002 0.9021479953125 0.180059884375 0.9061196812500001 0.20580755781249999 0.9043192281250001 0.21581181875 0.8940912437499999
2 0.253072384375 0.9005573078125 0.2569441859375 0.8859286734375 0.2445914765625 0.70927670625 0.25882176874999996 0.6796860640625 0.258540915625 0.67566969375 0.22770800468750002 0.6778257421875 0.20526081718750003 0.706805921875 0.2169367609375 0.9017788937500001 0.2428496921875 0.9048616218750001 0.245285146875 0.9046913171875 0.253072384375 0.9005573078125
2 0.295394875 0.8968146734375001 0.308620265625 0.8619530296875 0.301406328125 0.7286897828125001 0.2977262515625 0.6760622203125 0.2654320625 0.67832045 0.24669995312499998 0.704430321875 0.256245871875 0.8969417125 0.2613985875 0.9051308718750001 0.286943075 0.9033446265625 0.295394875 0.8968146734375001
2 0.1259081234375 0.7780747890625 0.08694790625 0.6829044359374999 0.016336509375 0.7230841640625 0.081113478125 0.8934597453125 0.0889318796875 0.9072709218749999 0.097608703125 0.9053589140625 0.13262944999999998 0.8741942421875001 0.1259081234375 0.7780747890625
2 0.2306389828125 0.186776678125 0.2711455828125 0.18394418125 0.269581725 0.161579984375 0.2523962015625 0.14400896093749999 0.11068542968749999 0.14739202812500002 0.11286531875000001 0.1785659046875 0.12439879843749999 0.18950677031250002 0.2306389828125 0.186776678125
2 0.08430949062500001 0.53597648125 0.0720164703125 0.3601780859375 0.021553757812499998 0.36370678125 0.01908535 0.370405703125 0.0312564015625 0.5444598484375 0.0523322546875 0.5469671328125 0.062049728125 0.5462876203125 0.08430949062500001 0.53597648125
2 0.117656153125 0.3632746765625 0.0806691234375 0.3601604015625 0.0773041171875 0.36039570468750004 0.0852175375 0.5433623078125 0.09011659375 0.5490239406249999 0.1018067921875 0.5482064828125 0.118703096875 0.5462418203125 0.129770475 0.5365175390625 0.117656153125 0.3632746765625
2 0.1227998203125 0.36250065 0.13261051562499998 0.5444861609375 0.1630713734375 0.5423561296875 0.1504427796875 0.3617588421875 0.1227998203125 0.36250065
2 0.1974918359375 0.362611040625 0.1578066078125 0.3592695796875 0.153208175 0.363506921875 0.1639719859375 0.545425784375 0.2005884171875 0.5428653140625 0.20954607812499998 0.534994725 0.1974918359375 0.362611040625
2 0.2554962 0.5341310515625 0.2504756875 0.4483347703125 0.24447493437499998 0.3625200140625 0.2013444234375 0.3617072234375 0.2087353859375 0.5374008859375 0.21229373749999997 0.546288903125 0.22153154531250002 0.5460997734374999 0.24005322968749998 0.5448046125 0.2554962 0.5341310515625