19 1 0.618138125 0.9360419437499999 0.62865773125 0.8249087562499999 0.5979736078125 0.7333739765625 0.6053784828125 0.6872916375 0.6403903109375 0.68126623125 0.7306731359375 0.627062553125 0.7413370515625 0.6113696375 0.759109796875 0.6062089421875 0.8845518015625 0.6126964546875 0.9900860687499999 1 0.96978835 1 0.618138125
3 0.4237619140625 0.24882806093749998 0.4195838375 0.18776512343750001 0.42071194062500006 0.1159931390625 0.4619439390625 0.1190477421875 0.5345617671875 0.0865568578125 0.5448122125 0.0768925625 0.5441307546874999 0.0638895734375 0.387230178125 0.0369078875 0.382831078125 0.0462655265625 0.3911964203125 0.2805237625 0.44857717187499996 0.2931630078125 0.45107738125 0.359529359375 0.5170307125 0.367807725 0.5165371046875 0.43302710624999996 0.5248840640625 0.443020621875 0.3962907671875 0.45236764999999995 0.39602737499999996 0.5592988140624999 0.399707246875 0.6295149531249999 0.40637634218749996 0.6448118843749999 0.4017516203125 0.6685239203125 0.4282871109375 0.6710448640625 0.52916525625 0.6553271031250001 0.549752103125 0.6663741859375001 0.5751469203124999 0.6650433 0.5853663453125 0.6641165625000001 0.6317682296875 0.6538615203125 0.5543378296875 0.6318420687499999 0.5569559484375 0.47654430156250005 0.6560669 0.48308494843750005 0.6645501515625 0.4956790640625 0.666603715625 0.6468203875 0.67753561875 0.65015908125 0.7274718921875001 0.595387221875 0.7491994078124999 0.5994640140625 0.7995021890625 0.589004534375 0.8845980890625 0.6080145124999999 0.8880735953125001 0.441087421875 0.8877200265624999 0.43434092812499997 0.8005317703125 0.4220551875 0.687950934375 0.438386259375 0.6486693859375 0.43522943593749996 0.630570184375 0.42574701406250004 0.5525522515625 0.42983576093750003 0.5486375671875 0.26184165937500004 0.5414702703125001 0.2556979296875 0.4237619140625 0.24882806093749998
11 0.6350360046875 0.10978079375000001 0.5624605421875 0.10576109062500001 0.5624651375 0.1618272703125 0.555344803125 0.175239134375 0.5641613875 0.3807885734375 0.5735517156250001 0.39203127968749996 0.6847272703125 0.38620481562500003 0.6869503015625 0.39130379375 0.6434529062500001 0.41966080000000006 0.641004253125 0.4289162203125 0.733222859375 0.43145011406249995 0.7394236875 0.43112514218750003 0.7445143062499999 0.426099228125 0.7372107156250001 0.41735490000000003 0.6996963609375 0.3919396703125 0.712033546875 0.38477375468749997 0.823617975 0.386749084375 0.8281533671875 0.3799920421875 0.8253667859375 0.1402259578125 0.6350360046875 0.10978079375000001
5 1 0.546617428125 0.9987842656250001 0.523419815625 0.9687416546875 0.6054319171875 0.9659928609374999 0.6195256234375 0.9740484765625 0.619103446875 0.9870195125000001 0.58100435 1 0.570293078125 1 0.566006778125 0.9959540046875001 0.5648896703124999 1 0.5521010453125 1 0.546617428125
5 0.9879541656249999 0.3167692109375 0.9468823109375 0.31770330156250004 0.9810501281249999 0.46585772031249995 0.9967528453125001 0.4846580234375 0.9879541656249999 0.3167692109375
3 0.0103277703125 0.695230959375 0.0108014734375 0.7191973468749999 0.0110706484375 0.7243335265625 0.0363777359375 0.7230072375 0.046935046875000004 0.7219976 0.0541916734375 0.7111863328125 0.0540553828125 0.7085857359375 0.0477951625 0.7010905984375 0.0103277703125 0.695230959375
3 0 0.3672853109375 0.0082256125 0.37087301875 0.008489568749999999 0.3708591859375 0.006307221875 0.2733136734375 0.11358187812500001 0.267691646875 0.1198420984375 0.275186784375 0.15898735625 0.275743009375 0.2063608703125 0.2411109203125 0.206333459375 0.24058787812500002 0 0.22824258125000002 0 0.3672853109375
3 0.0283694484375 0.487165646875 0.033377625 0.49316175624999997 0.339598009375 0.4771134265625 0.346548878125 0.6097439109375 0.303639015625 0.611992721875 0.2871753125 0.633717471875 0.20788839062500003 0.6509114265625 0.1496944859375 0.6787347734375 0.2122920859375 0.6976199671875001 0.2444063375 0.694633059375 0.38207041875000003 0.6717719484375 0.37751970625000003 0.4916417234375 0.37556619375 0.454366490625 0.3630457546875 0.439376215625 0.1599265484375 0.44480576093749996 0.15657081718750002 0.45541258906250004 0.060862559375 0.45782070468749997 0.0375934703125 0.461647928125 0.029293473437500002 0.47121000312500005 0.02827404375 0.485345228125 0.0283694484375 0.487165646875
3 0 0.06799009687499999 0.32730453125 0.10445964999999999 0.33452798437500003 0.2422913296875 0.226844453125 0.2401115640625 0.1923285109375 0.271909484375 0.219136584375 0.2796316234375 0.3639651046875 0.283385153125 0.36896382499999997 0.28312318125 0.36996825625 0.1982755140625 0.36629747031250004 0.12823274843750002 0.360683178125 0.03230135625 0.23254206093750002 0.013330703125000001 0.1536659 0.017464428125 0 0.0262991046875 0 0.06799009687499999
2 0.3762471125 0.37779361875 0.3706213890625 0.363745878125 0.3589186984375 0.364359190625 0.3456744359375 0.3728765140625 0.34517623125 0.3820297171875 0.369988728125 0.445792475 0.37783718125 0.44538115468750006 0.3762471125 0.37779361875
2 0.396096321875 0.44585849218750007 0.4473191484375 0.44486904843749997 0.5141382734375 0.44136720625 0.5100955921875 0.36422825468750003 0.3891500484375 0.36929418593749996 0.396096321875 0.44585849218750007
2 0.0493201515625 0.4493637203125 0.0525041 0.45773720625000003 0.15326881875 0.4524563515625 0.153272921875 0.4521953609375 0.15263462187500001 0.440015896875 0.05385554375 0.44260667812500004 0.0493201515625 0.4493637203125
2 0.1467763203125 0.36928371875 0.1175195953125 0.370817 0.0828673625 0.4000143203125 0.150013475 0.433851225 0.1531402859375 0.43368735625 0.1526492078125 0.41043900000000005 0.15063754375 0.3720541859375 0.1467763203125 0.36928371875