14 0.853125 0.258203125 0.840625 0.233203125 0.8265625 0.22278645937500002 0.7953125 0.220703125 0.771875 0.239453125 0.7515625 0.30611979218749996 0.75625 0.3498697921875 0.778125 0.358203125 0.78125 0.3748697921875 0.746875 0.46861979218750005 0.73125 0.5561197921875001 0.7328125 0.5790364593749999 0.763867184375 0.5859375 0.7779854937499999 0.5859375 0.8484375 0.572786459375 0.8515625 0.560286459375 0.85625 0.433203125 0.8359375 0.3248697921875 0.8484375 0.295703125 0.853125 0.258203125
9 0.3671358 0.5545572921875 0.36088580000000003 0.5274739578125 0.3561983 0.519140625 0.3561983 0.544140625 0.3640108 0.5837239578125 0.3655733 0.6149739578125 0.3733858 0.644140625 0.4278780015625 0.6453125 0.46875 0.6453125 0.46875 0.6348090203125001 0.46557329999999997 0.6108072921875001 0.4593233 0.6024739578125 0.37651080000000003 0.600390625 0.3718233 0.594140625 0.3671358 0.5545572921875
21 0.353125 0.679296875 0.45532924531249996 0.6921875 0.46875 0.6921875 0.46875 0.645963540625 0.375 0.6438802078125 0.365625 0.614713540625 0.3625 0.5688802078124999 0.35625 0.566796875 0.353125 0.5751302078125 0.353125 0.679296875
2 0.4578125 0.5645833328125 0.446875 0.5645833328125 0.446875 0.5666666671875 0.4171875 0.5666666671875 0.415625 0.5708333328124999 0.4140625 0.5708333328124999 0.4140625 0.5770833328125 0.4109375 0.5791666671875 0.4109375 0.58125 0.409375 0.58125 0.409375 0.5833333328125 0.4078125 0.5833333328125 0.4078125 0.5854166671875001 0.40625 0.5854166671875001 0.40625 0.5875 0.4046875 0.5875 0.4046875 0.5958333328125 0.40625 0.5958333328125 0.40625 0.5979166671875 0.421875 0.5979166671875 0.421875 0.6 0.4359375 0.6 0.4359375 0.6020833328124999 0.4578125 0.6020833328124999 0.4578125 0.6041666671875 0.4625 0.6041666671875 0.4625 0.6020833328124999 0.4640625 0.6020833328124999 0.4640625 0.59375 0.4625 0.59375 0.4625 0.5791666671875 0.4609375 0.5791666671875 0.4609375 0.56875 0.4578125 0.5666666671875 0.4578125 0.5645833328125
21 0.371875 0.5833333328125 0.371875 0.59375 0.3734375 0.59375 0.3734375 0.5979166671875 0.3765625 0.5979166671875 0.3765625 0.6 0.3796875 0.6 0.3796875 0.5979166671875 0.384375 0.5979166671875 0.384375 0.6 0.3953125 0.6 0.3953125 0.5979166671875 0.4046875 0.5979166671875 0.4046875 0.5958333328125 0.40625 0.5958333328125 0.40625 0.5895833328125 0.4078125 0.5895833328125 0.4078125 0.5854166671875001 0.4109375 0.5833333328125 0.4109375 0.58125 0.4125 0.58125 0.4125 0.5791666671875 0.4140625 0.5791666671875 0.4140625 0.575 0.415625 0.575 0.415625 0.56875 0.4125 0.56875 0.4125 0.5666666671875 0.4078125 0.5666666671875 0.4078125 0.5645833328125 0.396875 0.5645833328125 0.396875 0.5625 0.3796875 0.5625 0.3796875 0.5645833328125 0.371875 0.5645833328125 0.371875 0.5666666671875 0.36875 0.5666666671875 0.3703125 0.5833333328125 0.371875 0.5833333328125
21 0.3125 0.589453125 0.30625 0.589453125 0.3 0.601953125 0.2046875 0.645703125 0.1953125 0.651953125 0.1890625 0.6623697921875 0.19375 0.666536459375 0.225 0.670703125 0.2265625 0.722786459375 0.2275390609375 0.7234375 0.240625 0.7234375 0.240625 0.701953125 0.24375 0.6936197921875 0.2875 0.6998697921875 0.2953125 0.697786459375 0.3109375 0.685286459375 0.3125 0.589453125
15 1 0.46263020781249997 0.9703125 0.448046875 0.9078125 0.508463540625 0.8671875 0.5688802078124999 0.7796875 0.585546875 0.646875 0.564713540625 0.484375 0.5188802078125 0.465625 0.520963540625 0.45625 0.539713540625 0.475 0.691796875 0.7390625 0.7313802078125 0.7546875 0.739713540625 0.865625 0.7501302078125 0.8875 0.6563802078125 0.896875 0.654296875 0.915625 0.6688802078125 0.9390625 0.710546875 0.9515625 0.710546875 0.978125 0.691796875 0.9640625 0.7376302078125 0.9859375 0.766796875 0.98857421875 0.7671875 1 0.7671875 1 0.46263020781249997
19 0.3640625 0.5604166671875 0.3703125 0.5645833328125 0.45 0.5666666671875 0.45625 0.5625 0.45625 0.5354166671875 0.465625 0.5229166671875001 0.4921875 0.5208333328125 0.5359375 0.5333333328125 0.5390625 0.5229166671875001 0.5390625 0.4895833328125 0.528125 0.48333333281249996 0.4546875 0.46666666718750005 0.3625 0.46458333281249997 0.353125 0.47291666718750003 0.3546875 0.49583333281249997 0.3640625 0.5604166671875
19 0 0.9984375 0.3031723703125 0.9984375 0.3109375 0.720963540625 0.309375 0.698046875 0.3015625 0.691796875 0.2859375 0.7001302078125 0.2671875 0.729296875 0.1984375 0.720963540625 0.175 0.729296875 0.0125 0.829296875 0 0.8438802078125001 0 0.9984375
19 1 0.7688732453125 0.9828316484374999 0.7626302078125 0.9640816484375 0.7376302078125 0.9625191484375 0.7126302078125 0.9375191484375 0.710546875 0.9109566484375 0.664713540625 0.9000191484375 0.654296875 0.8859566484375 0.654296875 0.8625191484375 0.748046875 0.3531441484375 0.6813802078125 0.343818934375 0.9984375 1 0.9984375 1 0.7688732453125
19 0.934375 0.48330839843750006 0.9312624671874999 0.4770833328125 0.8642702718749999 0.4734375 0.854675034375 0.4734375 0.8500373984375 0.5703125 0.8521609031249999 0.5703125 0.8671999671874999 0.5666666671875 0.8984499671874999 0.51875 0.934375 0.48334561875000004 0.934375 0.48330839843750006
19 0.253125 0.6149739578125 0.25712890625 0.6203125 0.259787325 0.6203125 0.2984375 0.6024739578125 0.3125 0.5837239578125 0.3140625 0.47747395781249996 0.3 0.475390625 0.25 0.487890625 0.253125 0.6149739578125
4 0 0.2289062515625 0.06835935625 0.234375 0.0781352796875 0.234375 0.0796875 0.1164062515625 0 0.1164062515625 0 0.2289062515625
4 0 0.6578125 0.0014723546875 0.6578125 0.0765625 0.63125 0.0796875 0.5083333328124999 0.003984371875 0.4984375 0 0.4984375 0 0.6578125