11 0.4308991609375 0.4620730578125 0.4951704828125 0.246357365625 0.26652161875 0.1397977546875 0.199554265625 0.3655751734375 0.24364526562500002 0.3881734484375 0.2343703984375 0.4288247625 0.3033654703125 0.4429982859375 0.2949548890625 0.46231293124999995 0.2299483875 0.45136496875 0.22369463125000003 0.46263023125 0.2740393875 0.4739632421875 0.265197959375 0.4888487921875 0.2742535140625 0.4912752203125 0.30325451718749996 0.4796345875 0.3887430796875 0.504698003125 0.386911334375 0.49342306249999995 0.317162928125 0.46394990625 0.3184580609375 0.44704233281250005 0.4308991609375 0.4620730578125
4 0 0.63927775 0.16664245312499998 0.645366675 0.18152091718750002 0.6320987453125 0.190037265625 0.63653751875 0.1927307046875 0.6566706515625 0.2068532421875 0.65829795 0.3363296328125 0.6520113609375 0.3488371453125 0.629480834375 0.5101163359374999 0.62524530625 0.537615859375 0.5226156859375 0.3917569328125 0.4813760796875 0.3850723296875 0.48821224687500003 0.38431640312500004 0.503107475 0.2218530328125 0.48761427656249995 0.24374636718749998 0.3877961328125 0.23221150000000002 0.38254855 0.0378395625 0.3412508734375 0 0.4795840734375 0 0.63927775
4 0.2462688390625 0 0.45378329375000004 0.1231127828125 0.4541057796875 0.13398331875 0.4699517046875 0.153327 0.4501094296875 0.221342340625 0.45301958750000004 0.228592590625 0.4926911703125 0.24353621093750003 0.493444503125 0.25883584375 0.52653984375 0.2741741890625 0.6121367671875 0.2927961640625 0.6661631671875 0.11531503750000001 0.66120454375 0.1096727265625 0.5255885609375001 0 0.2462688390625 0
19 0.88366349375 1 0.9360859453125 0.8043567484375 0.908495696875 0.792651446875 0.9012718890625001 0.8014999609375 0.835110284375 1 0.88366349375 1
19 0.7978554703125 0.6682399734375 0.8090678499999999 0.66261701875 0.8757977374999999 0.691281365625 0.91007985 0.6961535796875 0.9350974687500001 0.6208976671875 0.884538584375 0.5922526765625 0.8141696953125 0.5696229453125 0.8010894609375001 0.56611810625 0.6951252703125 0.5565973093750001 0.6640680234375 0.6604304640625001 0.6761150078125 0.6652760640625 0.6815959984375 0.6667446906250001 0.791495946875 0.6557518171875001 0.7978554703125 0.6682399734375
19 0.8101834515625 1 0.8823325000000001 0.7815969921875 0.8443868953125 0.7541748953125 0.7801363203125 0.7283317046875 0.7314065890625 0.7411565171875 0.7241827796875 0.750005028125 0.729680609375 0.75363499375 0.7264453718749999 0.7657090671875 0.7127536796875 0.7685108656249999 0.6886055343749999 0.7620403890625 0.6546485015625 0.7378438515625 0.6203663890625 0.7329716375 0.5357369249999999 0.7469612734375 0.4818318515625 0.7670266578125 0.4631789421875 0.79438100625 0.43007322812500004 0.8998221031250001 0.4297481484375 0.9191464265624999 0.4141137578125 0.947309584375 0.41508121718749996 0.9799211953125001 0.4290878828125 0.9970196265625001 0.4402107875 1 0.8101834515625 1
9 0.798833303125 0.5800721421875 0.7816818734375001 0.6984154765625 0.78620705625 0.7298235515625 0.8624233453124999 0.765343421875 0.8862490046874999 0.7609433609375 0.8687880546875 0.71744185625 0.8009797546874999 0.6928022015625 0.8091813968749999 0.5957858578125 0.798833303125 0.5800721421875
21 0.8048606234375001 0.694920490625 0.8146304875 0.6961903015625001 0.8311265703125 0.6768853359375 0.8527954046874999 0.68053465625 0.8011581078125 0.6559143578125 0.799043678125 0.69336184375 0.8048606234375001 0.694920490625
2 0.8645484187499999 0.71900188125 0.8788675203125 0.7228386734375001 0.9010554015625001 0.723796240625 0.9065558250000001 0.6972313453125001 0.8421968906249999 0.6778295937500001 0.8275351453124999 0.6782146421874999 0.816106046875 0.696720478125 0.8645484187499999 0.71900188125
21 0.9170246578125001 0.797767609375 0.925608565625 0.8000676609375 0.938283446875 0.7901185265625 0.9470191078125 0.7514795578125 0.9479917531250001 0.7237014484375 0.9364568875 0.7184538640625 0.9069114921875 0.7924965625 0.9170246578125001 0.797767609375
21 0.7895485828125001 0.6569824421875 0.7825414937499999 0.6529480734375 0.6448712421875 0.6656664250000001 0.62956193125 0.6745052593749999 0.655541821875 0.6922506765625001 0.6440796859375 0.7408084140625 0.653206640625 0.743253975 0.661684625 0.717621715625 0.7363916546875 0.75273718125 0.7503000656250001 0.7370525 0.7918059875 0.7330762015625 0.780273715625 0.6976337578125 0.7895485828125001 0.6569824421875
3 0.6519732281249999 0.11393928125 0.6426957671875 0.18478545625 0.613147778125 0.2890230171875 0.6019353984375 0.29464596875 0.55967614375 0.28332263593749996 0.5416682078124999 0.3324180578125 0.49443476875 0.49662157812499996 0.5012251390625 0.5135388296875 0.542836828125 0.5333159484375 0.5207967671875 0.615570571875 0.5278714156250001 0.6174662171875 0.5611568765625 0.6158705046875 0.5857384625 0.5965752156249999 0.60072269375 0.6070607046875 0.6507449640625 0.6075231796875 0.6635749625 0.595863190625 0.6689670249999999 0.5757397359375 0.6885899875 0.5508021375000001 0.7307434765624999 0.53837205 0.7464862265625001 0.5037674515624999 0.788544321875 0.3468045046875 0.78617336875 0.33754190781250004 0.7790579203125 0.33994898125 0.76169755 0.3805906171875 0.7561997203125 0.3769606515625 0.7551239015625 0.35079048125 0.7827265984375 0.30210914375 0.796957496875 0.2972949984375 0.7970632625 0.32104841875 0.8056879703125001 0.31904575 0.8459091328125 0.21119758281249998 0.8502227843749999 0.19509881874999999 0.799558134375 0.14270041093750002 0.75417459375 0.10681484999999999 0.6838869828125 0.0793540375 0.67364465625 0.0873937421875 0.6757988875 0.1095392203125 0.6519732281249999 0.11393928125