3 0.6214298484375 0.5748216328125 0.6382565921875 0.57275556875 0.641470525 0.5623907984375001 0.6299078421875 0.5323258359375 0.612162715625 0.3749822734375 0.597430321875 0.1396065796875 0.6020488796875 0.0361895296875 0.440279828125 0.0392604421875 0.1698114828125 0.0604006515625 0.158131409375 0.06183478437499999 0.1812388578125 0.211698253125 0.2184513984375 0.5660545031249999 0.2613400171875 0.5691843578125 0.2806569671875 0.5982972171875 0.3049353453125 0.6037121234375 0.6214298484375 0.5748216328125
4 0.7048182109375001 0 0.7020884140625 0.0047530390625000005 0.7090875125 0.1130405546875 0.712388140625 0.1399220140625 0.717548490625 0.143486359375 0.8294886921875 0.13525165 0.8473788921875001 0.133055009375 0.9518098078125 0.07694106875 0.9423626328125 0 0.7048182109375001 0
4 1 0.6152699796875 0.9978760640625 0.64443724375 0.9888248390625 0.647647571875 0.98293029375 0.6252825640624999 0.9855516968750001 0.6081688671875 0.9749771046875001 0.5989723687499999 0.9258850734375 0.5966041984375 0.9137596265625 0.5875981218749999 0.871378796875 0.588603875 0.8734649265625001 0.579951815625 0.885617859375 0.5763606453125 0.9770907203125001 0.5777230624999999 0.9766379046875 0.5483929578125 0.8619847015625 0.5120951093749999 0.8507858593750001 0.433708959375 0.7383627328125 0.44121584687500004 0.734698265625 0.46265557656249995 0.759950278125 0.7324222625 0.8447734265625 0.8206592921875 0.8494259859375 0.8200880296875 0.8525826656250001 0.7945126921875 0.912276778125 0.7934801140625 0.9181713234375 0.815845121875 1 0.886103809375 1 0.6152699796875
11 1 0.46941868906249995 0.961489534375 0.1557761140625 0.9552861203124999 0.156537796875 0.839424934375 0.20014946562499997 0.8397952906249999 0.2672713140625 0.857094115625 0.5107278046875 0.973298171875 0.5468352328125 0.9781496531249999 0.57352626875 0.8696174046875 0.57425848125 0.868292959375 0.589113953125 0.9767977203125 0.6009789890625 0.9840167125000001 0.6084885250000001 0.98548510625 0.646089846875 0.9991888921875001 0.6423082546875001 0.9992713515625 0.6045165109374999 1 0.60468450625 1 0.46941868906249995
9 0.0580640296875 0.6316627578125 0.070415884375 0.6553338859375 0.13177105625000002 0.655409215625 0.1461649421875 0.6536418687500001 0.1810342609375 0.645949615625 0.1898525640625 0.5126312000000001 0.15705823593749998 0.5019649859374999 0.14778711718749998 0.605953296875 0.07075223750000001 0.6196099484375 0.0580640296875 0.6316627578125
21 0.079477875 0.7804223140625 0.0931816609375 0.776640721875 0.18699454531249998 0.771418884375 0.20163552187499997 0.9034310968750001 0.21869455312500002 0.9013365109375 0.2030383546875 0.7610530375 0.2092692546875 0.74769410625 0.22142218749999998 0.7441029343750001 0.256721459375 0.6726014078125 0.2712484171875 0.76527176875 0.27164625937500003 0.8197963671874999 0.2928504171875 0.8129948671875 0.2856314265625 0.8054853312500001 0.27502283125 0.6934430484375 0.2820429015625 0.6736902828125 0.27671111718749997 0.6302663875000001 0.28657900000000003 0.6080649765625 0.2806569671875 0.5982972171875 0.1947218515625 0.605175509375 0.182427265625 0.6066850953125 0.1810659984375 0.646208090625 0.1306495203125 0.6586953921875 0.1215708078125 0.6745029687499999 0.1207541515625 0.69349405 0.1106598625 0.701030409375 0.0930652 0.7115866796875 0.0225151140625 0.7139522046875 0.0308936328125 0.7821897515625 0.0670710484375 0.7819456796875001 0.0706530578125 0.7982976953125 0.0794503890625 0.7930195609374999 0.079477875 0.7804223140625
2 0.122348359375 0.68083561875 0.1326965453125 0.6753670656249999 0.12702840625 0.667667109375 0.13841965625 0.6578725249999999 0.053657996875 0.6598840328125 0.04302843125 0.67588203125 0.018722565625 0.6830643734375 0.022784878124999998 0.7161492453125 0.074227653125 0.7144243828125 0.0962788421875 0.7117168375 0.1223208734375 0.6934328671875 0.122348359375 0.68083561875
21 0.0593927265625 0.6296630078125001 0.06587752031250001 0.6183718796875 0.04914924375 0.6167526421875 0.045708290624999995 0.6171751375000001 0.01312101875 0.6374434375 0.0183893296875 0.68035038125 0.0245927390625 0.6795886984374999 0.043012562500000004 0.67575279375 0.0686428734375 0.653714978125 0.0593927265625 0.6296630078125001
19 0.15021385 0.5744330203125 0.140400940625 0.5714399359375 0.1307529515625 0.49286336718749996 0.071768496875 0.49433355468749995 0.06637518906249999 0.4949957703125 0.061307420312500006 0.5811514 0.007535340625 0.5919517390625 0.013057545312499998 0.6369264859375 0.014165296875 0.636790471875 0.042360825000000005 0.6191603890625 0.146268 0.6064021921875 0.15021385 0.5744330203125
15 0 0.5305813140625 0.008106603125 0.5966042984375 0.051869746875 0.5912308609375 0.062620246875 0.5790224125 0.06986020937500001 0.45849166406249997 0.06472734687500001 0.44233007031250005 0.048711025000000005 0.44009867031249994 0 0.45494523750000004 0 0.5305813140625
19 0.26469561875 0.570871321875 0.188985184375 0.5696725 0.18120343125 0.5832218515625 0.18580101875 0.607845084375 0.274199659375 0.596991096875 0.26469561875 0.570871321875
19 0.5177602 1 0.8057790828125 0.964635728125 0.8056938562499999 0.9639416171875 0.6361722015625 0.7142990109375 0.5922130328125 0.7280924328125 0.5634810156250001 0.7505110890625 0.5274475468750001 0.80321195625 0.5120829625 0.8575729593749999 0.5162342484375 0.9683091234375001 0.498131796875 0.9747297828124999 0.35291434375 0.9715704546874999 0.164753296875 0.9904757703125 0.1595929484375 0.9869114234374999 0.14247207343749999 0.8987575140624999 0.115201934375 0.8433344578125 0.079106978125 0.8057867859375 0.0309357234375 0.7825325578125 0.0576373671875 1 0.5177602 1