21 0.47310725781249996 0.5896562171874999 0.44662208281250004 0.576234059375 0.41836258437499996 0.548565796875 0.4010392796875 0.505507215625 0.39869549375 0.5139215265625 0.373771365625 0.5187662859375 0.355878596875 0.49836811562500005 0.007791685937499999 0.5859261671875 0.011483246875 0.59979959375 0.06239565312499999 0.6058206734375 0.0766694265625 0.587128684375 0.11984251718750001 0.5840425015624999 0.1550563796875 0.6833139421875 0.6082242640625 0.77297186875 0.6172410015625001 0.7937689125 0.6443549296875 0.9742020625000001 0.681696603125 0.969264871875 0.68698768125 0.9682363890625 0.6602733859375001 0.769486815625 0.891272340625 0.6118365734375 0.88589763125 0.4871997921875 0.8845610875000001 0.48032387187500003 0.580903703125 0.48911546875 0.577067009375 0.52567550625 0.562153415625 0.55642995 0.5354527546875001 0.5828432984374999 0.50719104375 0.590989725 0.47310725781249996 0.5896562171874999
5 0.5079163390625 1 0.50483468125 0.9752572296875 0.49347415781250004 0.9628744984375001 0.313046909375 0.8944825875 0.2195264515625 0.9405166578124999 0.1275210359375 0.6002581109375 0.11788670625 0.5854175140625 0.099658184375 0.5889607796874999 0.07277415000000001 0.5949823796875 0.0929337125 0.7038123484375001 0.027820099999999997 0.6912665265625 0.0413792765625 0.7456684124999999 0.11181806718750001 0.7651378515625 0.11948481562499999 0.7994618453125 0.07325998125 0.7766121453125 0.044927918750000004 0.7741606171875001 0.05465261406250001 0.82930785 0.139362965625 0.8658999859375 0.16882510625 0.96628945 0.1676883890625 0.9757955828125 0.12737855625 1 0.5079163390625 1
5 0.080956925 0.6616455546875 0.06362018124999999 0.6062346125 0.0104844375 0.60208228125 0.0145383796875 0.622938 0.0212254015625 0.65426894375 0.07506591562500001 0.6637778046875 0.08114182187499999 0.6625967687500001 0.080956925 0.6616455546875
5 1 0.45610316093750003 0.9938798484375001 0.4254880359375 0.9355095406249999 0.45275152343749997 0.9272733265624999 0.441087940625 0.8877214453125 0.44744959375000004 0.9011925625 0.777771034375 0.7863736125 0.76029595625 0.6794302578125 0.8447534328125 0.67303871875 0.8579339078125001 0.678007703125 0.8834971171875001 0.68525011875 0.8900480578125001 0.69902798125 0.9658959921875001 0.7399088140625001 0.9579495640625 0.7414854875 0.938807440625 0.7824475921875 0.9496808625 0.977383025 0.911789253125 1 0.8782582078125 1 0.45610316093750003
14 0.922637309375 0.1981868421875 0.9066357249999999 0.201297234375 0.893870559375 0.22062449687500002 0.8964957578125 0.254602015625 0.9072164624999999 0.27904720156249996 0.8999014796875 0.29771299375 0.863898240625 0.3325668484375 0.864320359375 0.396154590625 0.8802233218750001 0.44214216562499997 0.9226864703125001 0.4369390109375 0.94013335 0.43354768125 0.9614575984375 0.42502536874999997 0.949389115625 0.37829244375000004 0.984133665625 0.3702302609375 0.9706280484375001 0.300749884375 0.941797146875 0.2829370296875 0.9464847187500001 0.266108409375 0.9427953703125 0.21642029218749997 0.922637309375 0.1981868421875
3 0 0.20491189531249998 0.055261678125000005 0.48185747343749996 0.0751442546875 0.47666623750000003 0.0848008109375 0.485400825 0.180662840625 0.46676713437500006 0.19642731093750002 0.45574410781249997 0.2048767984375 0.46338687187499994 0.21921649843750002 0.5269222171875 0.23228021718749997 0.5265715375 0.243352328125 0.5244193359375 0.3536366125 0.49681423125 0.3586078109375 0.486562753125 0.3526450296875 0.455886903125 0.35903656875 0.442706428125 0.3924101828125 0.44550442968750004 0.4029879703125 0.4845683921875 0.452836225 0.4748788734375 0.47122810625 0.46201867500000005 0.4187020078125 0.140615209375 0.4174971515625 0.1037086953125 0.4242095484375 0.0691478421875 0.42380493125 0.067066265625 0.41792590937499996 0.0598523703125 0.252691453125 0.038912534375 0 0.0916956046875 0 0.20491189531249998
5 0.20652498125 0.8526460453125001 0.20034671406250001 0.861805703125 0.20283120625 0.8745873078124999 0.22026024687499998 0.934802915625 0.2334054875 0.9322477390625 0.2425215796875 0.92523625625 0.2342172265625 0.867160028125 0.2504785953125 0.8586933234374999 0.26922445625 0.8630082203124999 0.273912028125 0.8461795999999999 0.290173396875 0.8377128953125 0.32716821875 0.8437863703125 0.3397335984375 0.8930756140625 0.345768946875 0.8985347328125 0.359402903125 0.8919051984375 0.349628296875 0.8400838 0.3260951875 0.7190164484375 0.1816822734375 0.6890153171875 0.1549075078125 0.6981580000000001 0.15577236875 0.7026073203125 0.1698907765625 0.7563035984375001 0.1911211296875 0.7734001015625 0.20652498125 0.8526460453125001
5 0.0988134578125 0.5556983359375 0.09935730312499999 0.54544525 0.190887953125 0.5250005859375 0.196710028125 0.5344805218750001 0.213198296875 0.5312755265625 0.1990548703125 0.45851390781249995 0.0840941578125 0.48739522031250004 0.0782720828125 0.477915284375 0.0590996765625 0.48164202187500005 0.07329645781250001 0.5597961421875 0.0815582953125 0.5590524 0.0988134578125 0.5556983359375
15 0.7339951250000001 0.4427226953125 0.7317235890625 0.431036659375 0.684979678125 0.43622460468749996 0.6852980984375 0.437862734375 0.6907932296875 0.45231410156249996 0.7199144078125 0.4492942453125 0.7345001765625 0.44645905937499997 0.7339951250000001 0.4427226953125
15 0.67939470625 0.414657625 0.7146220734375001 0.41052935 0.731166246875 0.4073134890625 0.734456015625 0.3877720515625 0.7341137078125 0.38601103281250004 0.72278328125 0.3717359359375 0.7060953671875 0.388244278125 0.6739288234374999 0.38653809687499996 0.66924169375 0.39620377812499996 0.6695540296875 0.397810609375 0.67939470625 0.414657625
15 0.7559444671875 0.41450149999999997 0.7604869062499999 0.44810634374999997 0.76602535625 0.45100914062499997 0.8603813671875 0.4426829171875 0.8766304765624999 0.43952441093749994 0.8726801359374999 0.41920166875 0.8711196093750001 0.413336984375 0.8592621875 0.39839793125 0.7786677281250001 0.40345227499999997 0.7575780828124999 0.4075516859375 0.7559444671875 0.41450149999999997