14 0.703170134375 0.23706840625 0.6909674390625 0.19451255 0.6686316921875 0.16976242187499999 0.6409115812499999 0.1722928078125 0.6268577015625 0.20476838125 0.6407719609375 0.2603790203125 0.65788924375 0.2988165296875 0.605098496875 0.36271806875 0.6427201734375 0.549898665625 0.6433873046875 0.5522252265625001 0.794967125 0.51823038125 0.804602475 0.5412040640625 0.8164733703125 0.61094619375 0.825694790625 0.621847559375 0.8196205437499999 0.6290075468749999 0.8258048421874999 0.64348890625 0.8354960406249999 0.6312281046875 0.8479348968749999 0.6424259859375 0.8591408265625 0.6392127375000001 0.83914319375 0.4809726875 0.8183820468749999 0.4085699625 0.7984214656249999 0.34250206875 0.7835955765625 0.3155985234375 0.72357256875 0.29759137343750003 0.7041080453124999 0.28285438749999997 0.6988074531249999 0.2572831765625 0.703170134375 0.23706840625
19 0.5301966640625 0.421784765625 0.5337856921874999 0.43430119375 0.5280974515625 0.47115074218749997 0.544661184375 0.58560214375 0.5338103281250001 0.6009045859375 0.3908750171875 0.616154053125 0.397226859375 0.524931959375 0.38908296875000004 0.47173036249999994 0.23005041249999997 0.5335868921875 0.22814502499999997 0.5517424906249999 0.24851953437500002 0.6298826984375 0.2959631859375 0.7811957125 0.2966436375 0.781000596875 0.40100642343750004 0.6904586421875 0.5980843218749999 0.6691659359375 0.5777377359375 0.573408484375 0.589168421875 0.5565852203125 0.562389509375 0.42068095625 0.5709210484375 0.4114617921875 0.607310675 0.40373634843749995 0.6045879640625 0.394241128125 0.5724125078125 0.3812338796875 0.51785599375 0.3752048046875 0.4629676765625 0.3963620015625 0.4256664203125 0.4327945390625 0.44413718593749996 0.4369800296875 0.5301966640625 0.421784765625
15 0.5442829828125 0.5828660250000001 0.5284370546875 0.47091790624999996 0.53376978125 0.43637145625 0.5295582390625 0.42168406718749996 0.39654642500000004 0.4396545515625 0.393820215625 0.617213578125 0.3940052921875 0.6178590171875 0.5279968046875 0.5992529249999999 0.540891465625 0.595555440625 0.5442829828125 0.5828660250000001
15 0.564246153125 0.4264472578125 0.591025065625 0.562351525 0.6327296078125 0.5529665984375 0.635170275 0.5522667484375 0.6398391359375 0.5483543156249999 0.6382934734375 0.5217063953125 0.6130602234375 0.4124500484375 0.6084495140625 0.4069993671875 0.57134208125 0.4122215234375 0.564246153125 0.4264472578125
19 1 0.5283333046875 0.9680724078124999 0.528126 0.85934538125 0.5457574078125 0.8446311890624999 0.44838489375 0.83557566875 0.423890390625 0.8260503703125 0.42255805625000004 0.8461210031249999 0.510267296875 0.861359178125 0.6413534765625 0.9514495374999999 0.6331297171875 0.9687606453125 0.6403568468749999 1 0.76494115625 1 0.5283333046875
15 1 0.44106694375 0.9745441859374999 0.3522919703125 0.8414131781249999 0.377109778125 0.8260895874999999 0.3909856421875 0.8467958984375 0.44193957812500007 0.8569552296875 0.4986269265625 0.8705393328125 0.48931352187500005 0.8591086453125 0.5061367828125001 0.8648231671875 0.5437803109375 1 0.5265327359375 1 0.44106694375
16 0.2510215921875 0.44020460781250004 0.2408343375 0.40113450312500004 0.27360701249999997 0.3985098734375 0.28724531875000003 0.4460723 0.28260668437500003 0.45823885937500003 0.2891093515625 0.5019550765624999 0.305932903125 0.4971310015625 0.2891227828125 0.4455339453125 0.295224953125 0.42075671562499994 0.3348159578125 0.4879684578125 0.338432909375 0.48286764375 0.3227512390625 0.44943670625000004 0.337053146875 0.44262658750000006 0.31684289374999997 0.44300355937499997 0.2952528765625 0.40313947343749995 0.2967164125 0.3905288015625 0.31982581250000003 0.38254773124999997 0.293983165625 0.384539765625 0.292189475 0.3322263921875 0.31110209375000003 0.33086695625 0.35287279531250004 0.48008163125000003 0.3590850171875 0.47694574687499997 0.34975354375 0.44440303437499995 0.367092575 0.43401292031249994 0.3487597859375 0.4338515375 0.3204894140625 0.3281751859375 0.3467739140625 0.32063822656249996 0.35853475625 0.3687390078125 0.341195725 0.37912912187500003 0.36140597812499997 0.37875215 0.3743264796875 0.4238112921875 0.370847503125 0.43293621250000003 0.3839339046875 0.464402215625 0.390284103125 0.465290440625 0.32965067812500004 0.22903608125 0.31993039375 0.1951374203125 0.2225606859375 0.181518 0.19064379375 0.19067002187499998 0.17951698437500002 0.197924253125 0.1848175765625 0.22349546406249998 0.244229540625 0.4448613109375 0.2510215921875 0.44020460781250004
7 0.6083076484375 0.34928638125 0.6320248015625001 0.3221672484375 0.62260364375 0.287008865625 0.5863570874999999 0.1606021 0.5122843078125 0.1844736 0.510820771875 0.197084271875 0.5554347734375 0.3739293328125 0.6025002421875 0.38445873124999996 0.6032530625 0.3842428640625 0.6083076484375 0.34928638125
4 0.512479640625 0.1856862453125 0.5900355046875 0.162092903125 0.6118456250000001 0.245239684375 0.6190516046875 0.2526552984375 0.6332155375 0.241821075 0.6243259171875 0.20373343593749998 0.635342675 0.17483785624999998 0.6545591703125 0.16390938906250002 0.6705726421875 0.170154053125 0.69506180625 0.2024140375 0.7131169984375 0.28663752656249997 0.7235367609375001 0.29286069375 0.7250507671875 0.2924265578125 0.6937099671875 0.14455573906250002 0.9002310343750001 0.08533677656250001 0.8785588890625 0.0062141 0.4939546703125 0.124624925 0.505991465625 0.18077391874999998 0.512479640625 0.1856862453125
6 0.9461774609375 0.2940382140625 0.9569541031250001 0.29094806093750003 0.9531959656250001 0.277841875 0.8007005749999999 0.3129964890625 0.7866464140625 0.3170264546875 0.7922896484375 0.326786559375 0.8158129765625001 0.33087780625 0.823322834375 0.3287243890625 0.8265258578125 0.31155125781250004 0.8462942578125 0.3167192125 0.9461774609375 0.2940382140625
18 0.852060825 0.29989464374999997 0.853539334375 0.2994706875 0.8585505859375001 0.29356369843749996 0.8581737374999999 0.29224947343749996 0.851296271875 0.28704240468750003 0.8413849703125 0.2560205125 0.8453879265625 0.28060925625 0.8400314874999999 0.29027253124999997 0.8421849031249999 0.29778238749999997 0.852060825 0.29989464374999997
21 1 0.7735532390625 0.97318033125 0.65931305 0.9691271218749999 0.6451778296875 0.951939559375 0.6359015015625 0.8222844734375 0.6514065953125 0.8311182453124999 0.72472871875 0.6261986890625 0.7753611171875 0.5981204984375 0.730584703125 0.592378053125 0.7105584171875 0.60524435 0.6987417265625 0.596768659375 0.672726403125 0.43304326406250004 0.6898736609375 0.42942631249999996 0.694974475 0.4359144875 0.6998868046875 0.4818014875 0.7111109375 0.506650375 0.69856740625 0.5321891453125 0.7061444031249999 0.5305876328125 0.71473096875 0.5435639828125 0.7245556265624999 0.545855375 0.7360895890625 0.4884818421875 0.776923203125 0.44187703593750005 0.7631957859375 0.427133275 0.7755508296875 0.3719969296875 0.771042575 0.37738129374999996 0.7437620578125 0.42870850625 0.6924711890624999 0.4002849125 0.6943905640625 0.39689664375 0.695362134375 0.24198212031250002 0.83135118125 0.2110310609375 0.8686719421875001 0.216359578125 0.8766259125 0.268182846875 0.8766659499999999 0.302894946875 1 0.3218348296875 1 0.2972827203125 0.9143766187500001 0.2965928390625 0.8942560921875 0.451206865625 0.8878488156250001 0.457695040625 0.8927611453125 0.47475647343749994 0.9664331374999999 0.472713109375 0.980564628125 0.47991908906249997 0.98798024375 0.4966782921875 0.9791109499999999 0.47221705312499995 0.929233721875 0.47829129843749996 0.9220737328125 0.4666405078125 0.8956142984375 0.4852771734375 0.8862066515624999 0.9247122171875001 0.8739834312499999 0.9475177406249999 0.8755713921874999 0.9563703046875001 0.886036703125 0.9667339 0.8830649890625001 0.9817260250000001 0.8779533328125 0.9788827265625001 0.8503229484375 1 0.8450414015625001 1 0.7735532390625
2 0.37048830625 0.7574555046875 0.377970240625 0.77291933125 0.42098601718750006 0.7741303203125 0.44655271093750004 0.764090075 0.48980482187499996 0.7743765546875 0.5015883859375 0.770997671875 0.5437015296875 0.737435546875 0.5395994953125001 0.72313005625 0.5270356453125 0.7152753921875 0.5316742796875 0.70310883125 0.5049758515625 0.6985734734375 0.4782494984375 0.711655359375 0.422699225 0.6950747859375 0.37048830625 0.7574555046875
9 0.62868908125 0.7751888328125001 0.7910122921875 0.731894334375 0.8314704421875 0.720293146875 0.8017229578125 0.531870578125 0.7949588296875 0.5189100375 0.5800721234374999 0.573755028125 0.609170353125 0.7035760140625 0.5937087859375 0.713427771875 0.62868908125 0.7751888328125001