5 0.11081536562500001 1 0.110640953125 0.990007903125 0.1266264265625 0.9545672703125 0.130804775 0.9701217171875 0.1492430140625 0.9632884687500001 0.1493001765625 0.8210783125000001 0.1475716 0.7220482578125 0.1455609078125 0.696384996875 0.11626849531250001 0.6968962984375 0.111590946875 0.7086984796875 0.1030949453125 0.445785878125 0.0980538046875 0.4367579015625 0.0804329078125 0.4344609109375 0.0709414640625 0.450253965625 0.0025470515625 0.44884323125 0.0030924390624999997 0.480088471875 0.0636300921875 0.4790317828125 0.0744842671875 0.4853537296875 0.07389416875 0.5075028203125 0.0006404125 0.5074791875 0.0011858 0.538724428125 0.0061360421875 0.542544865625 0.06272259218750001 0.5389525796875 0.0775278703125 0.547810125 0.0768923234375 0.56735544375 0.002639428125 0.5660469703125 0.002185678125 0.5960073671874999 0.0773922625 0.5959969140625 0.081980390625 0.690983390625 0.079164771875 0.697543946875 0.0039581875 0.6975544 0.00591249375 0.8095165109375 0.081119078125 0.80950605625 0.0847982265625 0.8524171328125 0.0822105921875 0.9279946359375 0.009002284374999999 0.930574775 0.008548534375 0.9605351734375001 0.0798494640625 0.96059289375 0.0832281859375 1 0.11081536562500001 1
21 0.11001899374999999 0.5766745546875 0.2369982328125 0.5770626875 0.2791430953125 0.58544301875 0.2794199671875 0.93672866875 0.2969969671875 0.9364218609374999 0.2984441265625 0.5720833015625 0.3105693921875 0.5393146109375 0.3106625078125 0.7125164500000001 0.31951840625 0.7162687140624999 0.3205145875 0.493561159375 0.33036899375 0.45099988125 0.33028892656250003 0.44641281250000003 0.28545385 0.44338416093750005 0.27582605937500004 0.45136590468750004 0.24458081874999998 0.45191129218750004 0.22677812656250002 0.43919922187499993 0.10370454375 0.43874291718749997 0.11001899374999999 0.5766745546875
5 0.11001899374999999 0.5766745546875 0.24285671562500002 0.576960428125 0.2791430953125 0.58544301875 0.2793293265625 0.9318466937500001 0.29222997500000003 0.9365050687500001 0.29309465 0.9364899765624999 0.298353228125 0.566875759375 0.3123858734375 0.5314692140624999 0.320061575 0.5795196578125 0.31683617656249996 0.5066481828125 0.330365728125 0.4508127359375 0.3302889953125 0.446416715625 0.2835010234375 0.44341824843750005 0.27582605937500004 0.45136590468750004 0.2426279921875 0.45194537968750004 0.23072923125 0.44173481875 0.10370454375 0.43874291718749997 0.11001899374999999 0.5766745546875
21 0.07077844531250001 0.440914653125 0.05388127031249999 0.43531505625 0.021727790625 0.4397831421875 0.0275727484375 0.447299465625 0.06386279375000001 0.44666602031249997 0.070806740625 0.442535646875 0.07077844531250001 0.440914653125
21 0.0617814734375 0.5409916781249999 0.000635390625 0.5407649734375 0.0007897734375 0.5496095234375 0.0015430296874999999 0.561833690625 0.07442962656249999 0.5605614515624999 0.0741944125 0.5470860640625 0.0617814734375 0.5409916781249999
21 0 0.48355061875 0.0012549781249999998 0.50558015 0.0718856671875 0.5043472875 0.0716538765625 0.49106806093750005 0.0712450578125 0.48443355937500004 0 0.48177585 0 0.48355061875
5 0.3501503078125 0.7885966921875001 0.35410090312500003 0.7474407484375 0.4185442109375 0.7463158859375 0.4576462109375 0.7482379203125 0.46123446250000005 0.78594145625 0.4644691234375 0.78660125 0.4728873953125 0.7864543078125 0.4618223421875 0.5957980703125 0.4784997265625 0.432129809375 0.47819515937499996 0.41468117031249996 0.45945825625000003 0.404403928125 0.44002309687499996 0.577946634375 0.33457040937500004 0.57978731875 0.338206328125 0.7880889203125 0.3414409890625 0.7887487140625 0.3501503078125 0.7885966921875001
7 0.6696776953125 0.650186590625 0.6761323015625 0.6500739249999999 0.6849063937500001 0.649139403125 0.6746877671875 0.6232721359375 0.6875350421875 0.2401770734375 0.687337228125 0.22045095781250001 0.685395421875 0.109204884375 0.6851513203125 0.10920914531249999 0.6649169765625 0.1194596765625 0.652519015625 0.136605746875 0.6449393859375 0.4857495390625 0.6367205125 0.5744481546875 0.6415351484375 0.62645538125 0.6696776953125 0.650186590625
4 1 0.5851657875 0.9988160015625 0.5173345671875 0.73038049375 0.44816796875 0.7334717640624999 0.6812224312499999 1 0.9174252703124999 1 0.5851657875
4 0.6940421437500001 0 0.656254228125 0.0400414765625 0.6538029390625 0.123430290625 0.6868192125 0.1124357359375 0.6831422796875 0.23751895781250001 0.697902109375 0.24377273281249998 0.72501445 0.23027666875000002 0.7358231749999999 0.233994846875 0.7307388031250001 0.3903573953125 0.8352366984374999 0.39257045156250003 0.8660565046875 0.3920324890625 0.8730679671875 0.3748502125 0.8747011734375001 0.24459353749999999 0.8316480703125 0.24013590625 0.9009507234375 0.2376239421875 0.9935707718750001 0.2168355171875 0.98978589375 0 0.6940421437500001 0
10 0.7300950765625001 0.252757975 0.7297096187500001 0.23067511093749998 0.6868461984375 0.2454778078125 0.6828511234375 0.3523346390625 0.6859636078125 0.3639212625 0.6885493 0.363876128125 0.7279479531249999 0.361965725 0.7300950765625001 0.252757975
13 0.722572321875 0.448484034375 0.721502915625 0.387217825 0.6859110375 0.3793542171875 0.6796897015625001 0.4146244171875 0.678011046875 0.542277321875 0.71522486875 0.5650037078125 0.7195443671875 0.5649283109375001 0.722572321875 0.448484034375
18 0.9739777249999999 0.3477594484375 0.945320859375 0.32872543125 0.927790859375 0.3316359828125 0.9231587609374999 0.3460419328125 0.9395532734375 0.33403523125 0.9681192421875 0.347861709375 0.9709356 0.39729925312500003 0.9574476031250001 0.40795293906249996 0.9664852968750001 0.42212028437500004 0.7954083671875 0.41338590937499997 0.9058037875 0.4335326234375 0.9924432796874999 0.43202032656249995 0.9987751250000001 0.425463509375 0.9782931593749999 0.42712330468750004 0.9752502968749999 0.42066501093750003 0.9868309140625 0.41264917968750003 0.9748867046875 0.3998348484375 0.9739777249999999 0.3477594484375
6 0.866267453125 0.39932158281249996 0.7323851453125 0.3951470984375 0.7289794296875 0.42385674375000004 0.7369270859375 0.43153170625000004 0.7401971953125 0.45100885156250003 0.9913226171874999 0.5133022640625 0.99874335625 0.513172734375 0.997352228125 0.4334750515625 0.8609089093750001 0.4280653140625 0.7991448734375 0.4148183109375 0.8645418703125 0.4123745203125 0.87130859375 0.4083495609375 0.866267453125 0.39932158281249996
16 0.3436031421875 0.4761633703125 0.369868671875 0.47570490468750004 0.36974141562499996 0.4684143484375 0.35753624375 0.46862739062500003 0.355937621875 0.46657164375000004 0.355156490625 0.466585278125 0.3536305875 0.4686955640625 0.35203196718749996 0.4666398171875 0.3414866984375 0.4668238859375 0.3399607953125 0.46893417031249995 0.3301966578125 0.4691046046875 0.327335590625 0.47306138906250006 0.32833472812500003 0.4743462328125 0.3420045203125 0.474107625 0.3436031421875 0.4761633703125
16 0.41891183906249996 0.47081177968750004 0.4169135625 0.46824209687499996 0.38957397656250004 0.4687193109375 0.38476008125 0.4727101828125 0.3897103234375 0.47653062031250004 0.397521634375 0.4763942734375 0.3990203421875 0.47832153593750004 0.44491178906249995 0.4775204984375 0.44488906406249995 0.47621861406250005 0.44039294218749997 0.47043682656249997 0.42672314843750003 0.4706754328125 0.42472487187499997 0.46810575 0.42281749375000005 0.47074360625 0.41891183906249996 0.47081177968750004
16 0.3119675859375 0.40958295156249996 0.394545440625 0.41276465 0.4511383984375 0.411776815625 0.4515675578125 0.4111832984375 0.451472115625 0.40571538125 0.450572890625 0.4045590234375 0.33526516875 0.40136260156250003 0.3332668921875 0.3987929171875 0.3117857890625 0.39916787187499997 0.30697189375 0.40315874375 0.3119675859375 0.40958295156249996
16 0.3416951265625 0.3444708828125 0.4613467546875 0.3475263703125 0.4926408140625 0.3469801296875 0.49253969062499997 0.3411867421875 0.49006456875 0.33927652343750003 0.3160811234375 0.3318951609375 0.30150309062499997 0.33605646718750004 0.3104044359375 0.3424125015625 0.3416951265625 0.3444708828125
16 0.495205871875 0.281300359375 0.49768546406249997 0.2778711453125 0.4976634390625 0.27660931875 0.48554604531249995 0.27066003437499997 0.30084477187499997 0.2647680359375 0.3058859125 0.2737960140625 0.323506809375 0.276093003125 0.47743515 0.2816105484375 0.495205871875 0.281300359375
16 0.4408675390625 0.21505110468750002 0.493593903125 0.21413076250000002 0.49650265468750004 0.21010803125000002 0.49648144531250005 0.2088929390625 0.4824104078125 0.2029310078125 0.3161928234375 0.1928095296875 0.2996619625 0.19700492187500002 0.304703103125 0.2060329 0.3340864140625 0.2107291390625 0.4408675390625 0.21505110468750002