16 0.2563100671875 0 0.04560956875 0.9147994609375001 0.072231003125 0.9230249875000001 0.080971646875 0.924723996875 0.11590543906249999 0.8807112484375 0.164320071875 0.672583640625 0.1871136859375 0.6730349078125 0.64043555625 0.7770692015625 0.6413590015625 0.782554515625 0.6300688296875 0.7843392921875 0.6318453640625 0.805907878125 0.62822415625 0.8091833484375 0.6251701984375 0.7993045421875 0.60997740625 0.8467566156249999 0.5801899109375 1 0.6432361828125 1 0.6568486984375 0.9434134390625 0.8334009140624999 0.10320056875000001 0.8420245515625 0.058835803124999995 0.77487954375 0.044470759375 0.7652955546875 0.07842207968750001 0.770550378125 0.082096421875 0.7505270953125 0.0981011 0.738526753125 0.098421378125 0.5138534109374999 0.036178948437500004 0.515746475 0 0.48171973437500004 0 0.470750675 0.0224948078125 0.3888435953125 0 0.2563100671875 0
2 0.322493065625 0.39778066875 0.33893136875 0.313212928125 0.2685416125 0.29046242499999997 0.1954953296875 0.6304268921875 0.2224113546875 0.6370516140625 0.2475203484375 0.6419323078125 0.28020568125 0.593834753125 0.322493065625 0.39778066875
2 0.40296096875 0.4423829578125 0.42373876250000003 0.33549047656250003 0.37124216875 0.316394434375 0.294858303125 0.65305723125 0.31921089375 0.659051028125 0.34655553125 0.6643662875 0.37062005781249996 0.5908494921874999 0.40296096875 0.4423829578125
2 0.49383375 0.3515686234375 0.44440666718750005 0.33817695937500003 0.37100419218749997 0.6595018328125 0.41558388125 0.6730088046875 0.41996410156249997 0.6738602328125001 0.4816266984375 0.4143684625 0.49383375 0.3515686234375
2 0.56089765625 0.43237323437499997 0.5726566156249999 0.3718786375 0.5120215 0.35370756875 0.443588009375 0.6494692343749999 0.4454371109375 0.6962545546875 0.447965053125 0.696812259375 0.49627985781249995 0.70620370625 0.56089765625 0.43237323437499997
2 0.6401294953125001 0.40144635781250004 0.6422400296874999 0.3905885953125 0.575796684375 0.3710784109375 0.5095370296875 0.647467853125 0.5076657671875 0.6570946656250001 0.5201375390625 0.7028824453125 0.568212553125 0.71222728125 0.6401294953125001 0.40144635781250004
2 0.575924225 0.68262093125 0.5934299421875 0.718720790625 0.646842521875 0.72910314375 0.6573717734375 0.7037585484375 0.730851759375 0.40148335625 0.7357469390625 0.3762998375 0.721755296875 0.3674160265625 0.64073429375 0.3543200484375 0.6336347953125 0.3754897625 0.6445709875000001 0.390880084375 0.6405958 0.41133065 0.575924225 0.68262093125
2 0.118799690625 0.9320770234375001 0.2027311734375 0.9483916515624999 0.2029035828125 0.9475046875 0.1912224515625 0.8432880718750001 0.15557761718750002 0.8628885000000001 0.12965969375 0.8631563812499999 0.08677465625 0.9251224390624999 0.118799690625 0.9320770234375001
2 0.3659878046875 0.8782579187499999 0.3207046421875 0.873232096875 0.308774653125 0.8629544171875001 0.2825201703125 0.9623093171875 0.3472058046875 0.9748829296875 0.3659878046875 0.8782579187499999
2 0.42452897343749996 0.9865305765624999 0.428851990625 0.964290584375 0.43063684062499996 0.8906213890625001 0.3848363390625 0.8856980359375 0.37290635 0.87542035625 0.3523853890625 0.9758897390625 0.42358987031249995 0.9897304890624999 0.42452897343749996 0.9865305765624999
2 0.4977551359375 1 0.4991323875 0.9957925140624999 0.500185996875 0.9903721687499999 0.49112039531249996 0.901383359375 0.48345143281249997 0.8998926640624999 0.48004349687500003 0.9071889531249999 0.43431334843749997 0.8916676421874999 0.42724769531250006 0.9936249875 0.46004429375000006 1 0.4977551359375 1
2 0.5703877390625001 1 0.5541551765625 0.9164216328125001 0.5445689734375 0.9145582640625 0.5411610390625 0.921854553125 0.49543089062499995 0.9063332421875 0.499824421875 1 0.5703877390625001 1