14 0.5149966734375 0.2944085515625 0.5210594390625001 0.3446507453125 0.4778070296875 0.3744093859375 0.4646602796875 0.3927117203125 0.45652037968750003 0.5362650906249999 0.41708012656250004 0.59117209375 0.414898909375 0.6536340203125001 0.48266183281249997 0.6831001953125 0.5736350328125 0.7026933015625 0.5878841515625 0.703190890625 0.5999960671875 0.6809437875000001 0.6304685796875 0.5694393375 0.635412675 0.42785897031250003 0.6240836062499999 0.3941096984375 0.5757863328124999 0.34447724687500003 0.5835973906249999 0.2551120765625 0.5673655546874999 0.22744540624999998 0.5518954890625001 0.22273597343749998 0.5264017671875 0.2364379359375 0.519573915625 0.2528763265625 0.5149966734375 0.2944085515625
19 0.9828443874999999 1 0.9902389218750001 0.788248225 0.9649633218749999 0.7957039953125 0.9433197703125 0.7886943765625001 0.9371115890624999 0.7426163109374999 0.9527650828124999 0.697301671875 0.8899776328125 0.6596708312499999 0.898803275 0.630794584375 0.9546587890625 0.5535301796875001 0.9550223265625 0.5431198578124999 0.8665957390625 0.523355109375 0.8533762812499999 0.5437395078125 0.8461121859375 0.572670284375 0.8383011281250001 0.6620354546875 0.8224675250000001 0.6677363421875 0.664352928125 0.6288612078125 0.6632276234375001 0.6163142921875 0.6875613453125 0.546287534375 0.690431625 0.508864909375 0.6457283859375 0.49062701249999996 0.6345067203125 0.49857355625000005 0.628620746875 0.5775829359375 0.5898315421875 0.7033891828125001 0.602867575 0.73302885625 0.5656432359375 0.7692518125000001 0.5640783703125 0.8588351031249999 0.5714498671875 0.8716001406249999 0.5989760765625001 0.8892382031249999 0.5787833531250001 0.9302251234375 0.5748486390624999 1 0.9828443874999999 1
15 0.93723716875 0.7837916109374999 0.9467886375000001 0.7923332796875 0.9602277125 0.7928025828124999 0.9902570984375 0.787727709375 0.9988018640625 0.498266253125 0.935211315625 0.573175940625 0.888797796875 0.6486854640625 0.8914119421875 0.663368975 0.9512944187500001 0.6946445625 0.9392729734374999 0.7254938125 0.93723716875 0.7837916109374999
15 0.331487896875 0.4006991453125 0.3184865609375 0.4148373515625 0.268911934375 0.5360977578125 0.38547624375 0.547594671875 0.4001094546875 0.548105675 0.4448992546875 0.421336384375 0.331487896875 0.4006991453125
15 0.85519850625 0.49155777343749996 0.7105561859375 0.4698299265625 0.6994072265625 0.47569440625 0.69250666875 0.4942148609375 0.6874931828124999 0.5482394703125 0.6612343765625 0.62862201875 0.83808755 0.66815151875 0.8477509859374999 0.5705126218750001 0.870523159375 0.500431334375 0.85519850625 0.49155777343749996
19 0.31168407343750004 0.43054943593750006 0.311686178125 0.43048913437499997 0.300983471875 0.4238674203125 0.1319000265625 0.430470515625 0.12109768437499999 0.607154275 0.2116096 0.610315021875 0.214295225 0.5334087734375 0.2690948265625 0.5311532109375 0.3079914328125 0.44704277968749995 0.31168407343750004 0.43054943593750006
21 0.5467118234375 1 0.564308896875 0.76269083125 0.6044382109375 0.7328231296875 0.60331290625 0.7202762140625001 0.40971894531249997 0.6676544921875001 0.41501994375000006 0.69493945 0.409244690625 0.726006821875 0.4010007046875 0.7382265546875 0.221858909375 0.719463165625 0.21426929062500003 0.712944321875 0.21572343593749999 0.6713030359375 0.1293293359375 0.682878309375 0.11422280625 0.66775855625 0.069446859375 0.6516027234374999 0.0683215546875 0.6390558078125 0.0813228921875 0.6249176015625 0.0672689578125 0.6244268265625 0 0.6414041484374999 0 0.7418152296875 0.1533655953125 0.8004554546874999 0.1445746484375 0.8731095796874999 0.15053001093750001 0.881655959375 0.1711209671875 0.8740365984375 0.1687629546875 0.807246953125 0.2753464625 0.8443225812499999 0.30665013281250003 0.8433311265625001 0.3931516359375 0.8734516671874999 0.5339851171875 0.78039333125 0.5449159531250001 0.7807750437500001 0.527950446875 0.9997173703125 0.536043896875 1 0.5467118234375 1
9 0.3915777109375 0.7416758390625 0.40900839062500005 0.7327735296875 0.4133361328125 0.5640717984375 0.407526184375 0.551361290625 0.2189423921875 0.5343527828125 0.21196912656250003 0.5549553031250001 0.2171560890625 0.7198200906250001 0.38045900625 0.741287565625 0.3915777109375 0.7416758390625
9 0.0766473359375 0.6244937515625 0.066841803125 0.636658953125 0.066405559375 0.6491513390625 0.0970548640625 0.6668984625000001 0.11118150468750002 0.6653071734375 0.1298851734375 0.6825068578125 0.1420522390625 0.6829317406250001 0.21424368437500002 0.668906184375 0.207090309375 0.649894953125 0.2106496484375 0.6375116296875001 0.1968865453125 0.628692596875 0.17651371093749998 0.630065765625 0.1523287203125 0.606290571875 0.14295943125 0.6059633890625 0.0766473359375 0.6244937515625
16 0.44090453281249997 0.17755888125 0.4320441953125 0.16265725 0.3935144421875 0.1467195390625 0.3347572703125 0.1279908671875 0.306649403125 0.12700931875000002 0.298623540625 0.132982859375 0.2824544625 0.37214759375 0.2927309328125 0.39126788437500004 0.308782659375 0.37932080468749996 0.3152973078125 0.4122505140625 0.3205196984375 0.412432884375 0.3449163890625 0.3743288125 0.360168334375 0.3852844390625 0.36409121093749997 0.3624907921875 0.3567924203125 0.347643690625 0.39710184375 0.3573897390625 0.40846892500000004 0.3452790671875 0.4225228578125 0.3457698421875 0.44090453281249997 0.17755888125
7 0.702467565625 0.2089720625 0.6542776953125 0.201035425 0.6260971203125 0.20213594218750003 0.613095784375 0.2162741484375 0.6045196421875 0.372319903125 0.6465707234375 0.421734234375 0.6459890640625 0.438390746875 0.6740242234375 0.4414543609375 0.6868801453125 0.4314802828125 0.702467565625 0.2089720625
4 1 0.150932378125 0.86868405 0.1501537703125 0.8595328828125 0.1435803953125 0.7705246375 0.140472159375 0.6233755734375 0.1457566171875 0.618216671875 0.203945353125 0.70090601875 0.2089175328125 0.6933130828125 0.2920365109375 0.699341153125 0.29850082499999997 0.7820304984375 0.30347300312500003 0.7897308375 0.262049840625 0.7943047625 0.310155440625 1 0.31733847656249997 1 0.150932378125
10 0.6896095546875001 0.3980916578125 0.7609678609375 0.4137426015625 0.76888895 0.41401921249999996 0.7804734953125 0.30328834531250004 0.694733759375 0.296125040625 0.6896095546875001 0.3980916578125
18 0.926499853125 0.41969682343750003 0.9154944468749999 0.374580396875 0.9092482546875 0.374362275 0.91022814375 0.3910733171875 0.8982794046875 0.4198405046875 0.9222676453125 0.42406567187500005 0.9263423203125001 0.4242079625 0.926499853125 0.41969682343750003