21 1 0.478169528125 0.9957595781249999 0.42970128125 0.9877952328124999 0.42830677812499995 0.6820106499999999 0.4111423453125 0.48378354218749997 0.4222110953125 0.47068242656250003 0.4338137515625 0.313652025 0.449643421875 0.24269921249999998 0.445394534375 0.2196364328125 0.43277322500000004 0.1546243046875 0.44264363281249997 0.08797800624999999 0.4338353890625 0.0414629546875 0.43999622031249996 0 0.43480467031250003 0 0.521830471875 0.007349884375 0.605840040625 1 0.5189944078125001 1 0.478169528125
5 0 0.41543097500000004 0.011926115625 0.40715911250000003 0.04468334375 0.415926034375 0.0546712296875 0.4150522078125 0.0642002765625 0.4130421734375 0.062488490625000004 0.37554869062499996 0.0460677609375 0.29542495625 0 0.2950709078125 0 0.41543097500000004
3 0.36074866875 0.19914274062499998 0.35753160156249997 0.21615452968749999 0.3897521328125 0.22588334531249998 0.478008615625 0.2307096515625 0.48446768125000006 0.2866094234375 0.5429680593749999 0.29194776093749997 0.5567940609375001 0.41412433125000003 0.5684373468749999 0.41872602031249995 0.576787615625 0.41799546562499995 0.614568140625 0.41116104218749994 0.6181483562500001 0.3983000671875 0.6010817687500001 0.0777343359375 0.504679365625 0.06943812187500001 0.37641816875 0.18104150624999998 0.36074866875 0.19914274062499998
5 0.474667128125 0.35386535937499997 0.47425129374999997 0.4208230640625 0.5030231781250001 0.42288055 0.532532840625 0.42029878906249996 0.56004335 0.415408521875 0.5458542 0.289081140625 0.539083259375 0.283399646875 0.4875353953125 0.2858182109375 0.480660496875 0.2968761421875 0.474667128125 0.35386535937499997
5 0.1758437546875 1 0.0874590359375 0.7326740421875 0.090857678125 0.7177376609375 0.134726728125 0.6992605765625 0.1417832015625 0.6902780500000001 0.14033060625 0.6736748046875001 0.1012878609375 0.60389540625 0.0805079328125 0.5994395406249999 0.007531459375000001 0.6079154453125 0.0325887359375 0.8943214203125001 0.048621384375 0.8803709984375001 0.05129372812500001 0.85713299375 0.06605535625 0.82865473125 0.071347359375 0.8532872375 0.1098717234375 0.8812861609375 0.1529764375 1 0.1758437546875 1
5 1 0.8711254703125 0.9122096125000001 0.8548771046875 0.8797035484375 0.8598123078125001 0.6501887125 0.961452615625 0.633066615625 0.9629506046874999 0.5950620437499999 0.8512545515625 0.572441440625 0.736121284375 0.5573693484375 0.6893402203125001 0.559393009375 0.6766154249999999 0.598955546875 0.6626976953125 0.6070238515625 0.6473527703124999 0.5760494109375001 0.5622284468750001 0.39823908124999996 0.5736022515625 0.3678342953125 0.5846274921875 0.3700644609375 0.6639014484375 0.3820497875 0.675400615625 0.40612439843750003 0.6816595265625 0.41032695468749997 0.6938395984375 0.3883258671875 0.8547025843749999 0.39076395 0.9004976890625 0.3813166546875 1 0.3976671421875 1 0.40030978125 0.99167935625 0.43486867343749996 0.6875098937499999 0.4825771296875 0.6770620703125 0.521672559375 0.675732953125 0.5336578859375 0.6872321218749999 0.5604810453125 0.8145454624999999 0.57171373125 0.8532972640625 0.586163484375 0.8750372796875 0.609718303125 0.9649933171875 0.607513065625 0.9756427078125001 0.5803850749999999 0.9933086671875 1 0.9565971187500001 1 0.8711254703125
11 0.6969952046875 0 0.6582807265625 0.0323420125 0.6059802234375 0.06201321093749999 0.600661878125 0.0729349609375 0.6175468921875 0.3914252859375 0.6229428515625 0.39931836718749997 0.69994030625 0.400947128125 0.710550653125 0.41465788124999997 0.7805955921875001 0.40852974375000006 0.821973875 0.41536607031250006 0.829575071875 0.4126097609375 0.8271106453125 0.40236891249999995 0.8559588765624999 0.3914798546875 0.858916753125 0.35357782968749996 0.8423756078125001 0 0.6969952046875 0
9 0.23767775000000002 0.44178197812500003 0.3103735515625 0.44914601875000004 0.47404104687500004 0.43482696875000004 0.48576869062499994 0.22976932187500002 0.3151187921875 0.2154211734375 0.30806231875 0.2244037015625 0.303156984375 0.4193229546875 0.236225153125 0.42517873125000005 0.23767775000000002 0.44178197812500003
2 0 0.4595040640625 0.10942749062499998 0.4459443140625 0.1456902390625 0.45100619374999995 0.159251728125 0.44981971718749997 0.1732462125 0.44036089843750004 0.1560465015625 0.423044059375 0.1629214 0.41198612656250005 0.1318942734375 0.3979703171875 0.11412349531249999 0.409981515625 0.07712934375 0.4174006671875 0.01167645 0.40430543124999996 0 0.4136567078125 0 0.4595040640625
3 0.5948957109374999 0.6882790859375 0.601925840625 0.7148508171875 0.6841889546875 0.7766663406250001 0.689325725 0.7636691843750001 0.6810245734375 0.7225696140625 0.672698490625 0.5915466968749999 0.6773944953125 0.555583896875 0.5850130734375 0.55739235 0.5717303828125 0.5669196015625 0.5994101406250001 0.6502408796875 0.5784222953125 0.6792638671875 0.5948957109374999 0.6882790859375
3 0.7164644046875 0.8049505640625 0.7253366234375 0.8167220937499999 0.7841169046875 0.8547123671874999 0.7920636859375 0.8540171140625 0.9685998453125 0.8184435234375 0.9310901359375 0.5331269937500001 0.7003569625 0.54913095 0.6944938953124999 0.5538264828125 0.70370291875 0.6053030828125 0.7164644046875 0.8049505640625