21 0 0.7760769328125 0.0630820875 0.7890945609375 0.0737220953125 0.7978045296875 0.0687399875 0.985244840625 0.1155864328125 0.9868807546875 0.12009096718750001 0.9474305953125001 0.11450245625 0.8388360718750001 0.122711746875 0.7828384609375 0.1563767453125 0.7589988296875 0.168723715625 0.7635992015624999 0.1755515671875 0.747160809375 0.20616617656249997 0.7211300546875 0.303674540625 0.659912421875 0.31525974375 0.6415555578125 0.32746461718750003 0.560682234375 0.3138469265625 0.5476990749999999 0.06777668125 0.520344684375 0.053431918749999995 0.5281821671875 0.0471477140625 0.5738239875 0.039741521875000005 0.5172810703125 0.0179525546875 0.51443558125 0.003462378125 0.5264371921875 0 0.558563303125 0 0.5912715578125 0.018312775 0.5936630828125 0.034582621875000004 0.575469809375 0.0391218515625 0.5797975281250001 0.0355625125 0.5921808515625 0.026193223437500003 0.59185366875 0.022706590625000002 0.6021549296875001 0 0.613608765625 0 0.7760769328125
6 0.8988792984374999 0.5390746984375 0.8415382609375 0.5245646859375 0.7950553515625 0.51251845 0.7830719171875 0.4975077578125 0.6364318046874999 0.48821776406249995 0.5695033546875 0.47962676249999997 0.5401974765625 0.46818036249999995 0.0775082796875 0.4207538515625 0.0290275796875 0.42114547187499995 0.0163897796875 0.42487335625 0.014537403125 0.43314708281250003 0.036108248437500004 0.442238765625 0.19197223593749999 0.4560200703125 0.2819603703125 0.47583935000000005 0.5030458453125 0.502321253125 0.627896990625 0.50876575625 0.8254865359375 0.536511765625 0.8361265437500001 0.5452217359375 0.8126306140624999 0.54648584375 0.8182951484375 0.563360478125 0.8437161625 0.55174058125 0.8702624812499999 0.5526675984375 0.9344660656249999 0.5945171 0.9402033078124999 0.6093096703125 0.9240061671875001 0.6254208796875 0.9304577765625 0.6385446578125 0.9351703046875001 0.638709221875 0.9646064203125 0.6268386718750001 0.9955465546875001 0.6362575374999999 0.99743694375 0.5821238671875 0.9634464203125 0.5705138765625 0.9544406671875001 0.559776371875 0.9519719375 0.540928734375 0.8988792984374999 0.5390746984375
5 0.1588979828125 0.4629429296875 0.14208448906249999 0.451932771875 0.09523804531249999 0.450296859375 0.07933173437499999 0.4580798125 0.065821446875 0.48679246562499995 0.0636055328125 0.5054765140625 0.07112244375 0.5140774234375 0.141246696875 0.520695421875 0.1622011890625 0.502665740625 0.17157047812499998 0.5029929234375 0.1838447421875 0.509675359375 0.186240765625 0.5306050640625 0.19234154375 0.5349873125 0.24041010937500001 0.5394019453125 0.267786009375 0.5403579328125 0.27517630312499997 0.5357953640625001 0.272745584375 0.47108778281249997 0.26203286875 0.4644598765625 0.1855897171875 0.45970581875 0.163146384375 0.47559890625 0.1588979828125 0.4629429296875
18 0.0195855828125 0.4229003515625 0.0175877921875 0.4353382078125 0.1952403 0.45652505625 0.21770788125 0.457309640625 0.23293602343750003 0.447027540625 0.268997046875 0.44411761250000004 0.266092071875 0.4377623578125 0.205409815625 0.42938947812499995 0.047838865625 0.4197177734375 0.0195855828125 0.4229003515625
5 0.1133277671875 0.78472565625 0.10911074531250001 0.9054853796875 0.0986891546875 0.9847272359374999 0.121995028125 0.9855410953125 0.1254879953125 0.928987921875 0.1318796015625 0.925041915625 0.1784352171875 0.9350060875 0.179629403125 0.98755373125 0.3732664578125 0.9943156875 0.369348959375 0.795750715625 0.38947229375000003 0.6672080375 0.3922351703125 0.5880895984375 0.3783993578125 0.5813526312499999 0.35127138125 0.5970821265625 0.35326917343750003 0.584644271875 0.3947419125 0.56107729375 0.397148225 0.5351472109375 0.3971864578125 0.534052378125 0.384828978125 0.53154668125 0.36089680468749996 0.5453031734375 0.32483578125 0.5482131015625 0.3124127875 0.6353326171875 0.3040960953125 0.6496344140625 0.1133277671875 0.78472565625
13 0.2708205 0.48144357187500003 0.2704189515625 0.5377138359375 0.2835737546875 0.5471630640625 0.3351048734375 0.5489625703125001 0.3575748203125 0.5490958 0.40387761875 0.521528284375 0.4002835828125 0.4901337296875 0.3941828046875 0.48575147812499997 0.275723265625 0.4753609703125 0.2708205 0.48144357187500003
20 0.4126524546875 0.46724416093750004 0.43261424374999996 0.4597331171875 0.4297092703125 0.4533778625 0.3050035390625 0.44276923281249997 0.2795825234375 0.45438913124999997 0.38013320781250004 0.4661085640625 0.4126524546875 0.46724416093750004
5 0.079633740625 0.27034578125 0.225619884375 0.287169621875 0.24152818593749997 0.2877251515625 0.268290240625 0.28527222343749997 0.2786113578125 0.0792569265625 0.2744356640625 0.0645188859375 0.0888295546875 0.051783568749999995 0.0839267875 0.0578661703125 0.079633740625 0.27034578125
5 0.5678509234375 0.48217481093750003 0.6827469859375 0.4938740453125 0.69264221875 0.49421959531250004 0.70160041875 0.457661003125 0.722201325 0.18112817187500002 0.5786116015625 0.17402930625 0.5710566781249999 0.21128834218749998 0.552598978125 0.4712191875 0.5678509234375 0.48217481093750003
4 0.9897712999999999 0.667324909375 0.9893003609375001 0.636039415625 0.960067190625 0.6225109515625 0.9330499328125 0.590298440625 0.8980068125 0.56405946875 0.86103860625 0.5481762890625 0.7555804046875 0.5236475734375 0.4114961609375 0.48244744375000004 0.399983665625 0.4987222421875 0.40818963750000004 0.5323624546875 0.386612159375 0.702546415625 0.4206026828125 0.71415640625 0.545163 0.7289291640625 0.5604876515625 0.7378027265625 0.5444328109375001 0.975277709375 0.9784880390625 0.9904352515625 0.986063228125 0.773510184375 0.5552593609375001 0.7084357046875 0.5436394640625 0.6830146906250001 0.553119471875 0.635399865625 0.5899075671875 0.6116692953125 0.981963559375 0.6670522578125 0.9897712999999999 0.667324909375
10 1 0.45872286874999996 0.9800831203125 0.45227245937499994 0.96697438125 0.42471485 0.8002522640624999 0.40846977031250004 0.79378795 0.414497840625 0.789245403125 0.4998079421875 0.7981784484375 0.5126275109375 0.8619110937500001 0.5231915171875 0.898729240625 0.53737571875 0.9277294093749999 0.5383884265625001 0.9630481890624999 0.5371463171874999 0.9963496515625 0.5237170078125 1 0.47997347343749996 1 0.45872286874999996
6 0.5416115203125 0.6515445375 0.5400846671874999 0.6952678859375 0.5535569421875 0.7124151750000001 0.7354582984375 0.7416979453125 0.7579363265625 0.7695827375000001 0.770719540625 0.7616907234375 0.8128086343750001 0.7652451109375 0.8287876515624999 0.75538009375 0.9906797109375001 0.7756257109375 0.9945331968750001 0.665276309375 0.9449271906250001 0.6531210125 0.5758581781250001 0.6110483921875 0.54695053125 0.6329695515625 0.5416115203125 0.6515445375