3 0.0967859765625 0 0.0836488578125 0.09032752499999999 0.0648289953125 0.0941663234375 0.007316173437499999 0.0764932296875 0.006661709375 0.11398751874999999 0.018905290625 0.128786784375 0.095274334375 0.14053806562499999 0.0919656484375 0.3300925234375 0.0028803546875 0.330621184375 0.002625840625 0.34520229687500004 0.11645281249999999 0.359691059375 0.1133259234375 0.5388304359375 0 0.5430579203125 0 0.5870727453125 0.013994435937499999 0.5891878671875 0.0158827484375 0.66006495 0.0296885921875 0.6748914859374999 0.0340845046875 0.6916374234375 0.0323756234375 0.789539178125 0 0.7964534640625 0 0.819217215625 0.099334734375 0.8032098578125 0.047889165625 0.7960609187500001 0.0497446671875 0.6002301421875 0.046947375 0.581428459375 0.034485639062500004 0.5791272890625 0.0829884796875 0.57580660625 0.1015901875 0.5844659046875 0.0969373953125 0.761494996875 0.12342313125 0.766124609375 0.16109921562500001 0.75636399375 0.1642261046875 0.5772246140624999 0.156669309375 0.5625071562499999 0.1633206734375 0.360509140625 0.25233325 0.3641465109375 0.271189471875 0.3582246953125 0.276130771875 0.3437253921875 0.279548534375 0.147921884375 0.2339520625 0.1637952 0.2292629109375 0.3429073109375 0.13556354843750001 0.3391881296875 0.1391267484375 0.135052559375 0.140834446875 0.1267477640625 0.1922436578125 0.13597971874999998 0.27824078750000003 0.133313503125 0.282083471875 0 0.16336243125 0 0.16165288125 0.09794004218749999 0.1583465625 0.10830058281249999 0.1427239421875 0.10802788906250001 0.114712303125 0.1012879921875 0.11501932968749999 0 0.0967859765625 0
2 0.0157553484375 0 0.00723209375 0.08131020312500001 0.07655050937499999 0.09411046875 0.0821579109375 0.0942083453125 0.0982650015625 0 0.0157553484375 0
3 0.6364786671875 0.5555153359375 0.63512825625 0.5475478484375 0.6024661906250001 0.538643125 0.6129317203125 0.3867193015625 0.6426510578125 0.3851544046875 0.645884659375 0.3789598953125 0.5960377125 0.3697552125 0.6051591359375 0.20530602187500002 0.3900032859375 0.17654665625 0.3831361328125 0.21184885000000003 0.375976921875 0.35341213437499996 0.041943721875 0.3309123546875 0.002887171875 0.3302306203125 0.0026326578125 0.3448117328125 0.5021201953125 0.378534128125 0.501138496875 0.43477556249999993 0.5508763671875 0.4502292921875 0.5491674859375 0.5481310484375 0.558951415625 0.55416209375 0.6364786671875 0.5555153359375
2 0.4733887765625 0.36826550625 0.48517392031249995 0.3645643703125 0.48128821874999994 0.2290592515625 0.4111318640625 0.2195000640625 0.406372359375 0.2235842890625 0.40549973906250003 0.2735766734375 0.4086230796875 0.3632281703125 0.44468223125 0.36776443125 0.4733887765625 0.36826550625
3 0.3786843125 0.6459518531249999 0.40836729062500005 0.646469971875 0.4284221828125 0.6614055859375 0.43481548437499995 0.7427795578125 0.4394295515625 0.7470273984375 0.621124615625 0.7231114375 0.62279595625 0.716889659375 0.6057928703125001 0.7061746171875 0.5838484828125 0.7099588765625 0.5342560484375001 0.68617308125 0.443499415625 0.6929235203124999 0.441502025 0.6282954843749999 0.4472795875 0.5658868125 0.5317144546875 0.5631933265625 0.5584910640625 0.5511588093750001 0.500723728125 0.5480668265624999 0.44786133437500003 0.5325585546875 0.304060509375 0.534215803125 0.30540698125 0.3675472515625 0.25548731562500004 0.3625086 0.2462931734375 0.5311238203124999 0.20233168125 0.5428583734375 0.2160284484375 0.5639339578125 0.203457634375 0.5678818359375 0.197424375 0.734468578125 0.167850475 0.7277014125 0.15796787343750002 0.7567000203124999 0.11723998437500001 0.762240065625 0.09852919843749999 0.7598298171875 0.095804625 0.7368621015625 0.0504263078125 0.740237321875 0.04943779375 0.7968693203125 0.0616831671875 0.7970830640625 0.3062373296875 0.7676226765624999 0.306419125 0.757207596875 0.2878901359375 0.74438226875 0.28836280468750003 0.717303059375 0.3355578984375 0.6993739953125 0.34406121562499997 0.57033608125 0.37686871875 0.5709087375 0.3786843125 0.6459518531249999
2 0.5524658984374999 0.4486943015625 0.47762275781249997 0.43905330625000005 0.47119073125 0.5389562671875 0.492593146875 0.548315590625 0.5303999109374999 0.5489755109375001 0.546033871875 0.5485972625 0.5524658984374999 0.4486943015625
2 0.4315489796875 0.6613299359375 0.396869753125 0.6404090140625 0.3927167453125 0.6403365234375 0.356814915625 0.64543989375 0.355869578125 0.699598309375 0.2900364171875 0.7109510921875 0.2878924078125 0.7442520796875 0.31333912812500003 0.760844546875 0.3309243359375 0.7611514968749999 0.43638001875 0.7426766390624999 0.4315489796875 0.6613299359375
2 0 0.8001872484374999 0.029178381250000003 0.7936506718749999 0.0358637390625 0.7687635562499999 0.029652232812500002 0.6769745046875 0.022059078125 0.6643400625 0.006545534375 0.6578183203125 0 0.6605916781250001 0 0.8001872484374999
5 0.99134863125 1 0.9939586703125001 0.8504710203125001 0.9595525453124999 0.851954109375 0.9580993609374999 0.8456777921875 0.96296794375 0.835344521875 0.9944676984375 0.8213087953124999 0.9969764812499999 0.6775806890625 0.917192040625 0.6824389984375 0.8592828171875 0.418888203125 0.8195014484375 0.280672871875 0.8044969343749999 0.2449889046875 0.78157203125 0.215417640625 0.7599185187499999 0.2025377734375 0.7427336359375001 0.20223781093749998 0.7142856875 0.22049410625000002 0.69343089375 0.25138484375000003 0.688307796875 0.27629922812499996 0.673883846875 0.2968839640625 0.666762178125 0.3467672703125 0.7290673156249999 0.627064003125 0.8246514421875 0.9704511437500001 0.8357910937499999 1 0.99134863125 1
21 0.9174144468750001 0.6776244390625 0.9313853015625 0.6778683015625 0.9438686625000001 0.6761327765625 0.9553874265625 0.553398446875 0.9880131328124999 0.564386184375 0.98932088125 0.578994565625 0.998585375 0.5854072296874999 0.9999306656250001 0.5083356375 0.9811835203125 0.5080084046875 0.9202189421875 0.5090279140625 0.9154230796875 0.5151951546875 0.9168035453125001 0.5256375046875 0.9292289234375 0.5300216921875001 0.9174144468750001 0.6776244390625
3 0.4150089421875 0 0.430322228125 0.0153768125 0.4297029390625 0.14038504375 0.4342806484375 0.1467159 0.46236500625000004 0.1492897640625 0.47188401406249997 0.1411213171875 0.4800964578125 0.028747528124999998 0.5516696375000001 0.046666046875 0.5462908453125 0.17575850312500002 0.262686340625 0.12913515312499999 0.24397555468749998 0.12672490625 0.231332021875 0.1348388140625 0.1472243875 0.11878515625 0.139304 0.12489785625000001 0.13897676718750002 0.14364500156249999 0.230859353125 0.1619180234375 0.2889175625 0.148345878125 0.6207340343750001 0.20831267343749998 0.6567024203125 0.20685685468749998 0.624113071875 0.1937861015625 0.6229871203124999 0.1687626390625 0.6333072140625 0.025170879687499998 0.6628811156250001 0.031938046875 0.6676406187499999 0.027853821875 0.6646978906250001 0.017384203125 0.63352536875 0.012672784375000001 0.6318540296874999 0.0188945625 0.6193559328125 0.0186764078125 0.5665298984375 0.0010851203125 0.5043634031249999 0 0.4150089421875 0
3 0.3273020828125 0 0.31878688125 0.1381885390625 0.36926967187500004 0.14453930312500002 0.376690415625 0.1446688328125 0.38650953593750004 0.1081158828125 0.3868015921875 0.0018547968750000001 0.3656614078125 0 0.3273020828125 0