21 0.3916028078125 0.5180338546875001 0.3837903078125 0.48938802031249995 0.3408215578125 0.4841796875 0.0009778078125 0.5336588546875001 0.000006915625 0.990625 0.027383054687500002 0.990625 0.032227807812499995 0.6508463546875001 0.2509778078125 0.7029296875 0.2500012453125 0.5505859375 0.2685559328125 0.5440755203125 0.3173840578125 0.5492838546875001 0.3203137453125 0.5766276046875001 0.3369153078125 0.5883463546875001 0.67675905625 0.6456380203125 0.68164186875 0.6208984375 0.6953125 0.6052748593749999 0.6953125 0.6052714781249999 0.67382936875 0.5714192703125 0.66601686875 0.5245442703125 0.44043093125 0.4945963546875 0.43066530625 0.4945963546875 0.42285280625 0.5180338546875001 0.3916028078125 0.5180338546875001
5 0.317919921875 0.582421875 0.317919921875 0.5537760421875 0.305224609375 0.547265625 0.262255859375 0.547265625 0.249560546875 0.5563802078125 0.257373046875 0.816796875 0.2700044265625 0.996875 0.2844238203125 0.996875 0.331591796875 0.9938802078125001 0.328662109375 0.9014322921875 0.6246634828125 0.996875 0.7061035015625 0.996875 0.739794921875 0.996484375 0.747607421875 0.9365885421875 0.7484375 0.8469401046874999 0.7484375 0.6198823484375 0.695849609375 0.6123697921875 0.683154296875 0.621484375 0.681201171875 0.644921875 0.670458984375 0.6462239578125 0.326708984375 0.586328125 0.317919921875 0.582421875
5 0.11171875 0.785807290625 0.1185546875 0.797526040625 0.1126953125 0.8860677078125001 0.070703125 0.9108072921874999 0.03359375 0.900390625 0.0306640625 0.9251302078125001 0.117578125 0.962890625 0.1230398984375 0.996875 0.1459423828125 0.996875 0.1498046875 0.8938802078125001 0.1859375 0.8717447921874999 0.238671875 0.8873697921874999 0.2396484375 0.9459635421874999 0.254296875 0.9498697921874999 0.25234375 0.9368489578125001 0.259375 0.9420572921874999 0.259375 0.872265625 0.2552734375 0.7063802078125 0.129296875 0.673828125 0.03359375 0.699869790625 0.0306640625 0.758463540625 0.035546875 0.7649739578125 0.11171875 0.785807290625
3 0.0009765625 0 0 0.4075520828125 0.0166015625 0.421875 0.0322265625 0.421875 0.0947265625 0.4192708328125 0.1103515625 0.4166666671875 0.1162109375 0.40625 0.1376953125 0.40625 0.14453125 0.4986979171875 0.1494140625 0.5078125 0.171875 0.5065104171875 0.279296875 0.4856770828125 0.287109375 0.1080729171875 0.3046875 0.0221354171875 0.2626953125 0 0.0009765625 0
5 0 0.5296875 0.0065917984375 0.5296875 0.01728515625 0.5249348953124999 0.01826171875 0.5001953125 0.11396484375 0.4923828125 0.11787109375 0.5106119796875 0.140625 0.5106119796875 0.140625 0.48782552187499995 0.13837890625 0.41295572968750005 0.11787109375 0.4064453125 0.11201171875 0.4194661453125 0.01435546875 0.42467447968750005 0.00849609375 0.4116536453125 0.00068359375 0.4116536453125 0 0.4945963546875 0 0.5296875
21 0.32275390625 0.6633463546875 0.32958984375 0.7089192703125 0.6700998078125 0.784375 0.6763834640625 0.784375 0.6796875 0.7447265625 0.6796875 0.7380301328125001 0.67333984375 0.7271484375 0.50341796875 0.6958984375 0.49951171875 0.6880859375 0.36474609375 0.6672526046875 0.34912109375 0.6568359375 0.32275390625 0.6633463546875
21 0.753125 0.8201171875 0.9865563703125 0.8734375 0.99825049375 0.8734375 0.9984375 0.8133463546874999 0.9984375 0.56220388125 0.878125 0.5466796875 0.8595703125 0.6000651046875001 0.83515625 0.6248046875 0.794140625 0.6456380203125 0.7560546875 0.6469401046875001 0.753125 0.8201171875
14 0.81416015625 0.3001953125 0.81220703125 0.3288411453125 0.81806640625 0.3548828125 0.80341796875 0.3718098953125 0.76923828125 0.3887369796875 0.75751953125 0.45384114531249997 0.78193359375 0.45774739531249997 0.78388671875 0.44733072968750004 0.80146484375 0.44993489531249997 0.80146484375 0.5046223953125 0.8478027359375 0.509375 0.8721923828125 0.509375 0.88642578125 0.5059244796875 0.88642578125 0.46686197968750004 0.89375 0.457096353125 0.89375 0.403524925 0.88935546875 0.3926432296875 0.84736328125 0.3626953125 0.85712890625 0.3001953125 0.84638671875 0.2832682296875 0.83076171875 0.2806640625 0.81416015625 0.3001953125
19 0.43505859375 0.48522135468750005 0.43994140625 0.4943359390625 0.5951660015625 0.5109375 0.621875 0.5109375 0.621875 0.49733072968750003 0.61767578125 0.49173177187499995 0.53564453125 0.48131510468750005 0.52001953125 0.4630859390625 0.44580078125 0.47350260468750005 0.43505859375 0.48522135468750005
15 0.5606223515625001 0.48125 0.5880589265625 0.48125 0.5454693734375 0.42194010468750004 0.5142193734375 0.4115234375 0.5054303109375 0.4154296875 0.5112896859375 0.444075521875 0.5298443734375 0.479231771875 0.5606223515625001 0.48125
15 0.625 0.4875 0.625 0.46816630625 0.5989038578125 0.409375 0.59837890625 0.409375 0.58701171875 0.42200520781249995 0.56064453125 0.41809895781249995 0.55869140625 0.436328125 0.59091796875 0.48450520781249995 0.6171224 0.4875 0.625 0.4875
19 1 0.520247396875 0.99951171875 0.4818359375 0.86962890625 0.514388021875 0.87841796875 0.5469401046875 0.9916720874999999 0.5578125 1 0.5578125 1 0.520247396875
4 0.9984375 0.259365553125 0.9984375 0.16154130625000002 0.7498046875 0.17064159375000001 0.7458984375 0.24876659375000001 0.75078125 0.2552770109375 0.950313521875 0.2609375 0.9866478890625 0.2609375 0.9984375 0.259365553125