8 0 0.5082873625000001 0.009881990625 0.509288403125 0.015225265625000001 0.588289996875 0.0420222859375 0.58869038125 0.05807425468750001 0.5872860156249999 0.06192189218750001 0.584204571875 0.0520905296875 0.5076869265624999 0.08093876093749999 0.49679786718749996 0.073208675 0.42637025624999997 0 0.427138578125 0 0.5082873625000001
12 0.0225907921875 0.7800444 0.1126893609375 0.77007050625 0.12986273125 0.8229416031250001 0.1372514671875 0.8250399937499999 0.1409374765625 0.824717509375 0.136296865625 0.7889180296875 0.140784953125 0.78643408125 0.1398258078125 0.7216879640625 0.1262077234375 0.5660325421875 0.06238899999999999 0.5716159578125 0.0543206953125 0.5869608828125 0.020076503125 0.5899568609375 0.012579265624999999 0.57597374375 0.0063530484375 0.5765184671875 0.0225907921875 0.7800444
8 0.8378762234374999 0.4537093296875 0.8641560703125 0.44931884999999994 0.8590719859375 0.39120749374999997 0.7855507890625 0.39345718125 0.7859652109375 0.45197708125 0.8065635640625001 0.4543575421875 0.8071595609375001 0.514952846875 0.8405734984375 0.520394671875 0.8378762234374999 0.4537093296875
1 1 0.6193649890625 0.9724384296874999 0.611331259375 0.9316048703125 0.6107211515625 0.8961936156249999 0.582449865625 0.8593034218750001 0.573129590625 0.8060174296874999 0.573608928125 0.7635497 0.5543201671875 0.5890340546874999 0.5674970171875 0.543997940625 0.5547068359375 0.511128728125 0.555491228125 0.49390267187500003 0.57372864375 0.40709878593750004 0.58550558125 0.312330553125 0.5958880203125 0.2738838046875 0.5867039265625 0.245865828125 0.58915518125 0.20023230625 0.641247296875 0.1666617265625 0.7236534140625001 0.15802235625 0.768326378125 0.19125471875 0.771692796875 0.20168349062500002 0.7833281453125001 0.20544386874999998 0.8980201781250001 0.2191146390625 0.9825670859375 0.225787453125 1 0.5218304687499999 1 0.932716425 0.9640521375000001 0.9973654046875 0.9500309187499999 1 0.94888891875 1 0.6193649890625
12 0.743384409375 0.5389619546875 0.773762853125 0.5634909718750001 0.806164959375 0.5752951937499999 0.8563378421875001 0.57508821875 0.8885583734375 0.5848170359375 0.9046661140625 0.597916125 0.91438241875 0.5970660578125 0.9207789046875 0.594545853125 0.922828909375 0.5462667999999999 0.9171737578125001 0.5174834828125 0.74294364375 0.5159963125 0.7388187046875 0.522631071875 0.743384409375 0.5389619546875
2 0.8913366390625 0.514385003125 0.8801473828124999 0.506606653125 0.8439834875000001 0.505588003125 0.8447097859375001 0.513889625 0.85752536875 0.5169509890625 0.8642720546874999 0.5167528484374999 0.8913366390625 0.514385003125
15 0.2676853421875 0.42621678906250005 0.279514025 0.5255638968749999 0.2884638578125 0.5561502578125 0.2831455140625 0.5670720109375 0.28651781249999997 0.587689884375 0.300708375 0.5885396625 0.3062859109375 0.5985081484375 0.32807766875 0.5966016171875 0.48941458437499996 0.5762125921875 0.5028788484375 0.568760746875 0.4949408453125 0.5318119890624999 0.5138800984375 0.42559045156249997 0.42121314375 0.4420629265625 0.2676853421875 0.42621678906250005
15 0.21106839375000003 0.6225232875 0.2121291734375 0.62243048125 0.243093171875 0.5933189296875 0.287506946875 0.5810680625 0.295756825 0.56779854375 0.2890385703125 0.49100853593749993 0.28208605625 0.4832516359375 0.2692192 0.425821184375 0.3259814484375 0.4292202953125 0.3537138921875 0.4414330609375 0.4464584625 0.44377541875000004 0.4421006765625 0.3939656828125 0.297341134375 0.40663050156249997 0.2097333328125 0.3912909875 0.196191453125 0.3799280015625 0.21398575000000003 0.5833177515625 0.2082002984375 0.6068281171875001 0.21106839375000003 0.6225232875
15 0.513654953125 0.405089353125 0.51391414375 0.425979590625 0.5368466234375 0.49089458124999996 0.545225390625 0.5508089828125 0.5845094171875 0.569461340625 0.7462512515624999 0.5553107640625 0.7339579421875 0.5029276546875 0.7406263359375 0.39987097031249996 0.668739309375 0.420799309375 0.6125217828125 0.4236264140625 0.53342305 0.4159076171875 0.513654953125 0.405089353125
15 0.469596625 0.38554763593749997 0.4829305890625 0.430389475 0.5166300578125 0.4211672796875 0.5117012046875 0.400685584375 0.469596625 0.38554763593749997
15 0.570769003125 0.41250956250000004 0.600161959375 0.40784672187500004 0.636040321875 0.42352939375 0.65935295625 0.4233196828125 0.6919238390625 0.4204701 0.700870875 0.41158358125000005 0.70390636875 0.3924963875 0.6964091296875 0.378513271875 0.667924046875 0.393553140625 0.533878809375 0.40318928906249996 0.570769003125 0.41250956250000004
15 0.542751028125 0.41496081875 0.5713137265625 0.41873577968750003 0.5814833078125 0.4094808921875 0.60872053125 0.421475571875 0.669898665625 0.41612317968749996 0.6773409874999999 0.41155088749999996 0.670570046875 0.40586939375000003 0.6710371546875 0.3932807796875 0.6013553640625 0.40355972968750004 0.5381853234375 0.398629934375 0.542751028125 0.41496081875
15 0.51180010625 0.5452374437499999 0.5306246453125001 0.5475116828125 0.54302843125 0.5464264921875001 0.545862725 0.540166059375 0.5382102546875001 0.48855328125 0.5254210140625 0.449937659375 0.5114120265625 0.4511632859375 0.501189759375 0.5315266890625 0.51180010625 0.5452374437499999