21 0.6387176359375 0.74761675625 0.8155804765625 0.7632824609375 0.8224464484375 0.708987696875 0.63766321875 0.687209290625 0.64213185 0.6746293875 0.639660609375 0.6225812562499999 0.6173711 0.6214075828125 0.609680684375 0.62154181875 0.5661627578124999 0.70929384375 0.56787045625 0.7175986390625 0.5961002515625 0.7233568375 0.5953390734374999 0.85880741875 0.6282102078125 0.8618800390624999 0.63291145625 0.861797978125 0.634067209375 0.7497815796875 0.6387176359375 0.74761675625
9 0.7946762374999999 0.7027005625 0.8243648015625 0.702182346875 0.82966919375 0.675132528125 0.780693684375 0.6447326375 0.7721176484375001 0.511528690625 0.636128134375 0.50973509375 0.641906878125 0.661740725 0.64837408125 0.67412974375 0.6862683203125 0.69638845625 0.7946762374999999 0.7027005625
4 1 0.5494224890625 0.842969371875 0.5418071859375 0.8099437140625 0.529881746875 0.775537590625 0.52839865625 0.7769555984375 0.60963628125 0.78364095625 0.6345233968749999 0.989062796875 0.6524253921875001 1 0.6522344828125 1 0.5494224890625
4 0.64111379375 0.6163049390625 0.6365349015625 0.5330388359375 0.6097582921875 0.5210043203125 0.6052884796875 0.44398726406250005 0.4730265125 0.43639856562499996 0.46474653125 0.43654309375 0.43968870468750004 0.44687781875 0.4382015265625 0.6302650390625 0.4431064671875 0.6426813265625 0.4887029390625 0.6585546421874999 0.5787420765625 0.6689639953125 0.5829364046875 0.6688907828125 0.608379009375 0.621043628125 0.64111379375 0.6163049390625
15 0 0.5043634 0.0026667437499999997 0.6571410953125 0.1628636953125 0.654344846875 0.165062459375 0.64974848125 0.0834952359375 0.45322542656250003 0.0755021296875 0.44294669531249997 0.061441771874999995 0.44319211875000003 0.049198189062499995 0.4579913859375 0 0.48158809375 0 0.5043634
15 0.47209525937499996 0.6919224875000001 0.316849571875 0.6612938984375 0.19630088125 0.6488125296875 0.00254403125 0.6501109171875 0.0049073781249999995 0.7855069593749999 0.038369346875 0.822428590625 0.49537611562499995 0.8845142609375 0.5004826546875 0.8844251265624999 0.502432703125 0.7288986578125 0.489498296875 0.7041206203125 0.47209525937499996 0.6919224875000001
4 0.9367401765625001 0.27359334999999996 0.9946976859375001 0.2698630515625 0.99420870625 0.1638535640625 0.989611265625 0.14121566562500001 0.9919292562500001 0.0332640015625 0.7168939937500001 0.033643650000000004 0.4435344984375 0.040498807812499996 0.4391022265625 0.055161728125 0.439576078125 0.1718378953125 0.464899503125 0.19014872968750002 0.9353948875 0.1965217578125 0.9367401765625001 0.27359334999999996
19 0.342830825 0.6277624390625001 0.2865621078125 0.627181875 0.2665130953125 0.6275318328124999 0.236778803125 0.6400318375 0.22914928906249998 0.6505832640625 0.45990962968750004 0.6897910796875 0.464633609375 0.689708621875 0.47823977500000003 0.6858247375000001 0.473043959375 0.6567443203125001 0.450917778125 0.6425449796875 0.342830825 0.6277624390625001
19 1 0.8751964890625 0.8194674546874999 0.896438028125 0.7382298281249999 0.8978560359375001 0.6988096859375 0.8777076109375 0.5028724687499999 0.8436219953125 0.5020010312500001 0.8832265687499999 0.48329024531250003 0.8856368171875 0.050869715625 0.8223406234375 0.0335757546875 0.8163915390625001 0.004909651562500001 0.785637146875 0.008651368750000001 1 0.414834253125 1 1 0.98978589375 1 0.8751964890625
15 1 0.67004574375 0.8842052015625 0.665976225 0.840716378125 0.6813208796875 0.8254209906250001 0.7003407171875 0.8095086796875 0.7735462421875 0.7975207953125001 0.8925235812500001 0.8290567515625 0.8974427 0.8427544703125 0.8972036062500001 1 0.88109296875 1 0.67004574375
21 1 0.6512219875 0.78211278125 0.6365034953125 0.7823309359375 0.649001590625 0.8280728453125 0.673206971875 0.8312066078125 0.6848728046875 0.8339126734375 0.6848255703125 0.878028871875 0.670251334375 0.8870752109375 0.6513405734375 1 0.66763546875 1 0.6512219875