3 0.587468125 0.094617125 0.5982882421875 0.0462934046875 0.5165787875000001 0.0345545390625 0.1343250109375 0.0124648796875 0.13192898749999998 0.033394582812500004 0.1408273375 0.06435289375 0.1492927609375 0.1724566421875 0.15968990156250001 0.470191825 0.16629963125 0.48038402500000005 0.21819425781250001 0.4889948421875 0.21576353906249998 0.5537024234375 0.244162234375 0.56104913125 0.2560382671875 0.5877342546875 0.2874873515625 0.5928898375 0.58737730625 0.5845020515625 0.5916257078125 0.5718460750000001 0.581927578125 0.5179850578125 0.582786796875 0.1844185390625 0.587468125 0.094617125
4 0.7527822109375 0 0.72881755625 0.023364653125000003 0.72907700625 0.1651086125 0.8419768421875 0.170677065625 0.8558992703125 0.17019088437500002 0.9872761000000001 0.1269076546875 0.9828443874999999 0 0.7527822109375 0
4 1 0.646499815625 0.9990613140625 0.64347770625 0.987766940625 0.6334490984375 0.8730468515625001 0.6166091796875001 0.877367959375 0.6060352671875 0.897595378125 0.6032443078124999 0.9150632375000001 0.6109727281249999 0.9853329046875 0.6085188578125 0.9913609765625001 0.60205454375 0.9907793171874999 0.585398028125 0.8594258453125001 0.5399545156250001 0.856735675 0.462918140625 0.7253475078125 0.46125250624999997 0.7223417640625 0.6885792187499999 0.7435870859375 0.714937159375 0.7461665359375 0.7440315265625 0.785277946875 0.74475033125 0.870512046875 0.8126503984375001 0.9128919703125 0.81742426875 0.916887553125 0.8422999796875 0.985997221875 0.896170903125 1 0.8997934046875 1 0.646499815625
11 1 0.536043884375 0.996561565625 0.43758000781249995 0.9869859265625 0.208217315625 0.8628618546875 0.235482459375 0.8562273812500001 0.53798160625 0.9875081453125001 0.5813430546875 0.9897967671875 0.6021091671875001 0.9822071484375 0.6086280109375 0.8757310437499999 0.6040078265625 0.873044190625 0.6166092734374999 0.9893985359374999 0.6354767234375001 1 0.6549494375 1 0.536043884375
9 0.1033746265625 0.6036186875 0.06114011875000001 0.603008946875 0.06008752187500001 0.6176379265625 0.0842378171875 0.6376406125 0.10621072499999999 0.637264165625 0.20163311562500003 0.6339319421875 0.21235415781250003 0.54561335625 0.2231015671875 0.495207571875 0.21663725312499998 0.4891795 0.1724776609375 0.47821396875 0.15000295 0.59573658125 0.1033746265625 0.6036186875
21 0.062582721875 0.8234053609374999 0.057534540625 0.81315863125 0.05771465 0.7735448796875 0.0918505875 0.7660990171875001 0.23878153124999998 0.7651372828125 0.2424896015625 0.8713225578125 0.25535998437499996 0.904096478125 0.2608649078125 0.9039042421874999 0.25941049843749997 0.8186165875 0.27807636874999997 0.8158801562500001 0.2729554796875 0.8035513625 0.272335809375 0.7410349046875 0.2878058765625 0.7363254734375 0.290669521875 0.5944724531250001 0.2842052078125 0.5884443828125 0.20761664062500002 0.5890343109375 0.1998469125 0.63516690625 0.16287870625 0.6510500875 0.16309682812499998 0.6572962796875 0.178857725 0.660915103125 0.161753403125 0.663597003125 0.156161575 0.682553703125 0.134881559375 0.69997364375 0.0989659515625 0.70122784375 0.040970546875 0.6969992781250001 0.0418777296875 0.6782061703125 0.0521542015625 0.659085878125 0.07238162031249999 0.65629491875 0.08273080000000001 0.6392566921875 0.0600693453125 0.6171174109375 0.0596331015625 0.604625025 0.1360762546875 0.59987096875 0.1529624546875 0.590942878125 0.029454734375000003 0.5910866546875 0.00356278125 0.6107522515625 0.0093793640625 0.7773173890625 0.04209916875 0.774090184375 0.04093916875 0.8304149796875 0.05967774687500001 0.8297606140625 0.062582721875 0.8234053609374999
2 0.1674361140625 0.647242884375 0.17360959843749998 0.644942696875 0.173464184375 0.6407785687499999 0.1687068328125 0.6388600953125 0.0842378171875 0.6376406125 0.0708382484375 0.656869965625 0.056784315625000005 0.6573607390625 0.043312040625 0.6745080265625 0.0409160171875 0.6954377296875001 0.044184528125 0.699492796875 0.0980467 0.70008735625 0.13721958125 0.6987194078125001 0.1577413 0.6830196875000001 0.16035544531249998 0.668336178125 0.1805101578125 0.663463153125 0.17865777968750002 0.6551894265625 0.1660926875 0.65354360625 0.1674361140625 0.647242884375
19 0.26418109375 1 0.26258855625 0.9543956953125001 0.2591283203125 0.9001865406249999 0.23708321875 0.8509258953125001 0.1913967734375 0.796237015625 0.1451666828125 0.7707515640625 0.091855921875 0.76635940625 0.07979978125000001 0.7792880359375001 0.06258805625 0.82366575 0.0139688 0.9087416265625 0.0171556125 1 0.26418109375 1
19 1 0.9032077 0.8026997171874999 0.7501351828125 0.7772787015625 0.738515284375 0.7476092875 0.7395513640625 0.6924841625 0.7727454234375 0.655263140625 0.826160290625 0.6316251125 0.9103698781249999 0.6299552296875001 0.9942031828125 1 0.9812809359375001 1 0.9032077
19 0.1578499296875 0.551816178125 0.10624613281249999 0.5515336203125 0.104972096875 0.47027858437500003 0.0999966234375 0.4621139203125 0.0374619890625 0.4622130734375 0.031291821875 0.5541510828125 0.0018405281249999998 0.5614333546875 0.0035764140625000004 0.6111426390625 0.006504315625 0.61104039375 0.026427067187499997 0.5939284234375 0.15291246875 0.58951145625 0.1578499296875 0.551816178125
15 0 0.5087275328125 0.0018859703124999999 0.5627346453125 0.03040374375 0.5617387828125 0.034346754687499995 0.5520900875 0.0417496296875 0.405909346875 0.026061440624999998 0.40437258906249995 0 0.4108166671875 0 0.5087275328125
19 0.2142331375 0.5533650031249999 0.2066082015625 0.5868546359375 0.2509756890625 0.5853052890625 0.245609515625 0.5564385234375 0.2142331375 0.5533650031249999