21 0 0.5366714453125 0.07963486875 0.5461957609375 0.0130455578125 0.912594909375 0.0146598421875 0.9189615328125 0.022969153125 0.9204266890625 0.035222571875000004 0.9217939953125001 0.11877284218749999 0.4816996578125 0.13772395625 0.481074740625 0.1425361265625 0.46671830156249994 0.14338534375 0.4619021515625 0.0174959296875 0.3704966 0.01644049375 0.37031049843749997 0 0.4604804515625 0 0.5366714453125
5 0 0.742471540625 0.004765137500000001 0.7205440328125 0.0450430265625 0.7170687499999999 0.047472865625 0.6976646453125 0.011210678125 0.695237153125 0.01884405 0.6688175515625 0.0366073328125 0.66930535625 0.05199056875 0.683291075 0.0575360765625 0.6518409390625 0.0198026453125 0.6465096859374999 0.0292990296875 0.5926530125 0.069010875 0.5867641234375001 0.075947434375 0.5474249375 0.0707584875 0.5431101203125 0 0.5404577890625 0 0.742471540625
5 0.159364590625 0.3352870265625 0.1317735921875 0.4467729546875 0.1446167578125 0.458292740625 0.154909203125 0.4336641765625 0.1679211625 0.43860287500000006 0.173974934375 0.443636828125 0.1694528453125 0.46928286406249997 0.1461005234375 0.551106275 0.12307326874999999 0.5298577359375 0.13743559375 0.482147740625 0.12323580468749999 0.47832176249999997 0.119220103125 0.4842245375 0.098756090625 0.589034125 0.10316982187499998 0.5977454046874999 0.098424759375 0.6471511859375 0.0869986609375 0.6557138171875 0.0851898265625 0.6659722312499999 0.0958261234375 0.6731363781249999 0.09458411562499999 0.6914277578125 0.0793111109375 0.6993120765625 0.076597859375 0.7146996984375 0.1267764234375 0.71693668125 0.1250280265625 0.754971325 0.132088590625 0.758794525 0.1407633609375 0.7603241203125 0.1456191796875 0.75066908125 0.168331715625 0.543126703125 0.2200106578125 0.35126924375 0.187595375 0.34952006562500004 0.167227196875 0.33006256562499997 0.159364590625 0.3352870265625
7 0.2824660796875 0.6044372671875 0.297286484375 0.6058683296875 0.2978802078125 0.60250115625 0.2925897296875 0.5863897890625 0.3761213734375 0.15877345468749998 0.3928204 0.0640685640625 0.3826334578125 0.05885503125 0.337604246875 0.06678120625 0.3331363375 0.07524858281249999 0.23952285624999997 0.5611666265624999 0.255875334375 0.5865269015625 0.2824660796875 0.6044372671875
4 0.919549815625 1 0.9460524749999999 0.8496959500000001 0.9388108734375 0.8457747203125001 0.9469568921875 0.8445667421874999 0.9846590187500001 0.6251235640624999 0.411059578125 0.419531071875 0.386640303125 0.5580196609375 0.393996521875 0.5725384609375 0.380713671875 0.6534930515624999 0.8511910921875 1 0.919549815625 1
4 0.3502698578125 0 0.3395518875 0.051236551562499996 0.3373812859375 0.06354664843749999 0.345003965625 0.068680953125 0.37464555625 0.058041525000000004 0.39461570468749996 0.0628849703125 0.37008181093750003 0.190775990625 0.37375992187499996 0.1980353890625 0.427501978125 0.1969342046875 0.44509646406250003 0.2040030984375 0.41411703125 0.3572009953125 0.4943071609375 0.37524108125 0.52510645 0.3806718265625 0.5314476421875 0.3778895484375 0.5585259921875 0.24119199375 0.8265610921875 0.2620104125 0.8418820124999999 0.1919925515625 0.8133678156249999 0.173743028125 0.8520598421875001 0.156766415625 0.8697666343750001 0.076591884375 0.87140691875 0.06728936875 0.8627377953125 0.056842131250000004 0.520090275 0 0.3502698578125 0
13 0.37458259531250004 0.52548365 0.41321104843749995 0.3510914796875 0.3479824546875 0.3329790703125 0.33933004843750003 0.35393030625 0.3125351125 0.4946443453125 0.3706466640625 0.5247896390625 0.37458259531250004 0.52548365
10 0.44320661406250006 0.2012238515625 0.4378621625 0.2002814796875 0.3722267328125 0.1971700703125 0.3479762546875 0.329077575 0.40443021406249996 0.343527309375 0.41454858906250003 0.3453114515625 0.4388314953125 0.22603639062499997 0.44320661406250006 0.2012238515625
6 0.545553015625 0.41594308125 0.46171090000000004 0.3852934140625 0.45390247187500005 0.373339215625 0.43319670156249995 0.36704388906249996 0.41735687187500004 0.366895240625 0.4100610921875 0.38015266875 0.40995273593750003 0.414509984375 0.42132465625000004 0.4231260109375 0.9700178312500001 0.6161955109374999 0.9851672828125 0.6188667671875 0.9984762 0.543388153125 0.90332146875 0.52398109375 0.7867806578125001 0.48756576406249996 0.7737686984375001 0.4826270640625 0.7644890265625001 0.46776910781250003 0.545553015625 0.41594308125
20 1 0.52457609375 0.9653076875 0.5110431984375 0.7901588796875 0.46958237656249996 0.7825796875 0.47882332187500004 0.7621573296874999 0.476544478125 0.9016107765625 0.5236107750000001 0.9907513328125 0.5405211828125001 0.998733546875 0.5419286624999999 1 0.53474625 1 0.52457609375
18 0.637540996875 0.34139607031249997 0.6230036140624999 0.3507322671875 0.62283481875 0.3573133546875 0.6366365796875 0.3465252765625 0.6538934750000001 0.36675634375 0.6471103421875 0.40522539531249996 0.6318373390625001 0.4131097140625 0.638005728125 0.4287412375 0.5806397390625 0.40540436562500004 0.50737974375 0.39909750312500003 0.595944621875 0.4296544015625 0.6994461000000001 0.4479045046875 0.650565478125 0.4362445421875 0.6492630296875 0.42675969374999995 0.660689128125 0.4181970640625 0.6505050390625 0.4084683125 0.6581925890625 0.364870053125 0.637540996875 0.34139607031249997