9 0.3083802203125 0.7825148671875 0.3095834 0.7212461718750001 0.3027143359375 0.7156837125 0.287441034375 0.585316040625 0.061248596875000005 0.6007105875 0.0920963125 0.805247221875 0.3083802203125 0.7825148671875
15 0.13792107343749999 0.43331558281250004 0.0907598546875 0.5974779046875 0.2390375015625 0.5881777234375 0.2673041 0.4385701578125 0.18739983437500002 0.44068400781249994 0.13792107343749999 0.43331558281250004
19 1 0.5261330234375 0.9942366093749999 0.523597684375 0.9776379343749999 0.50020456875 0.964523540625 0.5099621828124999 0.9412547984374999 0.6024846109374999 0.9229839140625 0.6379219 0.875811896875 0.6973449109375001 0.8584712171875 0.71173634375 0.838487759375 0.7159314984375 0.8298469859375001 0.7084604453125001 0.81240680625 0.6621128749999999 0.8147027515625 0.6241650015625 0.7428450890625 0.5982006046875 0.74756604375 0.5683770859374999 0.7807821640625 0.4957572375 0.7765854453125 0.4857242859375 0.6966811796875 0.48783813593750003 0.6901885156249999 0.5157530593749999 0.6999880593750001 0.6089894859375 0.680657903125 0.619400403125 0.6247456140625001 0.610613359375 0.529084175 0.6122885453125 0.5251052234375 0.6043275140625 0.537249046875 0.5255432171875001 0.5335469984375 0.4903205671875 0.4536722984375 0.477767646875 0.44643763124999997 0.5434671171875001 0.4534061953125 0.609768578125 0.438302325 0.615545675 0.3839439765625 0.60659530625 0.29670554375 0.6136696265625 0.29288522499999997 0.6371140546875 0.3020610328125 0.7094679515625 0.309147865625 0.7171023296875 0.443846015625 0.728082690625 0.4409263359375 0.745148034375 0.41000615937499996 0.7798200093750001 0.4215774109375 0.8749650328125 0.5489413953125 0.8909058625 0.55335588125 0.903010734375 0.5392817171875001 0.9484809765625 0.5443312031249999 0.9965236359375 1 0.948630915625 1 0.5261330234375
15 0.4558471625 0.6030966703125 0.4482252953125 0.5305794484375 0.45573686406249997 0.43761835781249997 0.447313859375 0.43221922343749997 0.3993594734375 0.43935424375 0.3013097640625 0.43761453125000005 0.296823690625 0.4380860359375 0.29080140781249997 0.45285896406250004 0.281458996875 0.5732449984375 0.29004063593749996 0.6100495921875 0.4482183453125 0.6138488328125 0.45245282812500004 0.6134037703125 0.4558471625 0.6030966703125
15 0.5400556171875001 0.44760937968750003 0.533374753125 0.45878561093750003 0.53611703125 0.5297208890625 0.5228843703125 0.598145584375 0.524844278125 0.61679286875 0.63160106875 0.6160463234375 0.6702022453125001 0.6245580296875 0.700409984375 0.61300383125 0.6934709859375 0.5320356015625001 0.6989635125 0.4497607671875 0.5400556171875001 0.44760937968750003
15 0.9500053875000001 0.43162351406250005 0.9391573718749999 0.4181000234375 0.8299755703124999 0.41072221249999996 0.80238104375 0.44713945781250003 0.771401734375 0.5111449718750001 0.7421941328125 0.5770590828125 0.7377205109375 0.59428775 0.7416994625 0.6022487812499999 0.81700240625 0.6222212671875 0.82175649375 0.6217215921875 0.871230325 0.5341695078125 0.905812184375 0.4446476421875 0.9191443453125 0.43696194843749997 0.9255483078125 0.4530473375 0.939533771875 0.45157740625000004 0.9500053875000001 0.43162351406250005
15 0.963101478125 0.45158792343750004 0.9560146453125 0.44395354375 0.919155609375 0.45201720156249997 0.9162950640625 0.43974900312500004 0.9100793015624999 0.44040230625000004 0.894945865625 0.460846175 0.8886709703125 0.49083301874999996 0.8621357140624999 0.5522766359375 0.8086888 0.6416864906249999 0.8110842437500001 0.664477615625 0.8331001046875001 0.7163668375000001 0.84954596875 0.7146383078125 0.8615927093750001 0.7115391859375 0.8956207656249999 0.676540559375 0.9363592531249999 0.6156989312500001 0.9519873593750001 0.5700653640625 0.9660910906250001 0.5099283515625 0.963101478125 0.45158792343750004
14 0.7668483140625 0.1688604453125 0.7464293203125 0.168911759375 0.7339682296875 0.1848851359375 0.72812886875 0.21901581874999998 0.732296021875 0.243715540625 0.74715255625 0.25053329375 0.74824139375 0.26089289375 0.7341376625 0.32102990781249996 0.7321294171875 0.436455471875 0.73321825625 0.44681507500000006 0.744531375 0.4498156375 0.7499101015625 0.48630224375 0.7860476953125 0.48250402968749995 0.8060356890625 0.43706684687499997 0.793028765625 0.2834180703125 0.7760536890624999 0.2265475703125 0.7829818875 0.2027764921875 0.7808042109375 0.1820572828125 0.7668483140625 0.1688604453125
21 0.4271414453125 1 0.40997893906250005 0.7795610203125001 0.44779774687499996 0.7357847343749999 0.44204708750000005 0.7259151078125 0.3057949953125 0.715098071875 0.30365768437499996 0.7844514078125 0.09210401406249999 0.8045917859375 0.080473628125 0.738780303125 0.072268390625 0.7354530890625 0.07668287812499999 0.7475579609375 0.07112041875 0.7544270265625 0.025591043749999997 0.7696864015625 0.0427946859375 0.9333681296874999 0.22451701875 0.9582593296875 0.227975371875 1 0.2546178046875 1 0.25049847187499996 0.9513389515625 0.25450699062500004 0.9446332125 0.3919553890625 0.802403459375 0.40732819062500003 0.993510134375 0.39434335625 1 0.4271414453125 1
2 0.056295796875000005 0.7180167453124999 0.019684096875 0.7134855546875001 0.025767979687499998 0.7713698359375 0.031546696875 0.77076246875 0.06776755 0.7524227671875 0.0653721046875 0.729631640625 0.056295796875000005 0.7180167453124999
21 0.035672646875000005 0.716125634375 0.0545377 0.716237646875 0.059857059375 0.72536705 0.06370306875000001 0.7249628171875 0.078500109375 0.720003521875 0.0769757359375 0.705500078125 0.070106671875 0.6999376203125001 0.0181733328125 0.69911160625 0.0210043125 0.726046575 0.0252305984375 0.7214127546875 0.026020006249999998 0.7289234671875 0.026699856249999997 0.7288520125 0.035672646875000005 0.716125634375
19 0 0.526203884375 0.018377490625 0.70105403125 0.0440759796875 0.70031689375 0.0729328734375 0.6972839125 0.06184745781249999 0.6064083703125001 0.092055196875 0.594854171875 0.10746553437499999 0.547148684375 0.1253600171875 0.4782340125 0.12228170468749999 0.46389389531249997 0.10363441874999998 0.465853803125 0 0.48682609687499995 0 0.526203884375
19 0.18914432187500002 0.44233361562500007 0.26594070625 0.4405464171875 0.2385747453125 0.5837748921875 0.2730181734375 0.5835588046875 0.2810351078125 0.5827161921874999 0.2930109984375 0.44398564062499996 0.36582843125000003 0.4342374109375 0.2829049859375 0.3926776015625 0.22186577187499998 0.394903465625 0.1663003171875 0.434260571875 0.18914432187500002 0.44233361562500007
21 1 0.48658061874999997 0.9918303671875 0.39606724843749996 0.9010485171875 0.399324378125 0.9012367187500001 0.4160630671875 0.907888015625 0.41955360625000004 0.9893462218750001 0.41727643125 0.9937438890625 0.503094159375 0.9999665890625 0.502440128125 1 0.5024273484374999 1 0.48658061874999997