11 0.43024776875 0.463284809375 0.49074454375 0.24648028281249998 0.2602707828125 0.143927375 0.1972539875 0.3708391484375 0.24173266718750003 0.39266448593750003 0.233168675 0.433471478125 0.3024006015625 0.4464387125 0.2943283875 0.46589720156250003 0.22914071875 0.4560854265625 0.22308452031249998 0.4674581171875 0.2736193984375 0.4779107640625 0.26503910625 0.4929483515625 0.274135628125 0.49521636874999997 0.30292905625 0.48307137187500004 0.388842015625 0.5066389890624999 0.38681377499999997 0.495397734375 0.3165616140625 0.46714634374999997 0.317561471875 0.4502187421875 0.43024776875 0.463284809375
4 0 0.64793493125 0.1692302234375 0.6511624265625 0.1838748640625 0.637636853125 0.1924673828125 0.6419263187500001 0.19551178281249998 0.6620093796875001 0.2096605703125 0.66338995625 0.33900752343749996 0.65484465 0.3511199203125 0.63209926875 0.5123006265625001 0.625049675 0.538004828125 0.5219557546875 0.39144838593750003 0.48326801875000003 0.384884109375 0.49021980625 0.38438825625 0.5051259578125 0.2216792359375 0.49247049687500005 0.24182716875 0.392285465625 0.23020247500000002 0.3872399921875 0.035139396875 0.3493408640625 0 0.48721416875 0 0.64793493125
4 0.2296777140625 0 0.44721274375000003 0.123976778125 0.44772489843749996 0.1348400296875 0.46390600312499997 0.153904215625 0.44525378125000004 0.22225549218750001 0.44829003125 0.22945385 0.4882163734375 0.243702828125 0.4892366078125 0.2589869828125 0.5225945984375 0.2737454 0.6085034828125 0.290870665625 0.65942418125 0.1124736796875 0.654367840625 0.10691876874999999 0.5173332296875001 0 0.2296777140625 0
19 0.8906428125 1 0.9413312843750001 0.79669964375 0.9135409531249999 0.7854776421875 0.9064726734375 0.79445088125 0.8419249609375001 1 0.8906428125 1
19 0.800746296875 0.6630160546874999 0.8118588359375 0.6571982734375 0.8790788218750001 0.6846936578125 0.9134407453125 0.6889668234374999 0.93714115625 0.6132857546875 0.8860900484374999 0.5855275015625 0.8153369343750001 0.5641293234375 0.8021975234375001 0.5608533 0.6960833109375 0.553183284375 0.6668429312499999 0.6575426484375 0.6789726500000001 0.6621772609375001 0.6844784359375 0.6635500078125001 0.7941697953125 0.6506407890625 0.800746296875 0.6630160546874999
19 0.8171546015625 1 0.8871888140624999 0.77488148125 0.8487704078125 0.748125803125 0.7840785921875 0.723407875 0.73558010625 0.7370811859375 0.728511825 0.746054421875 0.7340721703125 0.749587884375 0.7310481453125 0.76171658125 0.7174074375 0.7647569062499999 0.69315004375 0.758708859375 0.6587758953125 0.7351086375 0.6244139718749999 0.7308354718750001 0.5400415515625 0.7462999640625 0.486494875 0.767303065625 0.46832220625 0.7949787859375 0.43706173593750003 0.9009815984375 0.43707396249999997 0.9203086515625 0.4219334671875 0.948740378125 0.42346993125 0.9813301375 0.437772871875 0.998181515625 0.4450664140625 1 0.8171546015625 1
9 0.8001852406250001 0.5748445859375 0.7851017984374999 0.69346923125 0.790174440625 0.724793546875 0.8669990265624999 0.7589778500000001 0.890744265625 0.75416264375 0.8725267703125 0.7109725 0.8042987765625 0.687520015625 0.810806 0.5903753093749999 0.8001852406250001 0.5748445859375
21 0.8082160234375 0.6895702515625 0.8180065609374999 0.6906693625 0.8341632125 0.671079440625 0.8558924359375 0.67435003125 0.8038333218749999 0.6506346781250001 0.8023727609375 0.6881133625 0.8082160234375 0.6895702515625
2 0.8683150062499999 0.7126062796875 0.8826988890624999 0.716192584375 0.904900103125 0.7167627734375001 0.9099360671875001 0.690105928125 0.8452483265625 0.67183035 0.830595534375 0.6724712234375 0.819491146875 0.6911737046875001 0.8683150062499999 0.7126062796875
21 0.9221579046875 0.7904441734375001 0.930780646875 0.7925940640625 0.943279959375 0.7824252390625 0.9513399484375 0.743639696875 0.9518276515625 0.7158488421875 0.9402029578125 0.7108033703125 0.9119542859375 0.7853504296875 0.9221579046875 0.7904441734375001
21 0.7922442046875 0.6519052140625 0.7851677734375 0.64799375 0.6477404546875001 0.6631128421875 0.632587734375 0.6722175140625 0.6588733703125 0.6895068171875 0.6482604281250001 0.7382572015625 0.6574286734375 0.7405431015625 0.6654580234374999 0.714766784375 0.7407665234375 0.748573084375 0.75439908125 0.7326480578125001 0.7958292859375 0.7279479859375 0.7836802125 0.69271220625 0.7922442046875 0.6519052140625
3 0.64521239375 0.11134578125000001 0.6371727828125 0.18234307968750002 0.6094484890625 0.28708044843749997 0.5983359515625 0.292898228125 0.5558855140625 0.2823141453125 0.538737153125 0.3317163703125 0.4943766546875 0.49671921875 0.5014612374999999 0.5135153859375 0.543411746875 0.5325632687499999 0.5228105843749999 0.615190015625 0.5299172390625 0.616961903125 0.56316978125 0.614785521875 0.5874108734375 0.5950641640625001 0.6025758203125 0.6052865453125 0.6525985421875 0.604875940625 0.6652230921875 0.5929938124999999 0.67026313125 0.57277931875 0.689447884375 0.54750305 0.7313780171875 0.5343391765625001 0.7465144359375 0.4994651 0.7858267437500001 0.34179204375 0.7832944984375 0.3325722375 0.7762221421875 0.335103125 0.7595737109375 0.3760415515625 0.7540133671875 0.3725080890625 0.7524809796875 0.34636068125 0.779229865625 0.2972050234375 0.793374578125 0.2921432484375 0.7938948828125 0.3158912046875 0.8024833265625 0.31373832031250004 0.840816153125 0.2052046234375 0.8448481843750001 0.1890330265625 0.7932767734375 0.13752681875 0.7472738546875 0.10243877500000001 0.6765176921875 0.076208834375 0.6664172374999999 0.0844260671875 0.6689576328125 0.106530575 0.64521239375 0.11134578125000001