4 0.0337424578125 0 0.019674375 0.2011829421875 0.089670271875 0.2081659515625 0.09228613906250001 0.1707573 0.0663696484375 0.16059136093749998 0.0686948640625 0.127339225 0.0954833109375 0.125035615625 0.10422665312499999 0 0.0337424578125 0
4 0.190992128125 0.05835846875 0.2392717453125 0.0847071359375 0.3717607203125 0.0939716671875 0.3445591109375 0.415774740625 0.3487992140625 0.42233649843750004 0.49388045781249995 0.4463173546875 0.5044851640625 0.4470589078125 0.521232925 0.442747921875 0.5575359375 0.10278549374999998 0.5425701953125001 0.07041267812499999 0.1966854921875 0.04413764375 0.1901600640625 0.04785818125 0.190992128125 0.05835846875
6 0.627008409375 0.5650075984375 0.6266778640624999 0.5921339515625 0.9830347359375 0.6559496859375 0.9887217609375 0.6563473609375 0.9903930093750001 0.6324473937499999 0.9905801562500001 0.6071383765625 0.9124744890625 0.5369356562500001 0.850166628125 0.509606040625 0.8269315468749999 0.5058928640625 0.8338131687500001 0.541877225 0.8285557828125001 0.549863275 0.7013241921875 0.53261269375 0.6769663953125 0.5225557484375 0.6804143265625 0.49564738124999996 0.676028896875 0.49116388281249995 0.5976981203125 0.4689790953125 0.5846871578124999 0.4534503359375 0.46934381406250003 0.44538474375000003 0.2620774265625 0.4079186390625 0.0644139625 0.389919821875 0.0414695328125 0.382050128125 0.057637775 0.374827040625 0.0519843046875 0.36607802968750003 0.0083571140625 0.36302731875 0.0058864875 0.398358921875 0.4772427171875 0.4668212953125 0.6207479828125 0.497740365625 0.655435334375 0.5168733078125001 0.627008409375 0.5650075984375
4 0 0.565280784375 0.012751815625 0.566172478125 0.017895221875 0.56261635 0.01014164375 0.539101540625 0.02241456875 0.4083892484375 0.005850240625 0.3988772734375 0 0.48253961875 0 0.565280784375
4 0.16399230468749998 0.422074590625 0.1537140515625 0.546661103125 0.1627755625 0.5514715859375 0.6090586359375 0.6313650453124999 0.6223197171875 0.63229235 0.6270155625 0.565138625 0.65997324375 0.519409575 0.658995853125 0.510987546875 0.6422861984375 0.5035538328125 0.5561619531249999 0.48082407343750005 0.16399230468749998 0.422074590625
6 0 0.6713385671875 0.96916369375 0.8805291546875 0.9745852484374999 0.8809082671875 0.9833956359375 0.75491385 0.9377318875 0.6911565328125 0.13799086875 0.5475195265624999 0 0.5741708578125 0 0.6713385671875
4 0.9826813281250001 0.7561691625 0.9833048078125 0.7562127609375 0.990371284375 0.6551574437500001 0.6296661625 0.5944313359375 0.62520095 0.635887509375 0.9377318875 0.6911565328125 0.9826813281250001 0.7561691625
4 0.96625754375 1 0.9747941546875 0.8779207703124999 0 0.671678453125 0 0.9646912265625 0.5049389703125 1 0.96625754375 1
13 0.010609210937499999 0.5675889671875 0.1553817390625 0.5452114031249999 0.163480103125 0.4517987671875 0.159134565625 0.42434543125 0.01802005625 0.4040356390625 0.006602884375 0.5673088171875 0.010609210937499999 0.5675889671875
20 0.16132177812499998 0.4042668 0.23262380781249997 0.403770621875 0.1321806640625 0.384216428125 0.037100340625 0.377567765625 0.03198828125 0.38347555624999996 0.1436890171875 0.40303379687499996 0.16132177812499998 0.4042668
10 0.6709962921875 0.3841719890625 0.680057803125 0.388982471875 0.724823946875 0.3983780875 0.7218917765625 0.37311200312500004 0.696847240625 0.3504765125 0.6064429984374999 0.34415483281250003 0.5930473578125001 0.46852335468749995 0.6648959453125001 0.481770653125 0.6867566296875001 0.4832993015625 0.6959211515625 0.47571699218749997 0.6985769109375 0.4153385015625 0.6614589109375 0.40856611875000004 0.6596494578125001 0.389643803125 0.6729909640625 0.3780462078125 0.6709962921875 0.3841719890625
10 0.6986677390625 0.414039590625 0.695721328125 0.478574596875 0.756592615625 0.488182709375 0.7670784937499999 0.48891595312499997 0.7767876484375 0.39444121875000004 0.7683074421875 0.3813177015625 0.7519140890625 0.4365587234375 0.7367631296875 0.42923400312500004 0.7346630234375 0.41446820625 0.6986677390625 0.414039590625