21 0 0.8890324796875 0.2902458671875 0.9613989015625 0.303245821875 0.9339096187499999 0.298925465625 0.96356296875 0.33547421875 0.972675596875 0.3824885484375 0.7969278921875 0.44960665468750005 0.6633644953125 0.45817472031250006 0.62899985625 0 0.4811305953125 0 0.8890324796875
5 0.725050546875 1 0.7963017390625 0.82293351875 0.7963365546875 0.82279388125 0.780662725 0.7888482796875 0.7225433375 0.7700632640625 0.6967209546875 0.6863289984375001 0.7138693140625 0.636926771875 0.70982098125 0.6273289640625 0.6633262859375 0.6135894203125 0.5113715453125 1 0.725050546875 1
5 0 0.45696295625000005 0.08521619999999999 0.4843459765625 0.08118824375 0.5069599218749999 0.1026669734375 0.5136571156249999 0.11578165781250001 0.5169269734374999 0.16043096875 0.369978196875 0.1260649703125 0.35926268125 0.11950069375000001 0.36621446875 0.024995215625 0.3383573828125 0.0139071296875 0.38282927187500004 0.1058885125 0.41435125156249997 0.0963124375 0.452758790625 0.0048350578125 0.41921536093749995 0 0.43860772031249995 0 0.45696295625000005
4 0.10935718750000001 0 0.0833021734375 0.10450095156250001 0.2760662203125 0.16235862343750002 0.294783103125 0.1670252671875 0.338876984375 0 0.10935718750000001 0
4 0.75671049375 0.5425339984375 0.7915804953125 0.5512280656249999 0.801176946875 0.5450322828124999 0.9307752406249999 0.1350397515625 0.5082787265625 0.0082284203125 0.4991862796875 0.012402753125 0.496666259375 0.0225100015625 0.51184750625 0.0585017875 0.717031415625 0.120395440625 0.63787019375 0.386224190625 0.6126699953125 0.48729666250000003 0.6152022406250001 0.49651646875 0.75671049375 0.5425339984375
4 0.45353195937499996 0.6282448671875 0.456568209375 0.6354432234375 0.4394157734375 0.6784030999999999 0.383897909375 0.7783578624999999 0.3748299140625 0.8211863046874999 0.5547484218750001 0.8810748078125 0.6571590296875 0.6253370031250001 0.6662474015625001 0.61472031875 0.7011174046875001 0.6234143875 0.7122421671875 0.6369236609375 0.696105890625 0.688725340625 0.7199041078125 0.7676607015625 0.779035578125 0.7888451671875 0.7937087468749999 0.8204160515625001 0.7503277296875 0.9362795421874999 0.750335709375 0.9488958140625 0.780057334375 0.9563062468749999 0.786209815625 0.9473730609375 0.8038581046875001 0.889507034375 0.7982692328125001 0.8408771140625 0.81390150625 0.791096884375 0.9336764593750001 0.8274014703124999 0.9785328109375 0.6474924703125 0.807202746875 0.58545108125 0.41300380781249996 0.46140090625 0.3716591828125 0.60139035625 0.45353195937499996 0.6282448671875
4 0.18220314843750002 0.541002603125 0.21799557812499998 0.4103643953125 0.22961212187500002 0.402525165625 0.161384128125 0.37907268125 0.15481985 0.3860244703125 0.117007328125 0.518306125 0.18220314843750002 0.541002603125
4 0 0.47884322187499995 0.0806171640625 0.5027917015625001 0.084141115625 0.482199203125 0.009848775 0.45723470781250003 0 0.4562737078125 0 0.47884322187499995
4 0.10324090625 0.4119466 0.0334968234375 0.3881161125 0.030476874999999997 0.4066871609375 0.024412526562500002 0.4051751484375 0.0259163890625 0.3862260984375 0.013812628125 0.3832082921875 0.004740014062500001 0.41959656093750003 0.0768051578125 0.44440602343749996 0.09409926874999999 0.4487179296875 0.10310834375 0.4125845078125 0.10324090625 0.4119466
4 0.8575218874999999 1 0.8327712921874999 0.960995059375 0.8024087984375001 0.8890114890625 0.7680591015625 1 0.8575218874999999 1
6 0.8906428125 1 0.9337709609375 0.82702245 0.8165201015625 0.7870529671875001 0.798367809375 0.8469404453125 0.8054727671874999 0.8959483671875 0.8322950078125 0.9627550328125001 0.8559288125 1 0.8906428125 1
6 0.97959159375 0.6238698375 0.9336009031250001 0.608108846875 0.9290404156250001 0.587647784375 0.9073071171875 0.577934840625 0.801176946875 0.5450322828124999 0.7951207499999999 0.5564049734375 0.7784437921875 0.552246940625 0.6323872781250001 0.505095403125 0.6050895609375 0.48540664843750003 0.45701295625 0.43989855625 0.42417119531249997 0.44244574375 0.28468710937499997 0.40122712031249996 0.19169364375 0.3673056859375 0.2412123625 0.36891653281250003 0.21139055 0.352892671875 0.034508290625 0.300202525 0.0254362203125 0.33658861406249996 0.15177544999999998 0.3659414109375 0.183117425 0.388785625 0.9821238390625 0.63308964375 0.97959159375 0.6238698375
20 0.4239806640625 0.44078790625000003 0.4423245890625 0.4342234171875 0.437772253125 0.4266470578125 0.273018690625 0.376980934375 0.2285563125 0.380925 0.39503288593749997 0.4335704140625 0.4239806640625 0.44078790625000003
10 1 0.47325532031249995 0.97548103125 0.46597160937500004 0.9648724968750001 0.4697679390625 0.9245318046875 0.5992721375000001 0.9768914015625001 0.6237333828125 0.9840138546875 0.625509209375 1 0.5613922812500001 1 0.47325532031249995