19 0.165625 0.6339355453125 0.165625 0.6330147046875 0.00029296875 0.4929687484375 0.00810546875 0.5138020828125 0.08720703125 0.632291665625 0.134361059375 0.6390625 0.155371090625 0.6390625 0.165625 0.6339355453125
19 0.6015625 0.87109375 0.5986328125 0.8515625 0.4404296875 0.7994791671875 0.3007421859375 0.721875 0.298372396875 0.721875 0.2890625 0.7252604171875 0.25 0.8580729171874999 0.359939034375 0.996875 0.45214838281249997 0.996875 0.58984375 0.99609375 0.6015625 0.87109375
15 0.142919921875 0.7224609375 0.24622656250000002 0.85 0.24923324687499998 0.85 0.3 0.6895519859375 0.3 0.6635416671875001 0.299169921875 0.6469401046875001 0.282568359375 0.6352213546875001 0.261083984375 0.6326171875 0.155615234375 0.6430338546875001 0.089208984375 0.6352213546875001 0.142919921875 0.7224609375
15 0.9984375 0.9960989828125 0.9984375 0.9258745734374999 0.9971366078124999 0.8697916671874999 0.6496460749999999 0.784375 0.6457694218750001 0.784375 0.6299491078125 0.7890625 0.6113944203125 0.8138020828125001 0.6055350453125 0.8372395828125001 0.5948277921875 0.996875 0.7569021359375 0.996875 0.9984375 0.9960989828125
5 0.7158203125 0.4744140625 0.6982421875 0.4744140625 0.693359375 0.4887369796875 0.6875 0.7908203125 0.7138671875 0.7947265625 0.7158203125 0.7712890625 0.716796875 0.7934244796875001 0.7236328125 0.7999348953125 0.92507258125 0.8453125 0.9376880249999999 0.8453125 0.9609375 0.49915364687499997 0.9384765625 0.49524739687499997 0.9306640625 0.5134765625 0.8818359375 0.510872396875 0.7216796875 0.49524739687499997 0.7158203125 0.4744140625
21 0.9030110718750001 0.6390625 0.921875 0.6390625 0.921875 0.6280598953125 0.92138671875 0.6143880203125 0.73193359375 0.5857421875 0.72119140625 0.5948567703125 0.72412109375 0.6143880203125 0.9030110718750001 0.6390625
21 0.9218794453125 0.5734375 0.9256130640625001 0.5734375 0.9265625 0.562044265625 0.9265625 0.5495442703125 0.92265625 0.5464192703124999 0.746875 0.5255859375 0.7224609375 0.5294921875 0.7234375 0.5490234375 0.7625 0.559440103125 0.9218794453125 0.5734375
21 1 0.5197265625 0.9638671875 0.5158203125 0.953125 0.6785807296875 0.997265621875 0.6859375 1 0.6859375 1 0.5197265625
21 0.46796875 0.7904296875 0.4728515625 0.8073567703125001 0.4793457046875 0.8078125 0.491431640625 0.8078125 0.497265625 0.6133463546875 0.5080078125 0.6094401046875 0.6857421875 0.6406901046875 0.690625 0.5690755203125 0.690625 0.5048394109375 0.6896484375 0.487044271875 0.6037109375 0.4818359375 0.458203125 0.5248046875 0.4611328125 0.541731771875 0.47578125 0.545638021875 0.46796875 0.7904296875
5 0.4507568375 0.7953125 0.46012495 0.7953125 0.4734375 0.6964192703125 0.4734375 0.5714192703125 0.471484375 0.5479817703125 0.4578125 0.5375651046875001 0.4578125 0.5245442703125 0.467578125 0.5167317703125 0.4705078125 0.4998046875 0.5017578125 0.4919921875 0.5095703125 0.5050130203125 0.51875 0.499449575 0.51875 0.4739192734375 0.5154296875 0.4216796875 0.4998046875 0.4320963546875 0.4421875 0.4281901046875 0.45390625 0.6703776046875001 0.4421875 0.7927734375 0.4507568375 0.7953125
5 0.50634765625 0.8182942703125 0.50830078125 0.8078776046874999 0.53955078125 0.8130859375 0.53466796875 0.8300130203125 0.54541015625 0.8365234375 0.57666015625 0.8208984375 0.5825048828125 0.846875 0.60107421875 0.846875 0.60107421875 0.8300130203125 0.61083984375 0.8117838546874999 0.60302734375 0.7987630203125 0.60498046875 0.7466796875 0.62353515625 0.7271484375 0.62255859375 0.7857421875 0.64208984375 0.7779296875 0.64404296875 0.7076171875 0.653125 0.6712890625 0.653125 0.668129340625 0.63916015625 0.6594401046875 0.53564453125 0.6412109375 0.52392578125 0.6412109375 0.50048828125 0.6594401046875 0.49560546875 0.8143880203125 0.50634765625 0.8182942703125
7 0.49677734375 0.4298828125 0.50068359375 0.41946614687499995 0.51826171875 0.4220703125 0.52900390625 0.43639323125 0.52119140625 0.4416015625 0.5231289953125 0.4984375 0.5358203171875 0.4984375 0.56220703125 0.48587239687499995 0.5734375 0.175697546875 0.5734375 0.107906540625 0.53193359375 0.1017578140625 0.45966796875 0.1095703140625 0.45087890625 0.12389323125 0.44501953125 0.42076823125 0.46748046875 0.4298828125 0.49677734375 0.4298828125
4 0.5756835875 0 0.46142578125 0.01015625 0.45263671875 0.016666665625 0.45068359375 0.0921875 0.45556640625 0.10651041562500001 0.57568359375 0.1052083328125 0.57470703125 0.24192708281250003 0.70263671875 0.24322916718749998 0.69873046875 0.3864583328125 0.70302734375 0.3921875 0.7147460984375 0.3921875 0.72216796875 0.3916666671875 0.72802734375 0.3864583328125 0.73095703125 0.26015625 0.996875 0.26144555 0.996875 0 0.99228514375 0 0.74853515625 0.01015625 0.72509765625 0.01015625 0.71748046875 0 0.5756835875 0
10 0.6974130578125 0.378125 0.7015625 0.264153646875 0.7015625 0.24536358281249998 0.57529296875 0.2427734375 0.57236328125 0.2466796875 0.56875 0.2900390625 0.56875 0.3746744796875 0.571337890625 0.378125 0.6974130578125 0.378125
13 0.6865234375 0.48450520781249995 0.689453125 0.48059895781249995 0.681640625 0.46497395781249995 0.6796875 0.444140625 0.6826171875 0.43502604062500005 0.6923828125 0.43502604062500005 0.6953125 0.4311197921875 0.6953125 0.382682290625 0.6923828125 0.380338540625 0.5894531328125 0.378125 0.57099609375 0.378125 0.568359375 0.381640625 0.564453125 0.41549479062500005 0.564453125 0.4875 0.5791992171875 0.4875 0.6064453125 0.479296875 0.6865234375 0.48450520781249995
18 0.962402353125 0.425 0.9838867171875 0.425 1 0.420703125 0.9208984375 0.41419270781249995 0.9169921875 0.401171875 0.9072265625 0.401171875 0.9033482140625001 0.346875 0.9032977765625001 0.346875 0.900390625 0.397265625 0.8896484375 0.3985677078125 0.8876953125 0.408984375 0.7890625 0.40768229062500005 0.7998046875 0.416796875 0.962402353125 0.425
16 0 0.30370704531250003 0.006640625 0.3150909734375 0.131174040625 0.3203125 0.1609375 0.3203125 0.1609375 0.32029930625 0.15703125 0.3150909734375 0 0.30338678125 0 0.30370704531250003
16 0.159375 0.40799005624999996 0.159375 0.4070542265625 0.04453125 0.398046875 0.0005859375 0.40455729218750003 0.0013780374999999999 0.4140625 0.1286132734375 0.4140625 0.15 0.413671875 0.159375 0.40799005624999996
16 0 0.201711534375 0.00078125 0.21316986875000002 0.049609375 0.2261907 0.1451902953125 0.234375 0.1571012578125 0.234375 0.1609375 0.23096500468749998 0.1609375 0.2299086984375 0 0.1988846015625 0 0.201711534375
16 0.0587890625 0.512109375 0.157421875 0.500390625 0.159375 0.496050346875 0.159375 0.49367766093750004 0.11640625 0.484765625 0.021875 0.50165780625 0.021875 0.5019057765625 0.031586371875000005 0.5125 0.050878903125 0.5125 0.0587890625 0.512109375
16 0.1552734375 0.136002603125 0 0.0904296859375 0.0009765625 0.11516926875 0.10279541875 0.14375 0.1627441421875 0.14375 0.1552734375 0.136002603125