21 0 0.5835689390625001 0.0102837328125 0.541754325 0.21171098281249998 0.6417108078125 0.24502933750000003 0.4930519390625 0.26457299375 0.49088228125000005 0.3109780375 0.5069410640625 0.30768163125000003 0.5342430312500001 0.3212215515625 0.5493959703125 0.63946730625 0.6816674640625 0.64979016875 0.6586603484375 0.6666249625 0.646512425 0.6666257234375 0.6465091296875001 0.65330829375 0.6086918984375 0.6562406078125 0.561260871875 0.4431732390625 0.48133472499999996 0.43365790625 0.4791379375 0.42077334843749997 0.5002173062499999 0.3903242859375 0.4931875859375 0.38915593125000003 0.4635185125 0.3484600875 0.44877780312500004 0.00619611875 0.42054061249999997 0 0.44712117031250004 0 0.5835689390625001
5 0.6360089515625 1 0.64305020625 0.9810983562500001 0.6640255203125001 0.8939343296875 0.7151024015624999 0.6726960484375 0.66555229375 0.6535463375 0.6511320265625 0.659571490625 0.64395666875 0.68196893125 0.6331968984375 0.680821175 0.31173081874999997 0.54513354375 0.304045734375 0.5393503015625 0.3104896453125 0.5114386609375 0.2995842375 0.50223928125 0.2577167734375 0.492573415625 0.24329650625000002 0.49859856718750006 0.19232776875 0.7540982031250001 0.16412664375 0.9324023796875001 0.17817646874999998 0.9356460375 0.22480921406249998 0.9433384874999999 0.2427508703125 0.85260096875 0.48931590937499997 1 0.6360089515625 1
5 0 0.8478058640624999 0.023251839062499998 0.8650005640625 0.02092880625 0.8993425531250001 0.0432443015625 0.9044944921875 0.070176403125 0.805008278125 0.11036251875 0.7915683062500001 0.15823045468750002 0.8186554921875 0.1460012625 0.8759671671874999 0.159395546875 0.8830684812499999 0.1604215296875 0.8699420124999999 0.1661009484375 0.8765985453124999 0.18180065781250002 0.808595634375 0.21512031875 0.6460391984375 0.0996951515625 0.5859828625 0.0005867921875 0.5898285624999999 0 0.5918936546875 0 0.66024753125 0.057377721874999996 0.6911377921875 0.061402309375 0.7040939421875 0.03577556875 0.7890482203125 0 0.8003311999999999 0 0.8478058640624999
3 0.103033175 0 0.0336112234375 0.29744598906249997 0.046565334375 0.31513635 0.0617898671875 0.31865121093750004 0.12327380624999999 0.3301732296875 0.1390841484375 0.33115066875 0.1471365875 0.32231905156249996 0.16807031875 0.32715198437500004 0.1539347953125 0.41876821875000003 0.1566421265625 0.428747590625 0.178820296875 0.432531490625 0.28817543749999996 0.43639677812500005 0.3807301578125 0.0702280125 0.4128239609375 0 0.103033175 0
5 0.14744858125 0.42949821093749996 0.1525744203125 0.4072957671875 0.16722793125 0.333839621875 0.1487102578125 0.3228828125 0.140072009375 0.33425185 0.0437470625 0.31735881875 0.0409669125 0.30335363437499996 0.033354646875 0.3015962046875 0.014030523437500001 0.382259321875 0.0061367328125 0.41645108437499995 0.012559584374999998 0.41793391562500004 0.024047975 0.415708603125 0.0305647046875 0.391822771875 0.12557239375 0.40573902500000003 0.12527785625 0.42437969531249997 0.14744858125 0.42949821093749996
21 0.6017697046875 0.8153506187499999 0.6078923109375001 0.8167641328125 0.6200306234374999 0.7788751296875 0.6215369921875 0.772350328125 0.617799875 0.76031961875 0.45926280625000004 0.6916464484375 0.457214103125 0.6831554671875 0.3305889921875 0.632540421875 0.3177077015625 0.6188758734375 0.290551778125 0.6192881031249999 0.286960834375 0.6652307390625001 0.6017697046875 0.8153506187499999
21 0.90147520625 0.9759482953124999 0.9151749859375 0.9174393484375001 0.97166975 0.672733640625 0.8579330359374999 0.6305429078125 0.8278447984374999 0.6783861640625 0.7984912703125 0.696999703125 0.75384039375 0.7080725703125 0.7164376906250001 0.7007738109375 0.6746267234375 0.8688533406250001 0.8900808031249999 0.9733176890624999 0.90147520625 0.9759482953124999
14 0.8425586484375 0.43015152968750003 0.824477884375 0.443349590625 0.7873664546875 0.4521540796875 0.7613028046875 0.512953484375 0.7842124218750001 0.5222515859375 0.788458728125 0.51254125625 0.8050005171875 0.5190328953125001 0.79269850625 0.5723187578125 0.8367796578125001 0.5873733109375 0.8605442 0.5928597890625 0.8751889953124999 0.592699521875 0.883976146875 0.5546381921875 0.893309434375 0.5467704484375 0.9053603828125001 0.494572053125 0.9035263312499999 0.4829807 0.8693472171875 0.444354159375 0.8929219906249999 0.3856528171875 0.8862628890625001 0.36674310781249997 0.8716241671875 0.360690825 0.8510545265625 0.3759869515625 0.8427075500000001 0.4034592359375 0.8425586484375 0.43015152968750003
19 0.5902665015624999 0.532064865625 0.61629095 0.5380730828125 0.61935180625 0.524815053125 0.6165197046875 0.5184149765625 0.5389341515625 0.489812271875 0.5278102890625 0.46853545937499996 0.45315052031249997 0.46198955937499997 0.440047509375 0.47099149218749997 0.442754840625 0.4809708640625 0.5902665015624999 0.532064865625
15 0.5618636515625 0.43416915781250004 0.533757828125 0.41698974843750003 0.5243153140625 0.4188187734375 0.5235806015625 0.4480484890625 0.5337512984375 0.48647758281250003 0.5632864375 0.4953676234375 0.5900198140625 0.5015395093749999 0.5618636515625 0.43416915781250004
15 0.616755146875 0.433946240625 0.61624365 0.4338281515625 0.602326625 0.4435775875 0.5775139421875 0.43384012812500006 0.5715102046875 0.451162725 0.5920733171875 0.50535443125 0.6169324484375001 0.51416718125 0.624608146875 0.51593925625 0.62895728125 0.49710108281250004 0.616755146875 0.433946240625
19 0.982630359375 0.632203984375 0.9907952906249999 0.59466716875 0.8569187406250001 0.5971676703125001 0.8581599140625 0.630862553125 0.96606558125 0.6669329234375 0.97418005 0.6688062968749999 0.982630359375 0.632203984375
4 1 0.270435078125 0.8174917296875 0.23527685625 0.796111296875 0.310520803125 0.7994044375 0.3179627515625 0.9925493765625 0.3683631578125 1 0.3700832703125 1 0.270435078125