14 0.86875 0.416796875 0.840625 0.379296875 0.828125 0.341796875 0.8328125 0.2688802078125 0.821875 0.2501302078125 0.7953125 0.241796875 0.7734375 0.2501302078125 0.7578125 0.289713540625 0.75625 0.333463540625 0.7640625 0.3688802078125 0.7390625 0.398046875 0.728125 0.429296875 0.721875 0.5563802078125 0.6328125 0.573046875 0.6125 0.5938802078125 0.6078125 0.629296875 0.6171875 0.648046875 0.690625 0.683463540625 0.7140625 0.6751302078125 0.7765625 0.679296875 0.7796875 0.6876302078125 0.7734375 0.7022135406250001 0.7838522515624999 0.7359375 0.7876395078125 0.7359375 0.8125 0.723046875 0.84375 0.654296875 0.8609375 0.629296875 0.8703125 0.629296875 0.8828125 0.541796875 0.86875 0.416796875
19 1 0.51875 0.94375 0.49375 0.921875 0.5270833328125 0.8859375 0.6291666671875 0.878125 0.6375 0.8515625 0.6416666671875 0.803125 0.7291666671875 0.78125 0.7333333328125 0.7734375 0.7270833328124999 0.7765625 0.6770833328125 0.71875 0.6708333328125 0.709375 0.6833333328125 0.7328125 0.7125 0.7078125 0.73125 0.703125 0.775 0.6953125 0.7875 0.5546875 0.8229166671874999 0.54375 0.8479166671874999 0.5390625 0.8916666671875 0.5453125 1 1 1 1 0.66875 0.95625 0.6541666671875 0.9515625 0.6458333328125 0.9703125 0.6229166671875 0.9859375 0.5666666671875 1 0.5479166671875 1 0.51875
15 0.9981616624999999 0.5484375 0.9515591890625 0.6375 0.9484341890625 0.65625 0.9981551734374999 0.6703125 0.9984375 0.6703125 0.9984375 0.5484375 0.9981616624999999 0.5484375
15 0.8802440234375 0.6359375 0.946875 0.464453125 0.8734375 0.451953125 0.878125 0.572786459375 0.853125 0.6311197921875 0.8736002578125 0.6359375 0.8802440234375 0.6359375
15 0.6453125 0.5 0.61875 0.55 0.6203125 0.5604166671875 0.6859375 0.5666666671875 0.725 0.5583333328125 0.7328125 0.43333333281249997 0.6953125 0.42083333281249996 0.6453125 0.5
19 0.5140625 0.4601562515625 0.5125 0.499739584375 0.5234375 0.599739584375 0.60776366875 0.640625 0.6095102156250001 0.640625 0.61875 0.587239584375 0.6421875 0.568489584375 0.6203125 0.5497395843749999 0.671875 0.4518229171875 0.525 0.4476562515625 0.5140625 0.4601562515625
19 0 0.7854166671875 0.015625 0.7833333328125 0.0234375 0.7604166671875 0.05625 0.7541666671875 0.1703125 0.7416666671875001 0.190625 0.74375 0.20625 0.7604166671875 0.24375 0.7583333328124999 0.2546875 0.75 0.2640625 0.6354166671875 0.240625 0.6020833328124999 0.26875 0.5875 0.275 0.5416666671875 0.2703125 0.5145833328125 0.215625 0.48541666718750004 0.178125 0.4770833328125 0.028125 0.47083333281249995 0 0.475 0 0.7854166671875
9 0.5109375 0.69375 0.5828125 0.6708333328125 0.578125 0.65625 0.53125 0.6375 0.5203125 0.60625 0.515625 0.5395833328124999 0.509375 0.525 0.390625 0.50625 0.3890625 0.5479166671875 0.4 0.65 0.40625 0.6604166671875 0.5109375 0.69375
21 0.4734375 0.866796875 0.4359375 0.8272135421875 0.4359375 0.7959635406250001 0.4453125 0.779296875 0.453125 0.779296875 0.453125 0.804296875 0.465625 0.8084635421874999 0.4734375 0.8022135421875 0.4703125 0.777213540625 0.475 0.773046875 0.6125 0.7563802078124999 0.621875 0.804296875 0.69375 0.7938802078125 0.7015625 0.7876302078124999 0.7046875 0.7251302078124999 0.7359375 0.714713540625 0.721875 0.698046875 0.528125 0.6063802078125 0.5203125 0.6063802078125 0.525 0.629296875 0.5796875 0.652213540625 0.5828125 0.6626302078124999 0.5265625 0.685546875 0.4875 0.679296875 0.4046875 0.654296875 0.4 0.627213540625 0.3734375 0.623046875 0.3625 0.591796875 0.3203125 0.591796875 0.246875 0.595963540625 0.2375 0.6084635406250001 0.415625 0.773046875 0.41097244218749995 0.9984375 0.4290771484375 0.9984375 0.4421875 0.9751302078125 0.4578125 0.9626302078125001 0.4765625 0.9251302078125001 0.4765625 0.8959635421875 0.4703125 0.8834635421874999 0.4734375 0.866796875
2 0.3953125 0.5833333328125 0.359375 0.5833333328125 0.359375 0.6041666671875 0.3609375 0.6041666671875 0.3609375 0.6083333328125 0.3625 0.6083333328125 0.3640625 0.6166666671875001 0.365625 0.6166666671875001 0.365625 0.61875 0.36875 0.6208333328125 0.36875 0.625 0.3703125 0.625 0.3703125 0.6270833328125 0.3734375 0.6270833328125 0.3734375 0.6291666671875 0.38125 0.6291666671875 0.38125 0.6270833328125 0.4 0.6270833328125 0.4 0.6145833328125 0.3984375 0.6145833328125 0.3984375 0.6 0.396875 0.6 0.396875 0.5854166671875001 0.3953125 0.5854166671875001 0.3953125 0.5833333328125
16 0.8484375 0.3791666671875 0.85625 0.3729166671875 0.890625 0.3729166671875 0.8921875 0.43333333281249997 0.8703125 0.43125 0.8890625 0.43541666718750005 0.89375 0.4479166671875 0.903125 0.375 0.921875 0.3729166671875 0.9046875 0.36875 0.9046875 0.3229166671875 0.9296875 0.3166666671875 0.9265625 0.45625 0.9453125 0.1875 0.8046875 0.1625 0.778125 0.16875 0.775 0.25 0.8015625 0.2416666671875 0.878125 0.25625 0.8625 0.3 0.83125 0.3 0.828125 0.3104166671875 0.896875 0.3166666671875 0.89375 0.36666666718749996 0.8453125 0.3625 0.859375 0.325 0.85625 0.32083333281250004 0.83125 0.36875 0.8484375 0.3916666671875 0.8484375 0.3791666671875