10 0.201722946875 0.9514549562499999 0.2923710859375 0.9690135890624999 0.397398071875 0.9646775671875 0.40605613749999997 0.9626786953125 0.48934226406250003 0.8080799984375 0.487465059375 0.7721651140625 0.45782111406250003 0.6229252093750001 0.44434682968750006 0.5576157187499999 0.437904878125 0.5505504265625001 0.399022759375 0.5488364031249999 0.1259158640625 0.588368628125 0.018409453125 0.6367079078125 0.0877693625 0.937138678125 0.170217465625 0.9330709671875 0.1380129296875 0.953334771875 0.158625609375 0.9592666281250001 0.201722946875 0.9514549562499999
6 1 0.5838713125 0.7926495375 0.60762985 0.7905419265625 0.612392696875 0.7990914890624999 0.6146951421875 0.8684226703125001 0.6093794453125 0.8861121750000001 0.6651632421875 0.8777982421875 0.6777733312499999 0.9032139109375 0.6975632640625 1 0.6861513 1 0.5838713125
6 0.6259158609375 0.6911577890625 0.6291937859375001 0.6775722187500001 0.6672551171875 0.66878506875 0.6821248984375 0.6290038390625 0.7657433171875 0.61611340625 0.7593013656250001 0.6090481140625 0.7400946312500001 0.609206071875 0.4696961625 0.6400950062499999 0.46519317187500003 0.641134603125 0.4782378984375 0.7252519328125 0.5166513687500001 0.7249360203124999 0.620120590625 0.7112044015625 0.62754254375 0.709490909375 0.6571857125 0.69462924375 0.6259158609375 0.6911577890625
6 0.7856699984375 0.799668721875 0.6040268046875 0.8116704875 0.593719159375 0.79480699375 0.5992212046875001 0.770017278125 0.5836445328125001 0.7650609 0.559054875 0.8113624093749999 0.48105762187499995 0.820816959375 0.441481671875 0.9133409953125 0.41337845937499995 0.9583155375000001 0.39803741718749996 0.968271696875 0.37074976875 0.9681571453125001 0.364543446875 0.9760043890625001 0.45355001093749997 0.9725606734375001 0.45378302968749995 0.959678075 0.46502535937499995 0.9528063109374999 0.47427919999999996 0.97205123125 0.48481986250000003 0.9760321281250001 0.5773399828125 0.9739153765624999 0.8025465515624999 0.9283367453125001 0.7856699984375 0.799668721875
4 0.3618481046875 0.366991328125 0.352591653125 0.3199512765625 0.4504973078125 0.2994861078125 0.45822608281250005 0.291287378125 0.4119252828125 0.055992890625 0.4012265515625 0.00965159375 0.1363188171875 0.0708103625 0.22131637187500003 0.42509323749999994 0.3072472578125 0.4065908625 0.35889356875 0.394667371875 0.3618481046875 0.366991328125
4 0.549105134375 0 0.6120346859375 0.346247640625 0.6271427093749999 0.34917407968749997 0.9028325031250001 0.2995575765625 0.921006778125 0.295361715625 0.8528171531250001 0 0.549105134375 0
16 0.49165388125 0 0.47980962343750005 0.0027344625 0.40602954062499996 0.0235096703125 0.45676526093750003 0.291891903125 0.444469125 0.301145090625 0.3445723703125 0.31993180625 0.35992124531249997 0.393361046875 0.5756325625 0.355854434375 0.5890808859375001 0.35274964375 0.6175679796875 0.342431146875 0.5510653609375 0 0.49165388125 0
16 0 0.47038054999999995 0.2209093546875 0.42331633750000003 0.15939734218749999 0.13604067343749998 0.14592566875 0.0985263171875 0.11032147656249999 0.08322672187499999 0.12261761093750001 0.0739735359375 0 0.1022820421875 0 0.47038054999999995
20 0.566667140625 0.8096049796875 0.5969918625 0.7256311578125 0.594648621875 0.71548146875 0.58457660625 0.7135305093750001 0.48432771093750004 0.7238459890625 0.4796438421875 0.7313417453125 0.4913626546875 0.8098853203124999 0.5063541687499999 0.8192530578125 0.566667140625 0.8096049796875
13 0.6300123921874999 0.7714611062500001 0.6180405390625 0.759792625 0.6173112953125 0.7599609828125 0.5981599937500001 0.8001961468750001 0.59898078125 0.810697321875 0.6078747109375 0.816661996875 0.6388095578125 0.809520125 0.6300809890625 0.7717125375 0.6300123921874999 0.7714611062500001
18 0.6793208453124999 0.7002096140625 0.7942091140625 0.690790634375 0.8895385109375 0.6730583765625 0.895276184375 0.6631811953125 0.8873091687500001 0.62867225625 0.8655235640625 0.6037679890625001 0.6856384531249999 0.6303308046875 0.674864771875 0.6392325046875 0.6657326640625 0.6691365546875 0.6698339875 0.6938472921875001 0.6793208453124999 0.7002096140625