19 1 0.62889845625 0.860145715625 0.5404708828125 0.7752261125000001 0.5020301 0.6976048703125 0.48396317343749995 0.5494790921875 0.46560535468750003 0.5124601140625 0.46819397343749997 0.416495009375 0.4957887125 0.2657120359375 0.5794272078125 0.017140253124999998 0.7625774265625 0.034607107812499996 1 0.1335807 1 0.10995305625 0.857897828125 0.10917656093749999 0.8187942390625 0.1238302796875 0.7903590312500001 0.1576292875 0.7697218953125 0.23556397968749998 0.7642721703124999 0.5358440640625 0.77460085 0.797502315625 0.6805986749999999 0.8366513187500001 0.6804716359375 0.8735634359375 0.7183536375 0.9203420546875 0.8273351671875 0.9465470546875 0.9220921890625 0.96644390625 0.9546376999999999 0.9752835093750001 0.9648532578125 1 0.9631249125 1 0.7418559250000001 0.98638708125 0.707853715625 0.9891440062499999 0.66328199375 1 0.6566156609375 1 0.62889845625
15 0.45026231718750004 1 0.9685500656249999 0.963757790625 0.9467196281250001 0.92456011875 0.9206962859375001 0.8324009203125 0.8758660359375 0.72328315 0.8471107015625 0.6900518203125 0.8267187406250001 0.6784251359375 0.7918297875 0.6834753359375 0.5340682703125 0.7772050234375001 0.2513234921875 0.7656501546875 0.15585349531249998 0.7723260671875 0.1202877765625 0.7956972718750001 0.10971245 0.8264578171875 0.1197855390625 0.9145113140625 0.13723970937500002 1 0.45026231718750004 1
5 0.21059386875000002 0.6110835453125001 0.22121559687499998 0.6103408015625 0.2640978546875 0.575942778125 0.263039109375 0.560802015625 0.24864708906250002 0.45368369062499997 0.24277705468750002 0.4397362703125 0.20380970937499998 0.4424611328125 0.203083078125 0.432069840625 0.187496140625 0.4331597859375 0.21059386875000002 0.6110835453125001
21 0.5835071484375 0.46434328281250004 0.6858934375 0.47760317187499995 0.6863892921875 0.47756849843750004 0.684879965625 0.455984109375 0.5835071484375 0.46434328281250004
5 0.688710859375 0.48066931406249996 0.7137012515625 0.48805865624999994 0.8245765296875 0.477694975 0.8242630796875 0.5012116265625 0.7883091125 0.505031034375 0.8525678953125 0.5317334078125 0.8528396828125 0.531714403125 0.8544158765625 0.461330278125 0.8526681593750001 0.4363367796875 0.829463478125 0.435584834375 0.82647503125 0.44884643593750007 0.7212631984375 0.4562035640625 0.71840654375 0.443350690625 0.6882976796875 0.446761371875 0.688710859375 0.48066931406249996
21 0.82420925 0.47734249999999995 0.7208897640624999 0.48586219531249997 0.7837987734375 0.5036495890625 0.783900528125 0.5036424734375 0.8236581218750001 0.49956013906249996 0.8246460203125 0.48358860468750003 0.82420925 0.47734249999999995
21 0.9439596124999999 0.556799509375 0.944009478125 0.5855118078125 0.9620431421875001 0.5945623484375 0.9622749 0.5945461421875 0.9644334999999999 0.513599425 0.968486959375 0.5015686140625 0.9805217796875001 0.49517968906250004 0.9798019218749999 0.4848852453125 0.8685253906250001 0.4720112453125 0.8541851218750001 0.476929803125 0.85729823125 0.53544894375 0.8961337859375 0.5588385546875 0.9388162078125 0.5532433828125 0.9439596124999999 0.556799509375
21 0.26215502343749997 0.507560165625 0.2706671046875 0.573990190625 0.27157929531249997 0.573926403125 0.284388490625 0.5595212265625 0.2980270625 0.5585675250000001 0.399787403125 0.501851759375 0.4899895140625 0.46884015 0.489936225 0.4680780890625 0.438704884375 0.47041459999999996 0.40843929531249995 0.48558360624999997 0.3744087640625 0.47491062343749996 0.2536099921875 0.4833576953125 0.2536349234375 0.49771384531249996 0.26215502343749997 0.507560165625
13 0 0.5174603906249999 0.0038338421875 0.5722868890624999 0.07595228125 0.5672438765625001 0.125287328125 0.5620029875 0.11247802031250001 0.37882135625 0 0.385481853125 0 0.5174603906249999
4 0 0.22102672031249998 0.10570889531250001 0.22462000468749999 0.11441065156250001 0.23706414687500002 0.17748503437500002 0.2430956578125 0.2201674578125 0.23750048750000002 0.2736816625 0.24681103906250002 0.2830601828125 0.240934178125 0.3969737734375 0.24602119218750002 0.401208890625 0.236588203125 0.398359365625 0.1258401171875 0.45948538125000005 0.13200787187500002 0.515806375 0.12545900000000001 0.5463034875 0.14160011249999999 0.5994543765625 0.14571501874999998 0.6359283828125 0.1353329296875 0.6477610515625 0.3185475765625 0.7177809890625 0.32030814531249996 0.73018559375 0.31944073125 0.7330261671875 0.2499326390625 0.7274250624999999 0.146033803125 0.7218566281250001 0.066401478125 0.326327990625 0.01092338125 0.2897688375 0.013479845312499999 0 0.034794884375 0 0.22102672031249998
10 0 0.3825191609375 0.0233294109375 0.38139945468750003 0.10996676875 0.3753411796875 0.11383779999999999 0.353468390625 0.10316987343749999 0.2289091265625 0 0.22188534999999998 0 0.3825191609375
18 0.271623759375 0.3419780796875 0.2736219921875 0.3705541328125 0.2718552828125 0.3732882 0.272036940625 0.37588602187500003 0.26285916875000004 0.3790338984375 0.26326608125 0.38485302187500003 0.2660351125 0.3880530765625 0.27188021562500003 0.387644346875 0.2732094328125 0.3905535046875 0.279135715625 0.3901390984375 0.279673684375 0.38709937499999997 0.2855187859375 0.38669064531249997 0.28816885000000003 0.3825895453125 0.2867405234375 0.3761631109375 0.27894705468750003 0.3767080828125 0.2778820421875 0.3754772921875 0.275883809375 0.34690123906250003 0.27765051875 0.344167171875 0.2772872046875 0.3389715265625 0.28011892656250004 0.3374682515625 0.2843789765625 0.34239141093750003 0.28667569843749996 0.3388371234375 0.2865303734375 0.336758865625 0.28453570156249997 0.3306330859375 0.28134066406249997 0.326940715625 0.2774439296875 0.3272132015625 0.2730271546875 0.3340483671875 0.27339047031249997 0.33924401249999997 0.271623759375 0.3419780796875
6 0.6451401015625 0.3776634703125 0.5870523984375 0.3869464109375 0.21735772187500002 0.3919137734375 0.11993935625 0.3987259296875 0.11747095 0.40542485156249997 0.12001415468750001 0.4417943734375 0.1368477625 0.4445330421875 0.200417253125 0.429645728125 0.21088571875 0.4393558046875 0.2812085984375 0.437048875 0.28063869375 0.41489925781250003 0.2969273296875 0.40984445625 0.30368071875 0.42242484375 0.39860574375 0.40795546250000003 0.4053591328125 0.420535846875 0.45089821093750004 0.4277935484375 0.566301096875 0.4217469484375 0.674732434375 0.414164690625 0.6765455 0.4067937 0.76458534375 0.40585840781250004 0.7663271203125 0.38876819218750003 0.7551569578125 0.383022971875 0.6575569359375 0.3872373046875 0.6451401015625 0.3776634703125
20 0.5024270953125 0.3828134640625 0.46062802812500003 0.3870416015625 0.4717981921875 0.392786821875 0.48933349687499994 0.391560634375 0.49023875781250004 0.39260680468750003 0.5937944796875 0.38536548437499996 0.5936784453125 0.383706125 0.5569813796875 0.37899865625 0.53962773125 0.3828226671875 0.53749770625 0.3803610875 0.50419380625 0.380079396875 0.5024270953125 0.3828134640625
5 0.4020423671875 0.42070251406250003 0.40189552656250005 0.41860260625 0.398888915625 0.4078051328125 0.3891470796875 0.4084863484375 0.38491196250000004 0.41791933593749997 0.3985596640625 0.42094604843749994 0.4020423671875 0.42070251406250003
5 0.3049929671875 0.46906149218750004 0.3623789734375 0.46374340781249995 0.3543789140625 0.4473344109375 0.303721365625 0.45087673125 0.3026314203125 0.43528979218749997 0.351522259375 0.43448153906250003 0.35664073125 0.42368151718749997 0.3847923109375 0.4204081171875 0.384792234375 0.4204070203125 0.2995931078125 0.419839096875 0.29709976875 0.412181871875 0.283461196875 0.4131355734375 0.28679217968750004 0.474184740625 0.3035366078125 0.47301385625 0.3049929671875 0.46906149218750004
5 0.886487684375 0.41319310781249996 0.883292646875 0.4095007375 0.881137690625 0.3926830078125 0.8763576000000001 0.394322528125 0.8742525078125001 0.406217096875 0.8597305828125 0.40853783125 0.8569736578124999 0.4531095515625 0.859128615625 0.46992728125000005 0.8727671859375 0.46897357968750003 0.8763006062500001 0.463505446875 0.9175796328124999 0.4658399875 0.9452200906250001 0.4691282296875 0.9507578703125 0.479444146875 0.9685066484375 0.47820303124999997 0.9720591203125 0.41895673593750005 0.970449134375 0.409932475 0.952732171875 0.40856084218750005 0.949380409375 0.416626796875 0.9357418390625 0.41758049843749995 0.886487684375 0.41319310781249996