21 0 0.847104765625 0.331560890625 0.96874985625 0.34490664843749996 0.9748330953125001 0.3452154515625 0.98158238125 0.37338103437500003 0.9855407953125 0.3757549515625 0.9686495031250001 0.402348890625 0.97028323125 0.45417628906249996 0.8934148000000001 0.466167121875 0.8866847703125 0.4476977015625 0.995985321875 0.46779993906249995 0.9988105078125 0.492080821875 0.84825055625 0.5457454578125 0.7695365234375 0.543133184375 0.7544427390624999 0.43868945937500003 0.722933671875 0.4192576578125 0.793835971875 0.2020566296875 0.767517971875 0.1979946359375 0.76273948125 0.213071721875 0.655460440625 0.0751674203125 0.6150411796874999 0.0742975890625 0.62123035625 0.10853320156249999 0.64707993125 0.13851167343749998 0.6470855156249999 0.1618186546875 0.6608801359375 0.15079522812499999 0.6719537390625 0.161723859375 0.6840086953125 0.1615314890625 0.6966045046875 0.08262228125 0.71917545625 0.0686966359375 0.717218334375 0.0393928484375 0.6899580734375 0.012508965624999998 0.69038740625 0 0.6841683890625 0 0.847104765625
9 0.45997384218750004 0.616395521875 0.4596811203125 0.5847972703125001 0.2598139453125 0.5530261078125001 0.2307055015625 0.5489351828125 0.222365271875 0.55565231875 0.1942407078125 0.755768990625 0.1985048234375 0.768465165625 0.4067447875 0.797731384375 0.42324019843749994 0.7879527703125 0.45997384218750004 0.616395521875
2 0 0.6856793578125 0.00939625625 0.69008143125 0.0375374890625 0.6919326156250001 0.0735676359375 0.717771421875 0.083655809375 0.719189221875 0.1627707171875 0.6990139609375 0.1617057375 0.6841376359375 0.15077710625000001 0.6720826796875 0.1593834078125 0.66698079375 0.15590130156249998 0.6580761859375001 0.1369462578125 0.6469969984375 0.1069677859375 0.6469914140624999 0.0630608921875 0.6113673984375 0.019351925 0.6304701921875 0 0.634256084375 0 0.6856793578125
21 0 0.6371201421875 0.042264421875 0.624617665625 0.051450610937499995 0.6153896624999999 0.0467111546875 0.6042045390624999 0 0.5934920406249999 0 0.6371201421875
15 0.20249026250000002 0.382713640625 0.1819934796875 0.43873961250000004 0.1330683 0.5286387703125001 0.197898178125 0.5459022703125 0.24489719999999998 0.5525075515625 0.29185967968750004 0.5551630578125 0.31554584375 0.47644344062500005 0.3516103609375 0.3994634875 0.2689263234375 0.38153158125000003 0.218057996875 0.361759659375 0.20249026250000002 0.382713640625
15 0.3854333671875 0.405794859375 0.375957234375 0.41708592031249997 0.3380610359375 0.56323409375 0.45874995781249994 0.580195815625 0.4593326234375 0.60973100625 0.48632627343749996 0.62115101875 0.49357922656250003 0.6221703546875 0.5129080203124999 0.621468153125 0.5204437859375 0.5341673234375001 0.5453873 0.45772822187499995 0.5430649703125 0.44057138125 0.4948089171875 0.43589324218750003 0.3854333671875 0.405794859375
19 0.93464336875 1 0.956299665625 0.845907446875 0.9329926828125 0.8321128265625 0.8921775984375 0.7632624171875 0.8949794640625001 0.73209908125 0.8045561796875 0.6794185765625 0.808423025 0.663131565625 0.8664396 0.5871329671875001 0.8697265578125 0.5749720734375 0.7870425203125 0.5570401687500001 0.7712824171875 0.5905899546875 0.7665512953125 0.6803887609375 0.7558178125 0.6893993046875 0.74189216875 0.6874421828124999 0.685414553125 0.6626743125 0.5903521656249999 0.64300274375 0.5889972421875 0.6301894765625 0.6116212046875 0.57025484375 0.6188698046875001 0.51867838125 0.5425673140625 0.4890204984375 0.5339610125 0.49412238437499995 0.5219729578125001 0.534513721875 0.51501708125 0.617688434375 0.5045735421875001 0.624635921875 0.46211914531250003 0.6123579234375 0.43930559062499996 0.7185496734375 0.5341756078125 0.7508170515625 0.5438468890625 0.760591490625 0.53998004375 0.7768785015625 0.4908597140625 0.8457121578125 0.481773878125 0.8991342187500001 0.4852559828125 0.908038828125 0.6498517984375 0.9606245640625 0.65874804375 0.9534596203125 0.6626148890625 0.937172609375 0.6942354500000001 0.91426709375 0.6786538640625001 1 0.93464336875 1
15 0.7414307703125 0.6869828734375 0.7462015890625 0.68765336875 0.7656633421875 0.6867068765625 0.7733914765625001 0.5868102375 0.7925333343750001 0.517970996875 0.6343937171875 0.47944141562500003 0.628929840625 0.47867351718749995 0.6234907859375001 0.4857983859375 0.6041593375 0.6008947453125 0.5877217703125 0.6280379 0.5869495125 0.6447598265625001 0.6956476015625 0.668451575 0.7414307703125 0.6869828734375
15 1 0.5344939625 0.9321745218749999 0.512350596875 0.9146719750000001 0.5246174265625 0.8578151765625 0.5923637937499999 0.8053103171875 0.662825590625 0.8008635828124999 0.6832387171875001 0.9021179234375 0.7374414296875 0.9829563875 0.65623500625 1 0.534963403125 1 0.5344939625
15 0.9571513749999999 0.8398472109374999 0.9783488046875 0.6666324421875001 0.9778486281250001 0.666562146875 0.9198128406249999 0.7125787890625 0.889547203125 0.7482975749999999 0.8928369390625001 0.769797990625 0.9391745281249999 0.8410023921875001 0.94175126875 0.8413645296875 0.9571513749999999 0.8398472109374999
19 0.31785009375 0.3477775890625 0.2891289734375 0.350052521875 0.24696729999999997 0.36937277343749997 0.2687269875 0.38294993593750004 0.3498637296875 0.400664384375 0.347544178125 0.4171688515625 0.3126394375 0.48589657031250005 0.29591470625 0.54876409375 0.3246066359375 0.558976415625 0.3357813921875 0.5605469249999999 0.3627327296875 0.4887291078125 0.381197125 0.4134832359375 0.3898034265625 0.40838135 0.4464734109375 0.4205534125 0.3863185421875 0.36581543125 0.31785009375 0.3477775890625
19 0 0.5988231609375 0.016000857812499998 0.59817914375 0.1883331421875 0.651852171875 0.21241238125 0.648924865625 0.2232351046875 0.5494631437499999 0.15418676874999998 0.5355514171875 0.1352317234375 0.5244722296875 0.1929555765625 0.41687537968750005 0.1982721421875 0.3902730765625 0.183089146875 0.3860354390625 0.012404509375 0.376773928125 0 0.465036596875 0 0.5988231609375
14 0.9001511843750001 0.26867340156249997 0.876456684375 0.2464090875 0.8546022000000001 0.2559604875 0.8385521515625 0.291573334375 0.837587525 0.320891065625 0.849965875 0.3226307296875 0.8497735046875 0.3352265390625 0.8080049062500001 0.43033910156250005 0.7880907890625 0.515900271875 0.795247371875 0.5211136749999999 0.7931229671875 0.55868364375 0.8269640984375 0.564886075 0.842497475 0.5670691484375 0.85008011875 0.5351313375 0.8608136015625 0.5261207953125 0.8881686859375 0.3763873578125 0.8850685421875 0.3086298203125 0.8975416875000001 0.287240928125 0.9001511843750001 0.26867340156249997
19 0.8861265546875 0.31232869218750003 0.9009192531249999 0.274435328125 0.8901829921875001 0.2497845640625 0.870358115625 0.2448945515625 0.8549827515624999 0.2532527234375 0.837965296875 0.28452199375 0.8323587874999999 0.31318735468750003 0.8394205734375 0.3415293203125 0.806258275 0.4315399984375 0.7887612859375001 0.511129446875 0.7946632953125 0.5477236484375 0.8000774343750001 0.5316540953125 0.8111984359375001 0.53111324375 0.8129408765624999 0.5523962015625 0.831895921875 0.5634753906250001 0.8438867546875001 0.5567453609374999 0.861484096875 0.521349971875 0.88941906875 0.36749041875 0.8861265546875 0.31232869218750003