4 0 0.31541990625 0.097196809375 0.3111617140625 0.21135898437499998 0.286008 0.299958925 0.2655530921875 0.25211400781250004 0.0444778375 0 0.1026829421875 0 0.31541990625
4 0.5454979734375 0 0.44502816875000006 0.0187823953125 0.4466697421875 0.039784743750000004 0.4603744328125 0.064416503125 0.6717624125 0.02844254375 0.732811 0.3692785375 0.7486259125 0.4169425828125 0.7707610453125 0.422522953125 0.812804578125 0.4170927046875 0.96446474375 0.3863554640625 0.925792140625 0.12160264218750001 0.897717959375 0 0.5454979734375 0
4 1 0.4430321984375 0.9914028640625 0.4057939109375 0.5761226609375 0.48242569843750005 0.607524690625 0.6462266546875 1 0.5813916140625001 1 0.4430321984375
5 0.258046446875 0.549444978125 0.24984641093749999 0.5278186359375 0.21939734687499998 0.53484835625 0.21518212656250002 0.5443740515625 0.248691765625 0.703412159375 0.2841768375 0.6973579187500001 0.28159796875 0.6722956953125 0.3013898609375 0.6677263765625 0.3752884015625 0.661356221875 0.507156675 0.6351882984375 0.520273596875 0.6364362859375 0.5269511796875 0.6584141140625 0.5554091421875 0.6497059421875 0.5235384640625 0.48387504843749995 0.4926207515625 0.4888748328125 0.492739871875 0.510228665625 0.28943280625 0.546475134375 0.258046446875 0.549444978125
6 0 0.5569678046875 0.00429143125 0.5755560359375 0.2421462734375 0.529195453125 0.2683801171875 0.531691428125 0.3798713421875 0.514504184375 0.5108023187499999 0.4842763859375 0.5405497171875 0.48809932656250005 0.9522577828125 0.416434865625 0.9917543500000001 0.40731636406250005 0.9842852734375 0.37496423437500004 0.914135915625 0.3975738890625 0.8168154171875001 0.413627696875 0.771726978125 0.41976091562500006 0.7460782921875 0.4128535796875 0.59957064375 0.43812500156249995 0.5721664843750001 0.44445175 0.565843653125 0.4587402921875 0.391931846875 0.4903384625 0.374247565625 0.49014493281249993 0.380570396875 0.475856390625 0.365931021875 0.47495988906250003 0.0460967234375 0.5274181203125 0 0.54411511875 0 0.5569678046875
4 0.33504514375 0.5364792296875 0.37176244375 0.5280023734375 0.37086420000000003 0.5241116578125 0.3652548640625 0.5138696640625 0.25727719531250004 0.532383871875 0.25645901875 0.5496778328125 0.2614950265625 0.5506533109375 0.33504514375 0.5364792296875
21 1 0.581979809375 0.0419004359375 0.7384585312499999 0.1022820421875 1 0.55002185 1 0.6640729999999999 0.9736692171874999 0.6594626265625 0.93370816875 0.6730429734375 0.8813958265625 0.704659740625 0.8377482484375 0.748223115625 0.8041713828124999 0.8383973828125001 0.7641098109375 0.9541038281249999 0.7373968734374999 1 0.7338201625 1 0.581979809375
4 0.28320829375 0.672324821875 0.2862558109375 0.6994169828125 0.3862893203125 0.6818013953125 0.4031631671875 0.6779057609375 0.3977444234375 0.6544346062499999 0.28320829375 0.672324821875
4 0.2674985078125 0.590560003125 0.2737474609375 0.6313454562499999 0.37970491093750003 0.61276311875 0.38922023437500003 0.6105663328125 0.380433084375 0.5725050015625001 0.27448275624999996 0.5889475625 0.2674985078125 0.590560003125
4 0.21918764999999998 0.7075510546875 0.2466643828125 0.70120755 0.21567941249999997 0.5395820765625 0.013426151562499999 0.5734471203125 0.0046285203125 0.576948121875 0.020241945312500002 0.6445772937500001 0.0409148328125 0.7341894171875001 0.21918764999999998 0.7075510546875
20 0.5615995093749999 0.440877828125 0.3957025796875 0.4711601515625 0.384107478125 0.473837090625 0.36965389375 0.49160636562500004 0.41767072968749996 0.4912114734375 0.5557019765625 0.4630861828125 0.573895278125 0.45888592812500006 0.5732899406249999 0.45626392656250003 0.5615995093749999 0.440877828125
13 0.49461315937499994 0.50445085 0.49250424375 0.4953161328125 0.4924076015625 0.4950711765625 0.3717816578125 0.5143673375 0.37201728749999996 0.529279871875 0.3777268109375 0.531436190625 0.49461315937499994 0.50445085
13 0.39917900624999997 0.6537025078124999 0.403280328125 0.6784132453125 0.4083163359375 0.679388725 0.5269511796875 0.6584141140625 0.5193363015625 0.6323764109375001 0.39917900624999997 0.6537025078124999
13 0.503547415625 0.5500953203125001 0.38034521250000003 0.5721243890625 0.3872584234375 0.6090147531250001 0.3927630796875 0.6120201703125 0.47036465625 0.5982470671875 0.5124224374999999 0.5885372640625001 0.503547415625 0.5500953203125001
13 0.5789631875000001 0.48778341249999996 0.5273162859375 0.4932926390625 0.5577810203125 0.6530337171875 0.5824844734375 0.6493349765625 0.6100468109375 0.642971709375 0.5789631875000001 0.48778341249999996