4 0 0.129914978125 0.412617884375 0.19115041875 0.42084733124999996 0.196840221875 0.4284698234375 0.26104824375 0.463051740625 0.26280688125 0.476393246875 0.2744044765625 0.4961039953125 0.2762893234375 0.5997877796875 0.269039046875 0.5931214734375 0.08454945 0.5449073984374999 0.0670366984375 0.5338113250000001 0.042751565625 0.423064278125 0.0045505 0 0.0341340359375 0 0.129914978125
4 0 0.517460384375 0.016059390625 0.747120378125 0.08464521875 0.779654909375 0.10158876562500001 0.7784701015625 0.2797693 0.732856828125 0.2893722234375 0.7133895406249999 0.30213242500000004 0.7166741 0.308116440625 0.7350514421875001 0.321999359375 0.731992234375 0.44125226250000005 0.6902385296875 0.44462040937499997 0.6712072203125 0.4535365953125 0.664318478125 0.6096168453125 0.6116358703125 0.6057585859375 0.5116614765625 0.6007918531249999 0.5078319421875 0.49251534843749994 0.504961271875 0.39518959374999996 0.524297475 0.36840114687500003 0.5219938640625 0.3568035515625 0.5353353703125 0.3474513890625 0.5359893375 0.345311390625 0.5277852984375 0.2785782078125 0.5366285765625001 0.272659734375 0.47438981875 0.2676930015625 0.47056028593750004 0.180947559375 0.46200717343750003 0.0998954796875 0.46767488593750006 0 0.47872766875000006 0 0.517460384375
11 0.23351073125 0.4745168609375 0.2662433015625 0.47222797656250004 0.27305938125 0.48010503125000004 0.278356659375 0.5110609187499999 0.3359242703125 0.5083406625 0.376547790625 0.5054999890625 0.4353487578125 0.49381769999999997 0.4582931875 0.4859480078125 0.47130415000000003 0.47041924843749994 0.478356746875 0.36968189375 0.47167175156249996 0.2740820046875 0.46655969218750004 0.26817421406249997 0.33359484687499996 0.2482341328125 0.218792915625 0.24164292187499997 0.21455281093749998 0.2482046796875 0.22596802187499998 0.45624851250000004 0.23351073125 0.4745168609375
3 0.7489692765625 0.566127196875 0.750023615625 0.3572114078125 0.7681466390625 0.347590440625 0.77216163125 0.2930107484375 0.79003389375 0.3022031015625 0.7899683515625 0.34606451875 0.7755041296875 0.34081069375 0.7938522609375 0.3792076578125 0.769639790625 0.3913428625 0.7713580515625 0.4831132171875 0.8115934390625 0.47612284374999997 0.8067948484375 0.16110687968749998 0.8091457140625 0.1275277609375 0.8197260265624999 0.099638446875 0.8174407031250001 0.0893561484375 0.7672319562500001 0.06571761875 0.62244440625 0.011101109375 0.600477365625 0.010548775 0.5355935296875 0.0234395765625 0.5417627625 0.06686501406249999 0.5372719 0.09224009375 0.57472044375 0.11259406406250001 0.5786185953125 0.23553829531249998 0.5142761703125001 0.23377229531250002 0.5121760640625 0.2485380921875 0.5181600796875 0.266915434375 0.54864721875 0.277314090625 0.557816996875 0.49804546250000004 0.5619516671875 0.5123752828125 0.6026230328125 0.511619684375 0.607749334375 0.607328565625 0.6127160671875 0.6111581 0.7489692765625 0.566127196875
19 1 0.4904369296875 0.9975027765625001 0.4691270078125 0.8641418453125 0.46592198749999997 0.7716374984375001 0.487009465625 0.77662474375 0.6028291203125 0.77928574375 0.6026430453125 0.8957659421875 0.5597779640625 0.9506108781249999 0.5601196734375 0.9565550015625 0.555527178125 0.9526312000000001 0.4994142015625 0.97898366875 0.49548303593750004 1 0.50185004375 1 0.4904369296875
19 0.56138228125 0.750625575 0.57863618125 0.9749684921874999 0.6114764640625 0.9918594390625 0.756192328125 0.9817399203124999 0.7510271656249999 0.6851537953125 0.6988636390625 0.6783593234375 0.6379691453125 0.7035016859375001 0.632315675 0.7122506984375 0.6167287359375 0.7133406421874999 0.56138228125 0.750625575
19 1 0.6562621281250001 0.806321503125 0.62463883125 0.7744608890625 0.639397265625 0.78267284375 0.9798882234375 1 0.9646912265625 1 0.6562621281250001
21 0.77585281875 0.6372115125 0.8220323296875 0.6256286453125 0.9674626265624999 0.6474381078125 0.9723490453125001 0.647096415625 0.9715445624999999 0.6355917640625 0.956686953125 0.5577368984375 0.9334518718749999 0.561450075 0.87788030625 0.5507170718750001 0.7754823828124999 0.587115321875 0.77585281875 0.6372115125
9 0.9699833359375001 0.6132651828125 0.955803803125 0.5892554890625 0.8693490125000001 0.5848588953125 0.8657557546874999 0.5558722703125001 0.8398426703125 0.4746695703125 0.839775559375 0.47467426250000005 0.8672887984375001 0.6225945296875001 0.9102454874999999 0.6321212296875001 0.962326384375 0.6321341140625 0.9697734703125 0.6316133625 0.9700124765625 0.6136819124999999 0.9699833359375001 0.6132651828125
2 0.9622994640625 0.592978109375 0.9616273312500001 0.583366165625 0.956664753125 0.558130028125 0.9099039390625 0.5613998625 0.905413075 0.586774940625 0.9529797796875 0.5936298046874999 0.9622994640625 0.592978109375
15 1 0.500285203125 0.9601452234375 0.49497297968750004 0.950396975 0.5123620078125 0.9524315390625 0.5414576265625 0.9703180421875001 0.6404510703125 0.9806874875 0.6543449125 1 0.655558140625 1 0.500285203125
21 0.7489877171875 0.6313890515625 0.7500173671875 0.6035149515625 0.7433466140625 0.5977161546875001 0.7113406734375001 0.61039633125 0.7044191609375 0.6234108546875 0.7438338203125 0.631749446875 0.7489877171875 0.6313890515625