14 0.707987759375 0.26591776093749997 0.685619609375 0.2586155328125 0.6650069296875001 0.26454738906249997 0.6511857296875 0.28273785 0.629980059375 0.36764374375000003 0.6419240562499999 0.3853681671875 0.6044452703125 0.4087875109375 0.590624071875 0.426977971875 0.5586421078125 0.5307772984375 0.5923312375 0.5453703484375 0.6966192796875 0.569447140625 0.7017527109375 0.5638169859375 0.7113665250000001 0.45271542968749995 0.6936900765625 0.36952355937500003 0.7191083578125 0.32193849218750004 0.724263484375 0.299609178125 0.707987759375 0.26591776093749997
19 1 0.5300423859375 0.99676694375 0.5292959765624999 0.973694515625 0.538936221875 0.914191884375 0.6299675 0.8754236656250001 0.66591795625 0.749168721875 0.726571315625 0.61366255 0.778674459375 0.5945749359375 0.75716266875 0.0865572640625 0.4987607328125 0.0757835828125 0.4898590328125 0.0739116015625 0.47018364999999995 0.064075215625 0.45722207187499997 0 0.448718515625 0 0.8961143578125 0.449978153125 1 0.8867606921875 1 0.9032677453125 0.9759612343749999 1 0.5569678015624999 1 0.5300423859375
15 0.0739627875 0.35874525468749996 0.0711508984375 0.37092488125 0.07687812656250001 0.4919825953125 0.28561619375 0.5964332140625 0.28988774375 0.5974193796875 0.29203571250000004 0.5881155062500001 0.3027941953125 0.4650284875 0.2979938171875 0.45109143281249997 0.2417795578125 0.4445277484375 0.08450345000000001 0.35476435781250004 0.0739627875 0.35874525468749996
15 0.9395841375 0.547765390625 0.8665037718749999 0.55868919375 0.8155559265625 0.5918277625 0.7731602546875 0.5948687515625 0.5476041578124999 0.529966221875 0.42487060468750004 0.505907215625 0.40589688749999997 0.5186318562500001 0.390074140625 0.6496813015625 0.58494293125 0.7502617796875 0.610845121875 0.7789594390625 0.6130503515625 0.77946855625 0.7597972562499999 0.72220980625 0.879025090625 0.6642103796875001 0.9088916093750001 0.6390336046875 0.94637300625 0.587819128125 0.958438734375 0.5563945828125 0.9395841375 0.547765390625
9 0.2796869046875 0.41238754375 0.27617335 0.413714509375 0.273830109375 0.423864196875 0.27476479375 0.44759945468750006 0.2965477875 0.450490321875 0.3007630078125 0.4600160171875 0.2923247328125 0.5243500265625001 0.2932594171875 0.5480852859375 0.3185114546875 0.555919678125 0.35027536718749996 0.5632529546875 0.37968972343749996 0.5487960921874999 0.38156431562500004 0.5406763421874999 0.37184443906250003 0.5341560640624999 0.313406059375 0.5163882328125 0.3131756515625 0.475710503125 0.31915417968750004 0.41508488125 0.3120105609375 0.41129751406250004 0.2796869046875 0.41238754375
11 0.1496848234375 0.15586567499999998 0.0737977921875 0.1233788390625 0.0219536046875 0.3479406890625 0.028947387499999998 0.34955533125 0.0982526609375 0.35780498125000004 0.1246108484375 0.27836490625 0.1496848234375 0.15586567499999998
4 0.1022820421875 0 0.0895853734375 0.0549953140625 0.1298708234375 0.0749866109375 0.1168651875 0.13826616249999998 0.14485450312499998 0.1490042734375 0.148601075 0.16055990625 0.16031205312500002 0.16540173125 0.275252903125 0.19955501874999998 0.289581040625 0.20286292968750003 0.33213191875 0.025466253124999998 0.28988843750000004 0 0.1022820421875 0
19 0.7516122375000001 0.58401413125 0.7546419281250001 0.590860725 0.7654078421875 0.59334623125 0.8154387640625 0.5923352453125 0.8659179625 0.5612266140625 0.7834724703125 0.5293637703125 0.7688330953125 0.530260271875 0.7634449484375 0.5397069890624999 0.7516122375000001 0.58401413125
19 0.4773428625 0.45227378125 0.34418515312500003 0.438636971875 0.330250428125 0.505711028125 0.37311978125 0.5156081984374999 0.40683353125000005 0.5215207625 0.4308432546875 0.5078206421875 0.5601352703125 0.53125565625 0.5730217859375 0.4893299375 0.56786926875 0.48386411718750005 0.4773428625 0.45227378125
21 0.3825009578125 0.5435652484375 0.358491234375 0.55726536875 0.29244058906250003 0.5377401093749999 0.2920832265625 0.6018016125 0.3191352453125 0.6165995984375 0.35555761406249997 0.6185939640625 0.3553493359375 0.6317755796875 0.36501419375 0.6340068890625 0.3692596921875 0.6217573375 0.3896367421875 0.630738015625 0.40498561874999994 0.557308775 0.40580640468749996 0.5468076015625 0.3997165921875 0.5454016578124999 0.3825009578125 0.5435652484375
2 0.382006909375 0.54331755625 0.3958517109375 0.5465138796875 0.40624576250000005 0.544904534375 0.40730217968750004 0.519490825 0.37837556875 0.5128125906250001 0.36186160156249997 0.5218288421875 0.3625632671875 0.532681503125 0.382006909375 0.54331755625