4 1 0.04886350625 0.6820633546875 0.0769295296875 0.6746538453125 0.1100244359375 0.669965884375 0.1994986671875 0.675921246875 0.2080450453125 0.714596415625 0.219818628125 1 0.21971811875 1 0.04886350625
19 0.9827634296875001 1 0.992244575 0.6860424203125 0.8506559593749999 0.576867875 0.747922621875 0.519080665625 0.669156153125 0.491314840625 0.5678009375 0.48360623125 0.38586156875 0.5001834046875 0.24633681875 0.5557645859375 0.077395471875 0.6478413749999999 0.04140715625 0.6486692390625 0 0.63793840625 0 0.9828443874999999 0.49127245156250005 1 0.9827634296875001 1
4 0.9904847406249999 0.6468946546875001 0.9914481109375 0.61930733125 0.9909020375 0.589973503125 0.8461870093750001 0.57032771875 0.8519969578125 0.5830382265625 0.9414101562500001 0.6451809328125 0.9904847406249999 0.6468946546875001
4 0.6564018625 0.4536071671875 0.6521154499999999 0.486811134375 0.7511093375 0.51736791875 0.7569192859375 0.530078425 0.8194654859374999 0.5611864578125 0.8353542359375 0.5617413046874999 0.83107381875 0.55559859375 0.833944096875 0.5181759687499999 0.81556905625 0.50711128125 0.8168777875 0.46963412499999996 0.6908286296874999 0.4527247734375 0.6564018625 0.4536071671875
11 1 0.2942775515625 0.8325862421875 0.28843133593750003 0.8120233484374999 0.5191042203125 0.96127760625 0.5430777234375 0.967305678125 0.5495420375 0.9636009234375 0.566089490625 0.8839619671875001 0.5633084375 0.8757179828125 0.5755281703125 0.9831761406249999 0.5903551453125 0.9971324812500001 0.5908425125 0.9977368609375 0.573535353125 0.983755634375 0.570962515625 0.9827030375 0.556333534375 0.9861169625 0.5481143390625001 0.998536640625 0.550632646875 1 0.5087275203125 1 0.2942775515625
15 0.2562877671875 0.53943525625 0.20475667656250002 0.53763575 0.16154227968749998 0.521534446875 0.107015325 0.51598226875 0.098556946875 0.5156868953125 0.0911999046875 0.521162640625 0.0962100734375 0.5567758546875 0.1232735578125 0.6259916875 0.1244157328125 0.6260315734375 0.27317396718750003 0.548363346875 0.2562877671875 0.53943525625
19 0.18486264375 0.48052646093750007 0.1941939203125 0.5267135875 0.209016490625 0.53830565625 0.2201099921875 0.53869305 0.237626440625 0.5365686968750001 0.2464520828125 0.50769245 0.2441287671875 0.4846806828125 0.2304383703125 0.4737795875 0.20857669531249998 0.4730161609375 0.18486264375 0.48052646093750007
15 0.0045563046875 0.40556840625 0.0005954156250000001 0.4742219953125 0.012758959375 0.5288464375 0.050561640625 0.5656047921875 0.09025470937499999 0.5482294750000001 0.0895656484375 0.523190175 0.094468415625 0.5171075734375 0.19560550937500001 0.5310623750000001 0.1749831765625 0.40526603437500003 0.15951310937500002 0.4005566 0.119892746875 0.415849853125 0.07126663125 0.42040560156250006 0.0045563046875 0.40556840625
15 0 0.639807715625 0.06689809218750001 0.6490382515625 0.07741901718750001 0.6494056500000001 0.094849696875 0.640503340625 0.0803975328125 0.6066450078125001 0 0.5150823078125 0 0.639807715625
15 0.12028434375 0.62849305625 0.11930445468749999 0.6117820109375 0.08901214843750001 0.5466226328125 0.08773268749999999 0.5465779515625 0.04743854375 0.56549573125 0.0471477140625 0.5738239875 0.083170725 0.616774003125 0.09159688593750001 0.6373931328125 0.093236509375 0.637450390625 0.12028434375 0.62849305625
19 0 0.5169091625 0.012590931250000001 0.5267559671875001 0.014393215625 0.5268189046875 0.0144915359375 0.52400338125 0.0008589796875 0.46667450625000007 0 0.491272475 0 0.5169091625