4 0.33108368593750004 0.5860829390625 0.334240965625 0.563331090625 0.346023778125 0.5516245015625 0.38133232499999997 0.5394745703125 0.45926701562499994 0.5449242953125 0.6838243609375 0.5815110812500001 0.6948150015625 0.5363343671874999 0.6839440375 0.51260156875 0.620909546875 0.49566324375 0.312182734375 0.45319075625 0.29592046562499996 0.5961546109375 0.3009926328125 0.6132166546875 0.325786409375 0.6170388265625 0.3362213953125 0.6470064 0.3180955390625 0.8838188671875 0.8296432109375 0.9960781687500001 0.837273453125 0.996611728125 0.8476411125000001 0.9939430234375 0.8918031359375 0.6983869828125 0.887853684375 0.6876687078125 0.74123103125 0.656531646875 0.339999871875 0.59297168125 0.33108368593750004 0.5860829390625
6 0.8047591953125 0.5320139937499999 0.7935576859375 0.5354075484374999 0.716058971875 0.5237230484375 0.70870148125 0.5169433015625 0.7071826796875 0.4938644703125 0.6212037593749999 0.469056453125 0.47497719062500005 0.454654453125 0.42582561874999997 0.44077533750000003 0.3043928265625 0.430195509375 0.236536928125 0.4150084578125 0.22859813281250002 0.41654174531250004 0.23011693437499997 0.4396205765625 0.6133703984375 0.4914813171875 0.68702509375 0.5133391203125 0.6920972609375 0.5304011656250001 0.6886493296875 0.5573095312499999 0.697710840625 0.5621200156249999 0.850754528125 0.5871797640625 0.888236221875 0.589800740625 0.8979103890625 0.5886498546875 0.8961009343749999 0.569727540625 0.863844234375 0.5382340421875 0.8110338625000001 0.5094801343750001 0.7999776796875 0.51079543125 0.8047591953125 0.5320139937499999
6 0.9022997421875001 0.682674665625 0.9036076749999999 0.6639703390625 0.865010765625 0.6111492843749999 0.3845768734375 0.53787408125 0.3425975734375 0.5558228109375001 0.3339321484375 0.5677473890625 0.3324788890625 0.588529971875 0.9022997421875001 0.682674665625
5 0 0.8620740281250001 0.000258240625 0.8596356234375 0.072935546875 0.8730713984375 0.1113215890625 0.8841092937499999 0.1123645203125 0.9363927390625 0.1240433859375 0.9420388765625001 0.12895489531249998 0.9423823234375 0.1358902546875 0.935949396875 0.1394977546875 0.8171616828125 0.18114650937500001 0.826339309375 0.181066725 0.8722789843750001 0.1997710515625 0.87358691875 0.201979425 0.6628108593750001 0.2141070234375 0.5341768265625 0.20348681875 0.5292573484374999 0.20762148906250003 0.514927528125 0.21697365156249998 0.5155814953125 0.21828158593749997 0.49687716875000004 0.2059573609375 0.493926953125 0.1854036890625 0.49666654218749995 0.1751795703125 0.5084821265625 0.1659727328125 0.5057499015625 0.1649554515625 0.5202977093750001 0.156435353125 0.5301440296875 0.142011021875 0.5124280171875 0.13203766249999999 0.543056921875 0.1187360484375 0.531684678125 0.1256974546875 0.5217293656249999 0.0923835796875 0.5277535140625 0.079332725 0.5351945921875 0.08186880937499999 0.543725615625 0.0679459984375 0.56363624375 0.035213428125 0.561347359375 0.0309334328125 0.5777554375 0.001027596875 0.5798410578125 0.0009221640624999999 0.5589494796875 0.01397301875 0.5515084031249999 0 0.552218990625 0 0.8620740281250001
21 0 0.5977988578125 0.1356873796875 0.5580616046875 0.14632182656249998 0.4731799921875 0.0023805828125 0.4484956953125 0 0.4825396171875 0 0.5977988578125
4 0.21568243125 0.0860597125 0.052310231250000006 0.0704587734375 0.042348279687500004 0.2577200234375 0.1702593203125 0.27645390625 0.1950279234375 0.2781858953125 0.20274841875 0.2710247140625 0.21568243125 0.0860597125
18 0.10475285625 0.41806269062499996 0.1761621203125 0.42723295468750005 0.22194554531250002 0.4220807609375 0.20878925625 0.4086302609375 0.18131407187499998 0.398355325 0.0131204640625 0.38450566249999996 0.00586840625 0.3986174921875 0.0132258984375 0.405397240625 0.0815177734375 0.414349515625 0.1023620984375 0.4074534109375 0.10475285625 0.41806269062499996
4 0.45856102343750005 0.1966307859375 0.44855917968750003 0.40686187343749997 0.4707769796875 0.42512285624999996 0.4903532609375 0.41396124062500006 0.5104709546875 0.41745642812500006 0.48237457499999997 0.4384643625 0.488173371875 0.44513511718750004 0.53179026875 0.45836615937499997 0.5516636046875 0.45975583750000004 0.5592919843749999 0.4584618984375 0.575725228125 0.3802510375 0.5926086921875 0.2060043125 0.580865771875 0.1947410640625 0.468639815625 0.1868934609375 0.45856102343750005 0.1966307859375
13 0.2185398296875 0.5827815234375 0.23807622031250003 0.5945897437500001 0.2741278453125 0.601679140625 0.2878667828125 0.6026398609375 0.301666365625 0.53638378125 0.3040713640625 0.45719197187500005 0.228421996875 0.44145994999999993 0.21834320468750001 0.451197275 0.22541004375 0.462133540625 0.2185398296875 0.5827815234375
20 0.2538460515625 0.413869359375 0.22180021875000003 0.42415901875 0.233833790625 0.43126575 0.3494677859375 0.435174825 0.342255621875 0.42631682031249996 0.2538460515625 0.413869359375
10 0.7030784453125001 0.48913958125 0.710234525 0.4502210421875 0.7644981578125 0.458192365625 0.7659514171875 0.4374097828125 0.72912406875 0.42648088125 0.7229291859375 0.40307506562500006 0.6359329828125 0.39281485625 0.6296839656250001 0.48217997031250004 0.6616074640625 0.486239646875 0.7030784453125001 0.48913958125