19 0.88366349375 1 0.9349735484374999 0.8085082703124999 0.8381694328125 0.7351195265625 0.915043659375 0.64140616875 0.83106435625 0.61674715625 0.8135956265625 0.6638302328125001 0.803239753125 0.7387010984375 0.7769347828125001 0.74028000625 0.7324129359375 0.7132526343750001 0.6264423109374999 0.674073765625 0.655879346875 0.60647250625 0.668389453125 0.5537471187499999 0.59530004375 0.5125946171875 0.58818459375 0.5150016890625 0.575137875 0.5395445609375 0.56079343125 0.6111898671875 0.5659661812500001 0.6341441546875 0.5254199390625 0.7613166453125 0.59161061875 0.7919933375 0.603467971875 0.8081114578124999 0.5343515734375 0.951353678125 0.6344333203125 1 0.88366349375 1
15 0.83589958125 0.7254796156250001 0.8336343968750001 0.7399704375 0.929402003125 0.804319346875 0.93564755625 0.8059928375000001 0.9943873468750001 0.586772953125 0.983822534375 0.5839421203125 0.9629070328125 0.5955924312499999 0.9084601593749999 0.6478650218750001 0.83589958125 0.7254796156250001
19 0 0.57278856875 0.07229120781250001 0.56886073125 0.26619748906249996 0.655731375 0.2855653828125 0.6609209875000001 0.2996475328125 0.66213305625 0.3331840921875 0.56112105625 0.30342975625 0.5574620578125 0.176977071875 0.504167734375 0.2491093953125 0.391929184375 0.25557987187500003 0.3677810390625 0.2419965390625 0.3641413953125 0.0797498890625 0.3357653140625 0.0433109515625 0.3389424828125 0 0.5005811515625 0 0.57278856875
15 0.38120197031249997 0.442286259375 0.4102055671875 0.40045076562500004 0.39877905937499997 0.388761740625 0.2746973265625 0.3447300140625 0.2598188625 0.3579979453125 0.23102939375 0.417145415625 0.1730222015625 0.500816403125 0.32362303125 0.560581203125 0.334943771875 0.5485168078125 0.38120197031249997 0.442286259375
15 0.379607678125 0.5689769671875 0.43509303125 0.5845182296875 0.5574313375 0.6172986796875 0.569348665625 0.55511315 0.5993249078125 0.485499546875 0.601159246875 0.466579628125 0.4434429671875 0.4092218984375 0.4322305875 0.41484485312499997 0.379607678125 0.5689769671875
15 0.6271308375 0.659430078125 0.6258357046875 0.6763376531249999 0.6625971296875 0.684031021875 0.764309815625 0.7325835046875 0.7991243265625 0.741912025 0.8190286499999999 0.6375168796875 0.8438295484375 0.5751438484375 0.6841731640625001 0.5129526203125 0.6765185078125 0.5173720375 0.6452445390625 0.6340880765625 0.6271308375 0.659430078125
14 0.9370655796875 0.3781081546875 0.9601404984374999 0.328213603125 0.9503316109375 0.310487540625 0.9352390203125 0.30644349375 0.9184204499999999 0.3148779234375 0.8986891281249999 0.3462569625 0.8932970656249999 0.3663804171875 0.8973914031250001 0.393359396875 0.851675003125 0.467382740625 0.8220212468750001 0.5478668812499999 0.82029526875 0.5603453593750001 0.8427174359375 0.5792943125 0.840197996875 0.6121848265625001 0.852908771875 0.61559066875 0.8693422999999999 0.6187808046875001 0.876243621875 0.599061753125 0.8931705515624999 0.58418588125 0.9310207625 0.46707511718749994 0.9408348375 0.4244114578125 0.9370655796875 0.3781081546875
21 0.508282253125 1 0.5992963812500001 0.817643009375 0.5981122015625 0.79791428125 0.5213567078125 0.76440675625 0.5121927937499999 0.76842176875 0.5031346453125 0.7961902015625 0.488147821875 0.8158995718750001 0.35123608906250003 0.7835278359375 0.2760956203125 0.7741781328124999 0.27566736718749996 0.739554178125 0.28752990624999997 0.6952825781249999 0.283327209375 0.674745040625 0.261227528125 0.6666666234374999 0.23934456875 0.6457053234375 0.185550446875 0.6291344078125001 0.161619021875 0.6097810484374999 0.0572660171875 0.5645651421875 0 0.57244388125 0 0.882045875 0.0023747515625 0.8826821875 0.0026926296875 0.834643196875 0.0119649046875 0.8241867421875 0.300235346875 0.9624936937499999 0.3740134171875 0.9822624687499999 0.44619230468750004 1 0.508282253125 1
2 0.2287434609375 0.673195121875 0.21602441562500002 0.6482188109375 0.1718250546875 0.6320619765625 0.1455226765625 0.6034460234375 0.12547146250000002 0.5937596640625 0.0427821046875 0.6125828 0.031461365625 0.6246471953125 0.0271477140625 0.6407459578125 0.05097078125 0.6665407578125 0.098727865625 0.68149405625 0.1325765390625 0.712132034375 0.1709555828125 0.7137883671874999 0.22529150312500001 0.698152078125 0.2287434609375 0.673195121875
9 0.563595228125 0.624881559375 0.555187240625 0.61400134375 0.4947085171875 0.60426659375 0.38011318437499997 0.5670903921875 0.3367755171875 0.55979175 0.32599398281249997 0.5698437984375 0.28178165625 0.7046612671875 0.267223084375 0.7589945953125 0.26840726406250004 0.7787233234375 0.48735819375 0.830920571875 0.5070895156249999 0.7995415312499999 0.51215909375 0.768547540625 0.5632701484375 0.6442058828125 0.563595228125 0.624881559375
19 0.347035996875 0.34038802343749996 0.301324784375 0.3540216453125 0.40718704843750003 0.39964195625 0.402873396875 0.4157407203125 0.3670768390625 0.470853821875 0.3353746171875 0.552945903125 0.37806471875000003 0.5686983328124999 0.4114903265625 0.504322634375 0.43769471718749997 0.41860058906250003 0.445349371875 0.41418117031249996 0.49709502812500006 0.4323600296875 0.5017311656250001 0.42713180156249997 0.4421193203125 0.3658655234375 0.385415040625 0.3420443546875 0.347035996875 0.34038802343749996