15 0.1018250015625 0.506937746875 0.18758216249999998 0.5217068296875 0.2546233015625 0.532325103125 0.2807955421875 0.46567691875 0.3212845765625 0.3898269609375 0.19458362812500002 0.35077578125 0.1821512609375 0.35935320000000004 0.15100806718749998 0.42613688125 0.1018250015625 0.506937746875
19 0.9270403437500001 1 0.9641664343749999 0.765595084375 0.8842906328125 0.8204416765625 0.8521217515625 0.8237838343749999 0.8236432359375 0.753884909375 0.8291836234375 0.7189042796875 0.7529310687499999 0.670968921875 0.760819909375 0.6511253671875 0.8223490796874999 0.5722799328125 0.7406424015625 0.5487923546875 0.723081815625 0.57975986875 0.713371778125 0.671031253125 0.694766359375 0.6786309546875 0.647663278125 0.65640544375 0.5428076546875 0.6292514328125 0.5413506546875 0.61847415625 0.5716023953125 0.5473306765625 0.5762513296875 0.50799025 0.50015215625 0.4790629078125 0.48096204374999996 0.520318840625 0.4654048609375 0.608554825 0.4450165359375 0.607434934375 0.3692432671875 0.5764499062499999 0.3580282578125 0.5873294375 0.3411674546875 0.683796159375 0.344819528125 0.6907024984375 0.4413070265625 0.7207497328125 0.460957278125 0.736517840625 0.41016383125000005 0.787533415625 0.396475815625 0.8739561453125001 0.5606943625 0.9358239484374999 0.5411783453125001 0.9791375656250001 0.536864103125 1 0.9270403437500001 1
15 0.567497415625 0.55327208125 0.5375715796875 0.6223578765625 0.539354484375 0.6310774718750001 0.635602340625 0.6526495406249999 0.6914923187500001 0.6774532421874999 0.6968937359375 0.6783087421875 0.7145483984375 0.6735905765625 0.7258016984375 0.5825636203125 0.7492285765625 0.5145577953125 0.5901191046875 0.470373609375 0.5804473578125 0.48149756874999994 0.567497415625 0.55327208125
15 0.341281103125 0.40340877812500003 0.3325679265625 0.44843339843749996 0.3021436609375 0.540642575 0.36046174999999997 0.55198855625 0.3639412984375 0.57996059375 0.4306742609375 0.6029222078124999 0.45770890781249995 0.6072040750000001 0.468796921875 0.6071146046875 0.4796380546875 0.52867818125 0.507129175 0.45498816093750005 0.5088449640625 0.43416689062499997 0.354930828125 0.39713347187500003 0.341281103125 0.40340877812500003
15 0.7621439 0.6427660281249999 0.7495390078125 0.67240914375 0.8288780859375 0.720833359375 0.8209029828125001 0.7512097625 0.837294184375 0.7875547109375 0.9190871250000001 0.8005094406250001 0.96516451875 0.759293428125 0.9993845578125 0.543236603125 0.8828346406250001 0.51001179375 0.805872840625 0.586412940625 0.7845739171874999 0.621006965625 0.7621439 0.6427660281249999
19 0.342119796875 0.3481724296875 0.288431496875 0.3375597359375 0.23985226875 0.34463065937500004 0.220269134375 0.3584034140625 0.23285488124999998 0.368834009375 0.317973990625 0.3907527609375 0.275529525 0.4789488234375 0.2593396765625 0.531226465625 0.290157596875 0.539535159375 0.2976327921875 0.5407191140625 0.3205237953125 0.4945124265625 0.34753563125000003 0.40387207500000005 0.3546863984375 0.3986767390625 0.416091015625 0.41051157656250004 0.38361537343749996 0.37583770625 0.342119796875 0.3481724296875
19 0 0.5810268515625 0.110180753125 0.612276140625 0.11661906562499999 0.6132958687500001 0.13116258281249998 0.5214717203125 0.10468746874999998 0.5088412640625 0.10664290000000001 0.49649515937500005 0.1664754265625 0.39839728124999996 0.16973447656250001 0.377820440625 0.157714278125 0.37380732656250004 0.015321910937499999 0.3639104046875 0 0.4606491453125 0 0.5810268515625
21 0 0.829699978125 0.198700953125 0.9140843015625 0.21802529843750001 0.93191009375 0.21515416406250001 0.9595354374999999 0.23699478125 0.9629946515625001 0.2477594640625 0.9239637078125 0.288143090625 0.8987203109375 0.3629098171875 0.8261901046875 0.38492766875 0.817021575 0.3830393546875 0.8589085421875 0.3603314625 0.9825292625 0.37262313125 0.9844760718750001 0.388474334375 0.8745344749999999 0.4073576859375 0.7952625125 0.45473869999999994 0.745815765625 0.4511728890625 0.7283765765625 0.3352747828125 0.6910363984375001 0.31308440625 0.7212706265625 0.30634580625 0.71387543125 0.2933478921875 0.7160353671874999 0.2836090296875 0.697618465625 0.1849264578125 0.67144216875 0.1620171546875 0.6762509 0.1376508515625 0.6702823546875 0.126023675 0.6937524203125001 0.11798145468750001 0.694587959375 0.122390746875 0.64677236875 0.1154125046875 0.63090200625 0.0817866234375 0.6234668890624999 0.0692008765625 0.61303629375 0.0373579 0.6143207687500001 0.02574986875 0.59771711875 0 0.5889181328124999 0 0.829699978125
9 0.2808742265625 0.7579595875 0.3123824953125 0.76295000625 0.328502678125 0.7537701984375 0.361332834375 0.5564769593750001 0.1434931046875 0.5135373265625 0.1295174734375 0.521870315625 0.1037518234375 0.7245010671875 0.2808742265625 0.7579595875
2 0 0.6815066812499999 0.0076764921875 0.6818633000000001 0.07355751875 0.675423409375 0.0915973890625 0.6614062265625 0.07098856875000001 0.6117374578125 0.040123307812499995 0.6068488796875 0 0.5827397000000001 0 0.6815066812499999
14 0.87408295625 0.2955861265625 0.8792111765625 0.27319603125 0.8667116921875 0.2522325859375 0.8516049671875001 0.2477306125 0.83421690625 0.257632428125 0.817547771875 0.2929597390625 0.81639753125 0.320198490625 0.8265485625 0.32602485937500003 0.8264623 0.33655770937499996 0.7852351921875 0.42705588437499997 0.7638308609375 0.5122564703125 0.7736559875 0.5201405234375 0.7677896953125 0.5571788375 0.8168482062500001 0.5670582453125 0.8244974046875001 0.538739525 0.8401025593749999 0.5201181171875 0.8668938984375 0.3809288875 0.86408530625 0.30876777187500004 0.87408295625 0.2955861265625